1node1	2node2	3port	4operation	5startwave	6bandwidth
1	2	4	2	62	1
3	2	6	2	238	2
1	3	2	2	154	2
0	2	0	1	234	2
3	1	2	2	13	1
3	1	7	2	13	1
2	1	4	2	235	1
3	2	2	2	95	1
1	2	2	2	301	1
0	3	0	1	145	1
2	1	2	2	56	2
3	2	6	2	299	2
0	1	0	1	2	1
3	2	4	2	111	1
2	3	5	2	231	2
1	3	6	2	266	1
2	0	6	3	170	1
0	2	0	1	211	1
1	2	4	2	74	1
2	1	2	2	191	1
1	3	5	2	44	1
0	2	0	1	252	1
0	1	0	1	202	1
1	0	7	3	48	1
3	0	4	3	78	1
2	1	4	2	31	1
1	2	3	2	210	2
0	3	0	1	294	1
0	2	0	1	155	1
3	2	1	2	14	2
2	0	2	3	167	1
2	0	1	3	250	1
0	1	0	1	148	2
0	3	0	1	78	1
3	2	6	2	289	2
0	2	0	1	80	1
1	2	7	2	134	2
2	3	4	2	16	2
1	2	6	2	204	2
3	2	1	2	150	2
0	2	0	1	254	2
1	3	5	2	59	2
2	0	6	3	131	2
3	2	5	2	159	1
0	2	0	1	103	1
2	0	3	3	273	1
0	2	0	1	72	2
0	2	0	1	110	2
2	0	1	3	198	2
0	3	0	1	20	1
2	1	3	2	99	2
3	1	2	2	318	2
2	3	2	2	2	1
1	3	3	2	79	2
0	1	0	1	185	1
2	1	1	2	86	1
2	1	7	2	91	1
3	2	2	2	72	1
3	1	3	2	156	1
3	2	2	2	34	2
0	3	0	1	1	1
2	3	4	2	282	1
2	1	3	2	259	2
3	1	6	2	173	2
3	1	1	2	286	1
2	3	1	2	70	2
3	2	5	2	188	1
1	0	6	3	315	2
0	2	0	1	52	1
3	1	3	2	255	1
1	2	6	2	196	2
3	0	5	3	79	1
2	3	7	2	117	2
0	2	0	1	316	2
2	0	7	3	48	2
1	3	1	2	196	2
1	3	4	2	232	2
2	1	5	2	193	1
1	2	7	2	254	1
0	3	0	1	146	2
0	1	0	1	277	2
2	0	3	3	119	2
1	3	4	2	241	1
1	3	7	2	30	1
1	2	1	2	141	1
0	1	0	1	96	2
2	0	7	3	19	2
3	0	5	3	217	1
2	0	7	3	151	1
2	1	6	2	265	2
0	3	0	1	110	2
2	1	1	2	48	2
2	1	6	2	193	2
0	3	0	1	42	2
1	2	1	2	106	2
0	3	0	1	79	1
1	0	6	3	266	2
2	1	6	2	152	1
0	1	0	1	316	2
1	3	2	2	265	1
1	2	7	2	209	1
1	0	7	3	253	1
3	1	7	2	230	1
2	0	6	3	140	2
0	1	0	1	176	1
3	0	1	3	315	2
3	2	1	2	24	1
0	1	0	1	144	1
1	3	1	2	302	1
2	0	7	3	167	2
1	3	6	2	253	1
1	3	3	2	319	1
2	1	6	2	109	2
0	1	0	1	141	2
1	0	7	3	47	1
3	1	3	2	56	1
2	3	4	2	161	2
3	2	4	2	293	2
0	3	0	1	265	2
3	1	1	2	139	2
3	0	4	3	314	2
1	3	6	2	213	2
1	2	3	2	16	2
3	2	1	2	88	2
2	1	1	2	302	1
1	0	4	3	224	1
1	2	1	2	193	2
2	1	3	2	63	1
1	2	2	2	243	2
1	3	4	2	288	1
3	2	6	2	254	2
3	1	1	2	265	1
0	1	0	1	50	1
1	2	5	2	299	2
1	0	1	3	247	1
1	3	6	2	280	1
0	1	0	1	213	2
0	3	0	1	47	1
2	3	5	2	153	1
0	2	0	1	135	1
2	3	7	2	17	2
2	3	7	2	108	2
2	3	4	2	222	2
1	0	5	3	117	1
0	3	0	1	176	2
1	3	7	2	209	2
2	0	2	3	75	1
0	1	0	1	91	1
3	1	4	2	295	2
1	2	2	2	30	2
1	2	7	2	30	2
2	0	3	3	105	2
0	2	0	1	60	1
3	2	6	2	236	2
1	3	1	2	164	2
3	0	4	3	205	1
0	2	0	1	49	1
2	0	1	3	263	2
3	1	4	2	164	1
1	0	4	3	148	2
2	3	1	2	308	2
3	1	5	2	92	2
1	2	3	2	169	1
0	1	0	1	154	1
2	3	3	2	147	1
1	0	4	3	273	2
0	3	0	1	136	2
3	0	1	3	123	2
3	1	2	2	292	1
2	3	3	2	19	2
2	1	1	2	254	2
3	1	7	2	290	1
0	3	0	1	75	1
2	3	1	2	257	2
3	0	1	3	185	1
1	2	1	2	134	2
3	1	2	2	63	1
2	3	7	2	274	1
2	0	6	3	57	2
0	1	0	1	178	1
0	3	0	1	62	1
3	0	5	3	46	1
0	1	0	1	298	1
3	0	5	3	283	2
3	1	7	2	262	2
1	0	7	3	110	1
2	0	3	3	207	2
1	3	3	2	309	1
0	2	0	1	135	1
0	1	0	1	195	2
1	2	2	2	208	2
2	0	7	3	305	2
2	3	2	2	192	1
3	1	6	2	164	1
2	1	2	2	267	2
0	1	0	1	75	1
0	2	0	1	106	1
0	2	0	1	237	1
1	3	4	2	179	1
0	1	0	1	240	1
2	0	1	3	18	1
2	0	6	3	130	1
1	2	2	2	109	2
3	0	1	3	102	1
1	2	5	2	187	2
1	3	6	2	155	1
2	1	3	2	2	2
0	3	0	1	91	2
3	1	3	2	203	1
1	3	5	2	296	1
3	0	3	3	130	2
0	1	0	1	146	1
3	0	3	3	218	1
3	0	5	3	286	2
0	2	0	1	158	1
0	3	0	1	214	1
0	2	0	1	293	2
0	3	0	1	18	2
3	1	2	2	142	2
3	0	2	3	102	2
0	2	0	1	189	2
0	1	0	1	148	2
0	1	0	1	250	2
2	1	3	2	27	2
3	2	4	2	147	1
2	0	3	3	89	2
1	0	5	3	299	2
3	1	2	2	177	2
2	3	6	2	187	2
1	3	3	2	72	2
2	3	5	2	179	1
3	2	2	2	130	1
3	0	5	3	285	2
3	0	3	3	268	2
1	3	5	2	147	1
2	3	3	2	216	2
3	2	3	2	298	1
1	2	7	2	105	1
0	3	0	1	269	1
1	3	7	2	43	1
2	0	7	3	282	2
0	1	0	1	26	2
3	2	2	2	226	2
3	1	5	2	230	2
2	0	1	3	225	1
3	0	5	3	105	1
2	1	5	2	41	2
3	2	7	2	282	2
0	2	0	1	162	1
1	0	5	3	164	2
3	1	5	2	24	2
0	3	0	1	283	2
3	2	5	2	182	2
2	1	5	2	191	2
0	3	0	1	62	1
1	3	4	2	180	2
0	2	0	1	159	1
3	2	4	2	139	2
0	1	0	1	178	1
1	3	2	2	314	1
0	3	0	1	226	1
2	3	1	2	16	2
3	1	7	2	139	1
2	1	2	2	121	2
3	2	2	2	128	2
2	3	2	2	43	2
0	1	0	1	93	1
3	0	3	3	292	2
3	0	5	3	53	2
1	2	5	2	246	1
1	2	4	2	267	1
0	1	0	1	218	2
0	1	0	1	138	1
3	2	6	2	290	1
1	3	1	2	201	1
1	0	1	3	236	2
0	3	0	1	159	1
0	1	0	1	289	2
2	3	7	2	235	1
3	1	1	2	212	1
0	1	0	1	239	2
0	3	0	1	24	1
3	2	6	2	187	2
1	2	6	2	253	2
0	1	0	1	288	1
2	1	6	2	124	1
0	3	0	1	99	1
0	3	0	1	276	1
2	1	6	2	282	2
0	1	0	1	110	1
2	0	7	3	9	2
3	2	3	2	183	1
2	1	1	2	251	2
3	2	3	2	151	1
0	3	0	1	183	1
1	2	5	2	292	1
3	2	1	2	27	2
3	0	3	3	157	1
2	3	1	2	25	1
1	0	4	3	275	2
3	0	4	3	21	1
3	2	5	2	257	1
1	3	2	2	286	2
2	1	3	2	59	1
2	0	6	3	279	2
3	2	4	2	215	2
0	2	0	1	227	1
3	1	6	2	107	1
0	1	0	1	279	2
0	1	0	1	253	1
1	3	3	2	196	2
2	0	7	3	218	2
0	1	0	1	93	2
3	1	4	2	284	2
1	2	3	2	228	2
0	3	0	1	199	2
3	2	7	2	74	1
2	3	5	2	23	2
0	1	0	1	259	1
3	0	4	3	48	2
1	2	6	2	153	2
3	2	3	2	211	1
3	1	1	2	255	2
2	1	4	2	269	1
2	1	5	2	174	2
2	1	3	2	235	2
3	1	4	2	154	1
1	3	2	2	245	1
1	0	5	3	25	2
0	1	0	1	61	1
1	3	3	2	61	2
1	0	1	3	263	1
1	2	1	2	210	1
1	3	5	2	53	2
2	3	5	2	253	2
2	3	1	2	53	1
2	3	5	2	196	1
0	2	0	1	260	2
0	2	0	1	24	2
1	0	4	3	25	1
2	0	6	3	94	1
0	2	0	1	101	2
1	0	7	3	60	2
3	1	2	2	21	1
2	1	1	2	138	1
0	2	0	1	144	2
2	1	4	2	134	2
2	0	3	3	202	1
0	3	0	1	3	1
3	1	5	2	174	1
3	0	2	3	6	1
2	3	5	2	87	2
0	1	0	1	297	2
2	3	3	2	69	2
2	1	4	2	298	1
3	2	3	2	265	2
0	3	0	1	262	1
1	2	3	2	236	1
2	3	4	2	203	1
1	2	4	2	225	1
3	0	1	3	246	1
3	1	5	2	91	1
2	0	6	3	18	1
0	1	0	1	72	2
0	3	0	1	23	2
2	1	4	2	101	2
0	2	0	1	115	2
1	0	5	3	81	1
0	1	0	1	121	1
3	2	3	2	298	2
2	0	6	3	315	2
2	1	4	2	224	2
2	0	3	3	156	1
0	3	0	1	268	2
3	1	7	2	232	1
2	0	3	3	211	1
1	0	7	3	256	2
2	1	6	2	275	1
1	3	6	2	194	1
1	2	4	2	164	2
0	3	0	1	78	1
2	3	4	2	101	2
1	2	6	2	166	2
3	0	1	3	1	2
0	3	0	1	122	2
0	3	0	1	68	1
2	3	6	2	148	2
1	2	4	2	176	2
3	1	2	2	36	2
3	2	7	2	138	2
1	2	2	2	19	2
1	3	4	2	141	2
0	2	0	1	179	2
1	2	7	2	22	1
0	3	0	1	109	2
3	2	6	2	21	2
1	2	1	2	226	2
1	3	3	2	60	1
0	3	0	1	291	2
3	2	4	2	281	1
2	0	6	3	80	2
1	0	4	3	234	1
1	0	6	3	214	2
1	0	1	3	216	2
2	3	2	2	183	2
1	0	5	3	293	1
0	2	0	1	208	1
1	3	7	2	265	1
3	2	3	2	19	2
3	0	2	3	40	2
3	1	6	2	216	2
1	0	7	3	167	2
1	0	5	3	39	2
2	3	6	2	13	2
0	3	0	1	304	1
2	1	6	2	172	2
2	0	6	3	240	2
2	3	3	2	130	1
3	2	3	2	179	1
1	0	4	3	237	1
3	0	5	3	211	2
2	3	5	2	160	2
2	3	7	2	54	1
2	3	5	2	298	1
0	3	0	1	53	1
0	3	0	1	48	1
3	0	4	3	6	1
3	1	3	2	278	1
1	0	6	3	25	1
0	2	0	1	13	2
1	2	5	2	162	1
2	1	1	2	147	2
2	0	2	3	183	2
0	2	0	1	94	2
3	1	5	2	34	1
0	3	0	1	125	1
0	1	0	1	236	1
0	2	0	1	276	2
3	2	3	2	37	1
1	0	5	3	172	1
2	1	5	2	35	2
2	1	4	2	100	1
0	2	0	1	317	2
1	0	1	3	20	1
3	0	5	3	75	2
3	1	5	2	293	2
0	1	0	1	103	2
3	2	7	2	7	1
2	0	7	3	152	1
1	2	5	2	174	1
2	3	5	2	255	1
3	1	3	2	159	2
0	1	0	1	51	1
2	1	5	2	3	1
3	1	4	2	11	1
3	1	1	2	52	1
3	0	4	3	279	2
3	0	3	3	254	1
1	3	6	2	297	1
3	0	5	3	42	1
0	1	0	1	238	2
0	1	0	1	256	1
3	2	3	2	202	2
2	0	3	3	103	2
2	1	5	2	141	1
1	3	7	2	143	2
2	3	1	2	253	1
3	2	4	2	56	2
1	2	6	2	260	1
2	3	3	2	197	1
2	3	4	2	79	2
0	3	0	1	303	1
3	1	6	2	273	1
1	0	1	3	232	2
3	0	4	3	314	1
3	0	2	3	130	2
1	2	4	2	283	1
3	1	1	2	201	2
2	1	5	2	107	1
3	1	4	2	134	2
1	0	1	3	237	1
3	1	7	2	312	1
1	0	1	3	269	1
2	3	7	2	233	2
0	1	0	1	244	1
1	0	7	3	132	2
1	0	7	3	24	1
3	2	6	2	289	1
0	1	0	1	287	1
3	2	1	2	111	1
1	3	2	2	126	2
0	3	0	1	293	1
2	3	4	2	204	1
3	2	5	2	186	2
3	1	4	2	7	1
1	0	1	3	135	2
3	2	5	2	96	1
2	1	7	2	118	2
3	2	6	2	78	2
3	1	7	2	53	2
0	2	0	1	146	2
2	1	5	2	226	1
2	0	7	3	90	1
1	2	6	2	49	2
2	3	4	2	41	2
3	1	6	2	12	1
3	0	1	3	67	1
0	3	0	1	161	1
3	1	1	2	88	1
1	3	1	2	169	2
2	3	5	2	59	1
0	3	0	1	199	1
0	2	0	1	194	2
2	1	7	2	308	1
3	1	6	2	117	2
0	3	0	1	179	2
2	1	5	2	71	2
2	3	6	2	102	1
1	2	3	2	287	1
0	3	0	1	150	2
0	1	0	1	9	2
3	0	1	3	270	2
0	3	0	1	38	1
1	3	1	2	196	2
1	3	4	2	65	1
1	0	5	3	318	1
0	2	0	1	104	1
0	1	0	1	180	2
2	3	5	2	255	2
1	2	6	2	67	2
3	2	2	2	225	1
3	2	1	2	92	2
2	1	5	2	90	1
2	3	1	2	64	1
0	3	0	1	98	2
1	0	6	3	99	2
2	0	1	3	52	1
0	1	0	1	36	2
2	3	1	2	296	1
2	1	6	2	121	2
3	0	2	3	242	1
3	1	5	2	134	2
3	1	2	2	18	1
1	3	7	2	229	2
2	0	3	3	177	1
1	0	1	3	291	2
3	0	5	3	26	2
3	2	4	2	210	1
0	1	0	1	200	1
1	3	4	2	258	1
3	0	1	3	302	1
1	0	5	3	156	2
0	1	0	1	123	2
3	1	5	2	318	1
2	3	3	2	253	1
3	0	2	3	154	1
2	0	7	3	29	1
0	2	0	1	172	1
0	3	0	1	22	2
2	3	3	2	130	1
3	0	3	3	70	2
1	3	4	2	44	2
0	3	0	1	235	2
2	1	1	2	34	2
0	3	0	1	131	1
2	1	1	2	164	2
1	0	1	3	272	1
0	2	0	1	306	1
3	1	2	2	200	2
1	3	2	2	138	2
3	1	3	2	275	2
0	2	0	1	271	2
2	3	1	2	17	1
2	1	4	2	115	1
2	1	2	2	90	1
2	3	3	2	234	1
2	0	6	3	302	2
2	1	7	2	12	1
0	1	0	1	170	2
2	0	3	3	77	2
0	1	0	1	47	2
1	3	2	2	19	2
2	3	7	2	102	2
0	2	0	1	125	1
1	3	3	2	165	1
2	0	6	3	176	2
3	2	6	2	58	2
3	0	3	3	135	1
3	0	1	3	146	2
1	2	6	2	178	2
2	0	2	3	44	2
3	0	2	3	234	1
1	2	4	2	260	2
3	0	5	3	208	2
3	1	7	2	90	2
1	0	6	3	307	2
0	3	0	1	175	2
1	2	4	2	98	1
2	0	3	3	6	2
1	3	5	2	136	1
1	2	7	2	172	1
2	3	5	2	23	2
2	1	4	2	222	1
2	0	2	3	160	1
2	3	3	2	63	2
3	1	7	2	241	2
1	0	4	3	156	1
3	2	2	2	243	1
3	0	5	3	47	2
0	1	0	1	219	1
3	0	2	3	48	2
3	2	7	2	50	2
1	3	6	2	101	2
1	3	3	2	199	2
2	1	1	2	56	2
1	3	3	2	17	2
3	1	3	2	21	2
2	0	6	3	173	1
1	3	4	2	155	2
2	3	1	2	232	1
0	2	0	1	202	1
0	2	0	1	89	2
0	2	0	1	254	1
0	1	0	1	242	2
1	2	2	2	155	1
2	1	7	2	142	1
3	1	4	2	155	1
2	1	1	2	230	1
1	0	7	3	98	2
3	2	2	2	104	2
1	2	3	2	225	1
1	3	2	2	296	2
3	0	4	3	265	1
2	1	7	2	178	1
2	1	1	2	101	1
1	3	1	2	199	2
1	2	1	2	8	2
2	0	1	3	218	1
0	1	0	1	7	2
3	1	6	2	199	2
0	2	0	1	226	2
0	1	0	1	56	1
1	3	1	2	208	2
0	3	0	1	149	1
3	0	1	3	299	1
0	3	0	1	252	2
1	3	5	2	82	2
0	1	0	1	17	2
0	1	0	1	52	2
1	0	6	3	270	1
1	2	5	2	222	2
0	3	0	1	314	1
0	1	0	1	54	2
0	2	0	1	305	1
1	2	7	2	197	1
0	3	0	1	64	1
3	0	3	3	200	1
2	0	2	3	111	1
2	1	2	2	47	1
1	2	3	2	16	1
2	3	3	2	305	2
3	2	3	2	156	1
0	1	0	1	303	1
2	3	1	2	163	1
0	2	0	1	229	2
3	0	5	3	221	2
0	2	0	1	114	2
0	1	0	1	225	2
0	2	0	1	133	1
3	0	3	3	166	1
2	3	5	2	57	2
0	3	0	1	314	1
0	3	0	1	202	1
0	2	0	1	306	2
2	3	4	2	280	1
1	2	1	2	160	2
2	3	2	2	120	1
0	3	0	1	99	2
2	3	6	2	224	1
0	3	0	1	299	2
1	3	3	2	32	2
1	3	4	2	316	2
3	1	1	2	52	1
1	2	2	2	215	1
2	0	7	3	137	1
3	1	7	2	91	1
0	2	0	1	162	2
3	0	1	3	110	2
0	3	0	1	138	1
1	2	3	2	33	1
3	2	7	2	259	2
2	1	5	2	296	1
3	0	4	3	200	1
3	1	7	2	121	2
2	0	2	3	136	2
3	2	2	2	90	1
3	0	4	3	243	1
3	2	3	2	142	2
0	1	0	1	39	1
3	2	1	2	300	2
3	2	4	2	145	2
1	3	5	2	169	1
2	0	2	3	62	1
0	1	0	1	233	1
0	2	0	1	120	2
0	2	0	1	111	1
0	3	0	1	22	2
3	2	5	2	213	1
0	3	0	1	197	2
1	3	3	2	298	2
3	1	1	2	277	2
1	0	6	3	157	1
1	0	5	3	274	1
3	0	3	3	64	1
3	0	2	3	190	1
1	3	4	2	154	2
0	1	0	1	271	2
0	3	0	1	6	1
3	0	1	3	36	2
1	0	1	3	289	1
2	1	4	2	180	2
1	2	1	2	176	2
1	2	5	2	291	2
1	3	1	2	222	1
1	3	2	2	19	2
2	3	7	2	244	2
3	1	7	2	21	1
1	3	7	2	94	1
0	1	0	1	67	1
1	3	3	2	120	1
1	2	6	2	184	1
2	0	7	3	207	2
2	1	7	2	222	1
2	1	5	2	183	2
2	0	7	3	313	2
0	1	0	1	248	2
0	2	0	1	204	2
1	2	7	2	50	1
2	1	3	2	226	2
3	1	3	2	278	2
2	0	7	3	261	2
0	3	0	1	34	1
2	1	2	2	204	2
3	0	2	3	131	2
1	2	5	2	201	1
0	3	0	1	130	2
1	3	6	2	252	2
1	3	5	2	168	2
3	1	2	2	27	1
3	0	2	3	154	2
3	1	2	2	252	2
3	2	2	2	86	1
2	3	1	2	192	2
3	0	3	3	17	1
0	3	0	1	196	1
1	2	4	2	284	1
1	0	5	3	106	2
1	2	4	2	14	1
0	1	0	1	41	1
3	2	6	2	32	2
1	2	7	2	244	1
1	2	3	2	233	2
3	2	6	2	102	1
2	0	2	3	131	1
2	0	3	3	93	1
3	2	7	2	94	1
0	3	0	1	276	2
2	1	7	2	120	2
3	1	7	2	90	1
0	1	0	1	163	2
0	3	0	1	151	2
1	3	2	2	225	2
3	2	6	2	153	1
2	1	2	2	8	2
1	2	7	2	167	2
1	0	5	3	171	2
2	3	7	2	13	1
1	3	1	2	232	2
0	1	0	1	196	1
1	3	4	2	88	2
0	2	0	1	240	1
3	1	4	2	123	1
3	2	2	2	212	1
1	2	5	2	160	1
0	3	0	1	209	1
3	0	3	3	311	1
3	0	3	3	142	1
0	1	0	1	149	1
0	1	0	1	252	2
2	0	6	3	24	2
2	0	7	3	188	1
0	3	0	1	155	1
3	1	3	2	114	1
2	1	6	2	255	2
3	1	1	2	166	2
0	2	0	1	147	2
2	3	2	2	180	2
2	0	1	3	110	1
2	3	4	2	160	2
0	3	0	1	140	2
0	2	0	1	47	2
2	0	3	3	307	2
1	3	4	2	46	1
3	0	3	3	237	2
3	2	5	2	212	1
1	2	7	2	10	1
2	1	2	2	257	1
3	2	6	2	97	1
2	3	6	2	145	2
3	2	2	2	266	1
2	0	2	3	128	2
2	1	1	2	125	1
2	1	5	2	200	1
1	3	3	2	3	2
3	0	4	3	202	2
0	3	0	1	202	2
0	2	0	1	224	2
0	2	0	1	183	1
2	3	2	2	113	1
1	0	1	3	210	1
3	1	5	2	265	2
0	2	0	1	216	1
1	2	7	2	50	2
0	2	0	1	76	2
3	0	5	3	173	1
0	2	0	1	194	2
2	0	3	3	157	1
1	3	6	2	154	1
2	0	2	3	233	2
2	0	3	3	130	1
1	3	5	2	152	1
0	3	0	1	71	2
2	0	3	3	193	2
2	1	4	2	61	2
3	2	5	2	122	1
0	2	0	1	259	1
1	0	5	3	169	2
1	0	5	3	72	2
3	2	1	2	289	2
2	1	6	2	291	2
1	3	2	2	179	1
3	2	2	2	239	1
2	1	7	2	140	1
1	2	3	2	294	1
2	0	6	3	72	2
0	1	0	1	22	1
1	3	3	2	92	2
1	0	6	3	84	2
1	3	4	2	20	1
1	3	1	2	285	2
3	1	4	2	212	1
3	0	2	3	222	2
3	0	5	3	193	2
1	0	7	3	190	1
1	2	5	2	205	2
0	3	0	1	249	1
1	3	6	2	303	1
2	0	2	3	15	2
2	3	6	2	301	1
0	3	0	1	115	1
1	3	6	2	184	2
1	0	1	3	295	1
2	3	5	2	223	2
1	2	5	2	242	1
3	1	4	2	272	1
0	1	0	1	272	2
2	1	2	2	138	2
3	2	2	2	256	2
3	1	1	2	31	1
3	1	4	2	182	1
1	2	5	2	64	2
3	1	3	2	31	2
3	0	5	3	299	2
3	0	3	3	62	2
1	3	4	2	227	2
3	0	4	3	226	2
2	3	5	2	72	2
1	0	4	3	27	1
3	2	5	2	304	2
3	0	4	3	241	1
3	1	2	2	83	1
0	3	0	1	104	1
3	2	5	2	304	1
2	3	2	2	149	2
2	0	6	3	249	1
1	3	5	2	37	1
0	3	0	1	24	2
1	3	7	2	124	1
2	3	4	2	58	2
2	0	3	3	3	1
3	1	5	2	111	1
0	3	0	1	255	2
0	3	0	1	270	1
3	2	7	2	273	1
3	0	1	3	172	1
0	3	0	1	86	2
2	0	7	3	283	2
2	1	6	2	27	1
0	2	0	1	256	2
1	2	2	2	103	2
3	2	4	2	158	2
1	0	4	3	134	1
1	0	4	3	147	1
3	2	2	2	109	2
3	0	4	3	212	1
3	2	6	2	186	2
3	0	4	3	253	2
2	1	7	2	316	2
3	2	7	2	10	2
0	1	0	1	35	2
0	2	0	1	225	2
0	3	0	1	109	2
1	3	7	2	61	1
1	0	1	3	141	2
1	2	7	2	217	1
3	0	1	3	245	1
3	1	1	2	193	2
3	1	6	2	173	2
0	2	0	1	75	2
2	3	5	2	100	1
0	3	0	1	182	2
3	2	1	2	53	2
3	2	3	2	175	2
1	2	7	2	275	1
1	3	4	2	149	1
1	0	4	3	78	1
3	1	7	2	126	2
2	0	3	3	79	1
0	1	0	1	44	1
3	2	3	2	265	2
0	2	0	1	104	1
3	1	2	2	38	2
2	1	1	2	152	2
2	1	4	2	267	1
2	1	4	2	317	2
3	0	3	3	33	2
1	2	4	2	278	2
1	3	3	2	318	1
3	1	3	2	184	2
1	3	5	2	91	1
1	2	4	2	142	2
2	0	6	3	244	2
1	0	6	3	208	1
0	1	0	1	74	2
2	1	3	2	208	1
2	3	1	2	72	2
1	2	3	2	52	1
0	2	0	1	47	2
1	0	5	3	25	2
2	1	2	2	7	2
0	2	0	1	300	1
2	3	6	2	10	2
1	3	2	2	123	1
1	0	7	3	319	1
3	0	5	3	40	2
3	0	3	3	303	1
3	2	5	2	140	1
0	2	0	1	256	1
3	2	1	2	78	1
0	2	0	1	190	1
2	3	3	2	223	1
3	0	1	3	40	1
0	2	0	1	273	2
1	2	4	2	28	1
0	2	0	1	103	2
3	1	3	2	52	2
2	1	4	2	103	2
3	2	6	2	82	2
2	3	3	2	317	2
2	1	7	2	126	1
1	0	5	3	9	2
1	2	4	2	21	1
0	3	0	1	235	2
2	3	6	2	216	1
1	2	2	2	132	2
2	0	7	3	314	2
0	2	0	1	36	2
1	3	2	2	193	1
1	3	1	2	229	2
2	3	6	2	96	2
1	0	1	3	114	2
2	0	1	3	161	1
1	2	7	2	253	1
2	1	1	2	210	1
0	1	0	1	252	2
2	0	3	3	141	2
2	1	7	2	296	1
3	1	7	2	246	1
1	0	7	3	312	2
2	3	7	2	169	1
0	3	0	1	79	1
2	1	7	2	109	2
1	3	6	2	236	1
0	2	0	1	214	2
0	2	0	1	21	1
2	1	6	2	33	2
2	3	4	2	115	2
2	0	1	3	155	1
2	3	6	2	102	2
0	2	0	1	222	1
3	0	4	3	116	1
2	1	5	2	284	2
0	1	0	1	32	2
0	3	0	1	53	2
1	0	5	3	303	1
3	0	5	3	294	1
3	2	5	2	297	1
0	3	0	1	76	1
0	1	0	1	298	2
1	3	7	2	5	2
3	0	2	3	265	1
2	3	3	2	267	2
3	1	3	2	112	2
3	0	1	3	93	1
1	3	5	2	99	2
1	0	4	3	206	1
1	3	7	2	203	2
3	2	5	2	146	1
2	0	6	3	105	2
0	2	0	1	158	2
0	2	0	1	317	2
0	2	0	1	223	1
3	0	1	3	168	1
3	0	5	3	48	1
0	3	0	1	256	1
0	1	0	1	122	2
3	2	6	2	98	1
0	3	0	1	173	2
0	2	0	1	143	2
0	1	0	1	81	2
3	1	1	2	123	2
2	3	5	2	188	1
2	0	2	3	86	2
3	2	6	2	237	1
0	1	0	1	211	1
2	0	7	3	95	1
2	3	3	2	2	1
2	0	6	3	258	1
2	0	2	3	241	2
1	2	2	2	19	1
3	0	1	3	141	2
3	1	3	2	241	1
3	0	3	3	43	2
1	0	6	3	138	2
3	2	1	2	135	1
1	2	3	2	280	2
1	2	4	2	43	1
1	2	7	2	246	2
0	1	0	1	262	1
2	1	4	2	49	1
2	0	6	3	287	2
2	3	2	2	110	2
2	3	7	2	146	1
3	0	5	3	22	1
1	0	7	3	17	1
0	1	0	1	275	2
2	1	6	2	0	1
0	3	0	1	243	1
3	1	2	2	261	2
0	2	0	1	58	1
0	1	0	1	76	2
3	2	4	2	262	1
1	0	1	3	201	1
0	2	0	1	110	2
3	2	2	2	309	1
2	1	5	2	238	1
3	0	5	3	190	2
1	0	6	3	279	2
0	1	0	1	123	2
2	0	7	3	115	2
2	1	6	2	75	2
1	0	1	3	172	2
3	1	1	2	210	2
3	0	5	3	256	1
1	0	6	3	275	2
0	3	0	1	55	1
1	0	4	3	161	2
1	2	1	2	283	1
1	3	6	2	182	2
3	2	6	2	205	2
3	1	2	2	19	1
3	0	5	3	94	2
3	0	5	3	146	2
3	2	7	2	137	1
3	2	2	2	232	2
0	3	0	1	156	1
0	3	0	1	257	2
1	3	1	2	4	2
3	2	7	2	187	2
2	0	1	3	310	1
0	3	0	1	61	2
3	1	3	2	199	1
0	1	0	1	162	1
3	1	4	2	277	2
2	0	2	3	51	1
3	0	4	3	242	1
1	3	3	2	137	2
3	1	1	2	156	1
2	1	5	2	123	1
1	0	4	3	286	1
3	1	1	2	233	1
0	3	0	1	266	2
1	0	1	3	275	2
3	0	2	3	181	1
1	2	4	2	144	1
3	0	4	3	306	2
0	3	0	1	220	1
0	3	0	1	129	2
0	1	0	1	102	1
1	0	7	3	305	2
2	0	1	3	15	1
2	3	6	2	166	2
1	3	4	2	276	1
3	1	2	2	72	2
1	0	1	3	186	2
2	0	7	3	138	1
3	1	6	2	71	2
0	3	0	1	107	2
2	3	4	2	175	2
1	0	4	3	36	2
0	3	0	1	296	1
3	0	5	3	96	2
0	3	0	1	50	2
0	1	0	1	34	1
3	0	2	3	24	2
1	3	6	2	275	1
2	1	2	2	222	1
0	1	0	1	109	2
2	1	3	2	59	1
0	3	0	1	19	2
0	3	0	1	214	1
0	3	0	1	100	2
3	1	4	2	48	2
3	1	2	2	230	2
1	0	4	3	49	1
1	0	7	3	208	2
0	2	0	1	24	1
2	0	6	3	58	1
3	1	2	2	110	1
3	1	2	2	150	1
0	1	0	1	310	1
1	0	4	3	88	1
0	3	0	1	62	2
2	1	4	2	95	1
1	0	6	3	89	2
1	3	3	2	229	2
0	1	0	1	248	2
1	2	6	2	206	1
1	2	5	2	150	1
2	1	1	2	319	1
1	3	3	2	5	1
0	1	0	1	51	2
1	2	7	2	204	2
0	3	0	1	200	1
0	1	0	1	84	1
0	1	0	1	259	1
1	3	7	2	298	1
2	3	5	2	221	2
0	3	0	1	137	2
3	0	3	3	158	2
2	0	2	3	31	2
2	0	2	3	84	1
3	2	1	2	89	1
0	2	0	1	273	2
1	0	5	3	200	2
3	2	6	2	18	1
1	0	6	3	57	2
1	0	7	3	230	1
1	0	1	3	128	2
1	3	4	2	60	1
1	2	7	2	202	2
1	0	6	3	270	1
0	2	0	1	49	2
0	1	0	1	193	1
2	3	2	2	193	1
0	2	0	1	225	1
1	2	5	2	155	1
3	1	6	2	282	2
0	2	0	1	312	1
1	0	4	3	126	2
0	2	0	1	58	2
3	1	6	2	29	1
2	3	3	2	147	1
2	1	1	2	79	1
2	1	6	2	315	2
2	0	2	3	284	2
2	0	7	3	208	2
0	3	0	1	257	2
1	3	2	2	208	2
0	2	0	1	58	1
2	3	5	2	20	2
0	3	0	1	70	2
1	3	6	2	12	1
2	1	7	2	26	2
3	1	1	2	223	1
2	0	2	3	279	1
0	2	0	1	141	1
2	1	3	2	10	2
3	2	3	2	168	1
3	0	4	3	146	1
1	0	4	3	102	2
2	3	3	2	46	2
0	2	0	1	32	1
1	0	1	3	79	2
0	2	0	1	157	1
2	0	7	3	44	1
1	2	3	2	156	1
2	0	2	3	99	2
2	3	7	2	249	1
1	2	2	2	63	2
3	1	1	2	280	2
1	3	6	2	146	1
0	1	0	1	305	1
2	3	2	2	289	1
1	3	6	2	38	1
2	1	1	2	228	2
0	3	0	1	165	2
0	1	0	1	202	1
2	3	4	2	205	2
1	3	3	2	111	1
2	0	3	3	100	2
2	1	7	2	247	2
1	0	5	3	160	1
3	1	7	2	39	1
2	3	4	2	50	2
2	1	5	2	189	2
0	2	0	1	265	2
1	0	7	3	257	1
1	3	6	2	94	1
0	3	0	1	318	2
2	0	6	3	139	1
3	1	1	2	124	2
3	0	1	3	200	1
3	2	5	2	293	2
3	2	4	2	168	2
1	3	7	2	244	2
2	1	6	2	247	2
3	0	5	3	32	1
1	3	7	2	170	1
3	0	1	3	155	1
2	1	7	2	8	1
2	1	1	2	219	2
1	0	4	3	159	2
0	3	0	1	139	2
2	0	7	3	121	1
3	0	2	3	20	1
0	2	0	1	115	1
0	2	0	1	55	1
0	1	0	1	16	1
2	3	6	2	147	1
1	0	6	3	178	2
3	2	3	2	90	1
1	0	6	3	218	2
1	3	6	2	235	1
2	1	1	2	145	2
3	1	2	2	23	2
3	2	1	2	62	1
0	1	0	1	104	2
2	3	1	2	196	2
3	0	3	3	134	1
2	3	7	2	31	1
0	3	0	1	21	2
2	3	4	2	281	2
3	0	5	3	220	1
0	3	0	1	259	1
0	2	0	1	277	1
2	3	4	2	171	1
2	1	7	2	211	2
1	0	7	3	91	1
1	0	6	3	257	2
1	0	6	3	201	1
2	1	3	2	98	1
2	3	5	2	219	1
3	0	3	3	53	2
2	1	2	2	314	1
1	2	7	2	21	1
0	2	0	1	105	1
1	0	5	3	290	1
3	0	2	3	184	1
0	1	0	1	234	2
0	2	0	1	58	1
3	2	4	2	187	1
3	2	3	2	34	1
0	2	0	1	122	1
1	2	5	2	119	2
0	2	0	1	168	2
3	2	5	2	305	1
0	2	0	1	274	1
2	3	4	2	84	1
3	1	4	2	254	1
1	3	1	2	179	2
0	2	0	1	134	1
3	0	3	3	293	2
0	2	0	1	232	1
3	0	3	3	189	1
0	1	0	1	36	1
0	2	0	1	34	1
3	0	2	3	301	1
2	1	1	2	310	2
0	1	0	1	170	2
2	3	7	2	201	1
2	0	2	3	258	2
3	2	3	2	284	2
3	0	4	3	234	2
1	0	5	3	298	1
0	3	0	1	275	1
0	3	0	1	312	2
1	0	1	3	24	1
0	3	0	1	313	2
1	2	5	2	244	1
3	2	3	2	311	1
0	1	0	1	211	2
0	2	0	1	293	1
2	1	5	2	107	2
3	0	2	3	260	2
0	1	0	1	129	1
3	2	6	2	238	2
0	2	0	1	310	1
2	3	2	2	264	2
2	0	1	3	138	2
1	0	1	3	13	2
1	2	6	2	24	1
2	0	1	3	51	2
0	2	0	1	183	2
1	3	5	2	237	2
3	1	4	2	249	1
3	2	4	2	92	2
2	0	1	3	196	1
1	2	1	2	283	2
3	0	1	3	90	1
3	0	2	3	153	2
1	0	7	3	109	2
3	2	4	2	100	1
0	3	0	1	189	2
1	0	7	3	309	2
2	1	6	2	93	1
2	0	1	3	178	1
1	2	3	2	232	2
1	0	7	3	260	1
2	0	7	3	66	1
0	2	0	1	96	1
0	1	0	1	210	1
2	0	1	3	170	2
1	0	6	3	99	1
3	0	4	3	316	1
1	3	6	2	7	1
1	2	1	2	8	2
3	1	1	2	124	1
2	1	6	2	157	2
1	2	6	2	291	1
0	2	0	1	74	2
3	2	3	2	176	2
0	1	0	1	39	1
0	2	0	1	0	2
2	0	1	3	148	1
0	3	0	1	208	2
2	0	1	3	81	1
3	0	1	3	38	2
3	1	3	2	28	1
2	0	6	3	5	2
2	0	6	3	244	1
0	3	0	1	28	1
0	3	0	1	213	1
3	0	5	3	286	2
0	2	0	1	313	1
2	0	7	3	8	1
2	0	3	3	246	2
0	1	0	1	51	1
3	1	6	2	278	2
3	2	2	2	76	2
3	1	2	2	298	2
2	3	7	2	73	1
0	1	0	1	178	2
3	1	1	2	54	1
1	0	6	3	285	1
0	3	0	1	251	2
1	0	5	3	214	2
0	1	0	1	319	1
0	1	0	1	225	1
0	3	0	1	26	1
0	2	0	1	189	1
2	3	4	2	269	1
3	2	1	2	274	2
3	0	1	3	170	1
0	2	0	1	40	1
1	0	4	3	1	1
2	0	2	3	306	2
1	2	3	2	95	1
0	2	0	1	306	2
1	3	7	2	299	2
3	2	5	2	58	1
1	2	3	2	101	1
1	0	7	3	176	2
0	1	0	1	266	2
0	3	0	1	292	1
0	3	0	1	78	1
3	1	1	2	111	2
2	0	6	3	57	2
1	0	1	3	123	1
3	1	2	2	81	2
0	1	0	1	254	1
2	3	6	2	29	2
2	3	6	2	138	2
2	3	4	2	201	2
0	1	0	1	215	2
3	0	3	3	267	2
3	1	7	2	162	2
3	0	4	3	6	2
0	2	0	1	282	1
3	0	4	3	1	2
3	1	7	2	287	2
2	3	6	2	282	1
1	3	1	2	109	1
3	0	1	3	251	1
1	0	6	3	59	1
2	0	2	3	199	2
1	3	3	2	98	2
1	3	4	2	199	2
3	1	1	2	221	1
2	3	2	2	265	2
2	1	7	2	179	2
0	1	0	1	294	1
0	1	0	1	296	1
0	2	0	1	34	1
3	0	5	3	189	2
1	3	3	2	83	1
3	2	7	2	185	1
3	1	2	2	215	2
3	0	4	3	79	2
2	1	7	2	298	2
3	1	3	2	315	1
3	0	2	3	206	1
1	2	1	2	241	1
0	1	0	1	73	2
1	2	6	2	304	2
2	0	6	3	1	1
1	0	4	3	227	2
1	2	3	2	6	2
1	0	4	3	77	2
0	1	0	1	131	2
2	3	3	2	5	2
1	2	3	2	142	1
1	3	4	2	19	2
1	0	7	3	281	1
0	1	0	1	221	1
3	1	7	2	36	1
1	2	6	2	23	2
3	0	5	3	266	1
1	0	7	3	203	1
1	2	5	2	29	1
1	0	7	3	31	2
3	1	2	2	115	1
0	2	0	1	177	1
3	1	3	2	228	2
0	1	0	1	300	2
0	1	0	1	122	1
1	0	7	3	316	2
1	3	1	2	60	1
0	3	0	1	260	1
3	0	2	3	116	1
2	1	2	2	134	1
3	1	3	2	222	1
1	3	2	2	209	2
2	3	1	2	249	1
3	1	1	2	56	1
1	2	4	2	92	2
2	0	6	3	133	2
0	3	0	1	70	2
1	0	6	3	207	1
2	1	6	2	220	2
0	3	0	1	33	2
2	3	5	2	279	2
0	1	0	1	88	2
1	3	3	2	121	2
0	2	0	1	82	1
1	0	6	3	292	1
1	3	5	2	175	2
3	0	3	3	161	2
3	1	1	2	130	2
2	0	6	3	217	1
0	3	0	1	287	2
0	2	0	1	231	2
2	3	2	2	303	2
0	3	0	1	28	1
0	2	0	1	47	1
2	3	2	2	178	2
2	0	1	3	49	1
2	0	3	3	117	1
2	1	7	2	189	2
0	3	0	1	137	1
3	1	1	2	23	2
0	3	0	1	206	1
1	0	7	3	138	2
0	1	0	1	60	2
1	2	7	2	240	1
1	2	2	2	19	2
3	0	5	3	32	2
0	2	0	1	194	2
3	1	5	2	52	2
2	1	3	2	248	1
1	2	1	2	180	2
0	3	0	1	197	2
0	3	0	1	178	1
3	2	2	2	267	1
1	2	7	2	123	1
0	3	0	1	129	2
0	3	0	1	231	1
2	0	7	3	106	2
1	2	5	2	140	2
2	1	5	2	88	2
0	2	0	1	8	2
2	3	7	2	309	2
0	3	0	1	143	2
3	0	4	3	253	1
0	1	0	1	265	1
1	3	1	2	246	1
3	1	5	2	270	2
3	0	4	3	172	1
1	2	3	2	80	1
3	2	6	2	314	1
1	2	6	2	149	2
0	1	0	1	32	2
0	1	0	1	307	2
2	0	1	3	68	1
1	3	2	2	284	2
1	2	1	2	192	2
3	1	6	2	160	1
1	2	3	2	21	2
3	0	4	3	131	1
1	2	1	2	284	2
3	1	1	2	133	2
2	0	7	3	299	2
2	0	6	3	289	2
2	3	7	2	250	1
3	1	1	2	37	2
0	1	0	1	172	1
0	2	0	1	116	1
2	3	6	2	264	2
0	3	0	1	87	2
1	0	7	3	8	2
2	1	1	2	43	1
1	3	5	2	36	2
3	1	6	2	203	2
3	0	4	3	221	2
3	0	5	3	36	1
3	0	3	3	183	2
0	3	0	1	291	2
3	0	1	3	33	1
2	0	7	3	150	1
0	1	0	1	291	1
3	2	3	2	40	1
3	0	4	3	171	1
3	2	7	2	168	2
3	2	6	2	317	2
1	2	1	2	86	2
2	3	1	2	298	1
2	3	5	2	101	2
1	3	4	2	190	2
2	1	7	2	177	2
2	0	1	3	183	2
3	2	2	2	32	2
0	3	0	1	7	1
0	2	0	1	205	2
2	1	1	2	103	2
2	1	4	2	75	2
2	1	5	2	197	2
0	2	0	1	72	1
1	3	1	2	309	2
0	2	0	1	232	2
3	2	4	2	158	1
0	2	0	1	44	1
0	1	0	1	24	1
3	1	1	2	214	1
2	1	1	2	158	1
0	1	0	1	306	1
0	3	0	1	239	2
2	3	2	2	296	1
2	0	7	3	316	1
2	0	7	3	66	2
1	2	7	2	240	2
1	0	4	3	232	2
1	3	2	2	39	1
3	2	1	2	251	2
1	2	5	2	129	1
0	1	0	1	189	2
0	2	0	1	314	2
1	3	4	2	175	2
2	0	7	3	206	2
1	3	7	2	269	1
0	1	0	1	305	2
1	0	5	3	58	1
3	2	4	2	154	2
2	3	4	2	208	1
0	3	0	1	120	1
0	2	0	1	231	2
0	2	0	1	145	1
3	2	5	2	239	2
1	3	6	2	82	2
3	2	3	2	196	2
1	0	6	3	317	2
1	3	5	2	51	1
2	0	6	3	37	1
2	3	1	2	109	2
1	0	7	3	114	2
3	1	2	2	232	1
1	2	3	2	261	2
2	1	6	2	210	2
2	3	2	2	37	2
3	0	4	3	6	1
2	3	5	2	71	1
2	0	6	3	254	2
1	3	3	2	83	1
2	1	5	2	307	1
0	3	0	1	198	1
2	1	6	2	88	1
2	3	4	2	218	2
1	3	4	2	84	2
0	1	0	1	280	2
0	1	0	1	7	2
0	3	0	1	250	1
1	2	1	2	262	2
2	1	5	2	192	1
1	2	2	2	304	2
0	3	0	1	44	1
0	3	0	1	291	1
0	3	0	1	55	1
2	0	2	3	94	1
0	1	0	1	303	2
0	1	0	1	221	1
1	0	1	3	164	2
0	1	0	1	108	2
3	2	4	2	19	2
0	1	0	1	257	2
0	1	0	1	1	2
3	0	4	3	153	2
1	0	7	3	110	1
2	0	6	3	292	2
2	0	3	3	265	1
0	2	0	1	316	1
2	1	4	2	98	1
1	0	7	3	265	1
3	1	4	2	112	1
3	1	7	2	41	1
0	1	0	1	313	1
1	3	5	2	190	1
1	2	6	2	138	2
2	1	7	2	93	1
0	1	0	1	252	2
0	1	0	1	27	2
1	0	5	3	200	2
3	1	5	2	268	1
0	3	0	1	76	2
3	2	7	2	266	1
1	3	7	2	141	1
2	3	4	2	51	1
1	2	5	2	295	2
3	0	2	3	211	2
3	2	5	2	63	2
2	3	4	2	116	1
1	2	3	2	98	2
0	1	0	1	216	1
2	1	3	2	316	1
2	1	5	2	270	2
2	0	3	3	287	1
3	1	1	2	224	1
0	3	0	1	97	2
1	2	3	2	189	2
0	3	0	1	317	1
3	0	5	3	301	2
2	0	2	3	152	1
0	2	0	1	175	2
2	3	4	2	312	1
1	3	6	2	207	2
0	2	0	1	27	1
1	2	4	2	281	1
0	1	0	1	207	2
1	2	2	2	9	2
3	2	1	2	318	2
1	0	4	3	11	1
0	3	0	1	270	2
1	3	2	2	100	1
2	3	1	2	275	1
3	0	3	3	10	2
3	0	1	3	10	1
0	1	0	1	203	2
2	1	6	2	52	2
2	1	2	2	79	1
3	0	3	3	30	1
0	2	0	1	250	1
0	2	0	1	92	2
3	0	4	3	204	2
3	0	1	3	256	1
1	2	6	2	168	1
2	3	7	2	281	2
2	3	4	2	59	1
2	0	1	3	295	2
1	3	5	2	201	2
3	1	2	2	63	2
3	1	1	2	38	2
1	2	3	2	76	2
2	0	2	3	198	1
1	3	6	2	43	1
2	0	6	3	192	2
0	2	0	1	230	1
1	2	6	2	219	2
1	3	6	2	94	2
0	3	0	1	298	2
3	1	3	2	26	2
2	3	5	2	241	1
3	2	2	2	159	2
3	2	6	2	212	2
1	3	5	2	277	1
2	1	6	2	3	2
2	0	2	3	228	2
0	2	0	1	262	1
1	3	4	2	143	1
2	0	2	3	251	2
3	0	3	3	276	2
1	3	3	2	85	1
1	2	7	2	32	1
2	3	2	2	164	2
2	0	2	3	303	1
3	2	3	2	69	2
2	1	7	2	104	1
3	2	7	2	112	1
1	3	5	2	198	1
0	2	0	1	171	2
0	2	0	1	262	2
0	2	0	1	274	1
1	3	6	2	42	1
2	0	6	3	271	1
1	3	4	2	9	1
1	2	4	2	146	1
1	3	4	2	159	1
0	2	0	1	11	1
1	2	3	2	301	2
2	3	7	2	280	2
0	1	0	1	227	1
3	1	6	2	112	2
2	0	3	3	87	1
3	2	6	2	54	2
3	1	3	2	163	1
2	3	4	2	12	2
3	1	6	2	220	2
1	3	2	2	126	2
2	1	7	2	271	1
2	0	7	3	95	1
1	0	1	3	84	2
2	3	6	2	288	1
1	3	3	2	89	2
3	2	2	2	90	2
3	0	1	3	137	2
1	3	6	2	242	2
0	1	0	1	37	2
3	0	5	3	225	2
2	1	6	2	11	2
3	0	2	3	13	2
0	3	0	1	50	1
2	0	7	3	5	2
2	1	3	2	84	2
2	3	2	2	296	1
2	1	4	2	57	1
1	3	1	2	155	2
3	0	3	3	69	1
2	3	1	2	222	1
0	2	0	1	78	2
3	1	6	2	22	1
0	1	0	1	190	2
2	3	3	2	84	1
2	3	3	2	27	1
2	0	1	3	205	1
0	1	0	1	254	1
0	1	0	1	192	2
2	1	7	2	223	1
2	1	4	2	125	1
1	2	7	2	74	1
0	1	0	1	3	2
1	0	7	3	184	2
1	2	6	2	138	2
0	2	0	1	169	1
0	2	0	1	96	2
0	2	0	1	274	2
3	1	7	2	274	2
3	2	2	2	276	1
1	3	3	2	56	2
2	3	2	2	223	1
3	0	4	3	188	2
2	3	6	2	143	2
0	1	0	1	299	2
0	1	0	1	188	2
1	2	2	2	291	2
2	1	2	2	0	2
2	0	7	3	109	2
0	2	0	1	40	1
0	2	0	1	266	1
2	1	1	2	311	1
1	2	1	2	145	1
0	3	0	1	212	2
2	0	6	3	284	1
0	2	0	1	27	2
0	3	0	1	264	1
3	0	1	3	311	1
3	0	1	3	207	1
3	1	4	2	208	1
2	1	3	2	283	1
3	0	2	3	105	2
0	1	0	1	278	1
1	0	7	3	311	1
1	3	4	2	208	2
1	0	5	3	50	1
2	3	2	2	196	1
2	3	6	2	177	2
2	1	5	2	82	2
2	1	5	2	138	2
1	0	1	3	209	1
3	2	3	2	208	1
3	1	1	2	223	2
0	1	0	1	125	1
2	0	2	3	217	2
2	0	6	3	121	1
0	3	0	1	95	2
3	2	4	2	286	2
0	1	0	1	53	2
2	3	5	2	240	2
3	1	1	2	313	1
3	2	6	2	136	1
0	2	0	1	152	1
3	1	6	2	213	2
0	3	0	1	113	1
1	3	1	2	127	1
2	1	6	2	211	2
1	2	2	2	153	2
0	1	0	1	111	1
0	1	0	1	176	1
3	1	3	2	262	2
0	1	0	1	138	2
2	1	7	2	298	2
3	0	2	3	140	2
0	1	0	1	87	1
2	3	2	2	161	1
3	1	6	2	141	1
0	2	0	1	215	1
1	3	5	2	22	2
3	1	2	2	141	1
2	1	7	2	316	2
3	1	5	2	90	1
1	2	7	2	226	1
2	3	2	2	246	2
1	2	3	2	1	1
3	1	7	2	317	2
0	2	0	1	243	2
0	3	0	1	248	1
0	2	0	1	187	1
1	0	1	3	32	1
1	0	5	3	62	1
2	3	7	2	253	1
1	2	4	2	265	1
3	0	4	3	43	2
2	3	2	2	135	1
3	0	4	3	69	1
0	3	0	1	166	1
3	2	2	2	0	2
1	3	1	2	213	2
0	1	0	1	50	1
1	3	5	2	249	1
3	2	7	2	198	1
2	0	2	3	183	1
3	0	3	3	30	1
2	3	1	2	268	2
2	3	3	2	223	2
1	0	6	3	128	2
0	2	0	1	55	2
3	2	6	2	185	1
2	3	6	2	32	1
0	1	0	1	73	2
2	0	7	3	14	1
2	0	2	3	287	2
2	1	1	2	136	2
1	3	3	2	231	2
3	1	1	2	161	1
3	0	1	3	305	1
0	1	0	1	177	2
0	1	0	1	268	1
3	0	2	3	281	2
0	1	0	1	136	2
1	0	5	3	50	2
1	0	1	3	109	2
1	2	1	2	121	1
1	2	4	2	19	1
1	2	1	2	35	2
3	1	6	2	112	2
2	0	2	3	263	2
3	0	5	3	257	1
1	0	5	3	175	2
2	3	2	2	49	2
1	2	4	2	7	2
2	1	4	2	263	2
2	1	1	2	105	2
2	3	3	2	250	2
3	2	3	2	242	1
2	0	2	3	252	2
0	3	0	1	295	2
1	2	7	2	272	2
2	3	6	2	110	1
3	1	2	2	149	2
1	2	3	2	286	1
0	1	0	1	14	1
2	1	6	2	49	1
2	3	4	2	31	1
3	2	7	2	296	2
1	3	7	2	247	2
3	1	1	2	203	1
1	2	3	2	154	1
3	1	2	2	83	1
1	0	7	3	183	1
1	2	6	2	139	2
3	1	5	2	165	2
1	0	5	3	303	2
0	3	0	1	103	2
1	3	3	2	104	2
2	0	3	3	78	2
1	3	6	2	63	1
3	0	5	3	104	2
1	0	5	3	317	1
1	2	4	2	107	2
3	0	4	3	120	1
0	2	0	1	185	2
2	0	2	3	237	1
3	1	4	2	216	1
0	2	0	1	102	2
3	1	7	2	64	1
3	1	5	2	24	2
3	0	1	3	275	2
3	1	7	2	7	1
2	0	1	3	21	1
2	1	5	2	88	2
2	0	1	3	53	1
0	2	0	1	136	2
0	2	0	1	288	1
1	0	4	3	110	1
1	2	4	2	208	1
0	3	0	1	79	1
1	0	5	3	214	1
0	1	0	1	58	1
2	1	3	2	11	1
3	2	6	2	163	1
0	3	0	1	231	2
1	0	1	3	275	2
2	1	6	2	285	2
0	3	0	1	68	2
2	3	5	2	194	2
1	0	4	3	46	1
3	0	5	3	166	2
3	0	2	3	35	1
0	2	0	1	292	1
2	1	5	2	267	1
3	0	2	3	151	1
2	0	1	3	97	1
0	1	0	1	31	2
0	2	0	1	297	1
2	3	3	2	290	2
3	1	4	2	212	2
1	0	7	3	243	2
2	0	3	3	148	1
0	3	0	1	205	1
2	3	3	2	163	1
1	2	4	2	101	2
2	1	5	2	270	2
0	3	0	1	93	2
1	2	2	2	97	1
0	3	0	1	20	1
3	1	5	2	80	2
2	0	6	3	124	1
3	1	3	2	18	2
3	2	4	2	184	2
0	3	0	1	248	2
1	0	7	3	154	1
1	3	2	2	50	2
3	1	6	2	284	1
1	0	1	3	10	2
3	0	1	3	105	1
1	0	4	3	236	1
3	1	7	2	19	2
2	0	6	3	104	2
1	2	7	2	87	2
0	1	0	1	129	1
0	1	0	1	152	1
3	0	5	3	151	2
1	3	5	2	180	2
1	2	3	2	297	1
1	2	3	2	12	2
1	2	7	2	116	1
3	1	4	2	131	2
1	3	3	2	283	1
3	2	2	2	194	1
1	0	6	3	223	1
2	1	3	2	208	1
0	3	0	1	153	2
1	0	5	3	292	2
2	0	2	3	234	1
2	3	2	2	213	1
1	2	1	2	210	2
1	0	4	3	301	1
2	1	4	2	71	2
1	2	6	2	274	2
0	1	0	1	207	2
0	2	0	1	280	1
3	2	4	2	273	1
3	0	5	3	314	2
3	0	2	3	89	1
3	1	2	2	211	1
2	1	6	2	317	1
2	0	1	3	182	1
1	2	3	2	53	1
3	2	3	2	76	2
1	2	5	2	227	1
2	3	1	2	40	1
2	3	7	2	292	2
1	0	7	3	278	1
2	1	2	2	75	2
1	2	6	2	160	1
1	0	7	3	143	2
0	1	0	1	265	2
2	1	2	2	78	1
1	3	6	2	160	2
0	1	0	1	216	2
1	0	6	3	287	1
2	3	2	2	267	1
2	3	4	2	313	1
3	1	6	2	52	1
1	2	6	2	111	1
2	0	7	3	250	1
1	3	4	2	224	1
1	2	7	2	155	1
1	2	2	2	103	1
2	3	3	2	155	2
1	2	3	2	22	2
3	0	1	3	196	1
0	3	0	1	298	2
1	3	1	2	294	1
2	1	6	2	72	2
3	1	2	2	124	2
1	2	1	2	19	2
0	1	0	1	40	2
1	0	4	3	105	2
0	3	0	1	67	1
0	1	0	1	6	2
0	2	0	1	209	2
1	2	7	2	144	2
1	2	6	2	276	1
3	0	1	3	129	2
1	3	5	2	51	2
3	2	6	2	44	2
2	0	3	3	290	2
2	1	4	2	181	1
0	3	0	1	227	1
1	2	2	2	268	1
3	1	7	2	170	1
3	0	4	3	129	2
1	2	7	2	167	2
3	1	5	2	14	2
1	2	7	2	272	2
2	0	3	3	278	2
3	2	3	2	270	2
0	2	0	1	248	2
1	2	2	2	12	1
3	2	5	2	268	2
3	2	2	2	249	2
3	0	1	3	211	2
3	0	1	3	12	2
0	3	0	1	156	1
3	1	1	2	92	2
1	2	4	2	194	2
3	0	1	3	131	2
0	3	0	1	86	1
3	0	2	3	52	2
0	3	0	1	188	2
0	1	0	1	22	1
3	2	3	2	76	1
1	3	2	2	311	1
3	1	7	2	20	2
0	2	0	1	66	1
1	3	2	2	72	2
3	2	5	2	15	1
0	3	0	1	21	2
0	1	0	1	168	1
3	0	3	3	13	1
1	3	1	2	9	2
3	2	7	2	34	2
0	1	0	1	154	1
0	3	0	1	105	1
3	1	5	2	69	1
2	3	2	2	112	1
2	0	2	3	223	1
0	3	0	1	208	1
1	3	1	2	146	1
1	2	1	2	217	2
2	0	6	3	23	2
1	2	2	2	228	1
0	2	0	1	240	1
0	3	0	1	67	2
2	1	7	2	35	1
0	3	0	1	231	2
2	3	4	2	63	2
3	1	6	2	116	1
2	3	1	2	39	2
2	0	3	3	141	1
0	1	0	1	241	2
0	2	0	1	23	1
0	1	0	1	131	2
0	3	0	1	286	1
2	3	4	2	221	1
2	0	3	3	217	2
0	3	0	1	107	1
3	1	4	2	51	2
0	3	0	1	41	1
0	3	0	1	69	2
2	0	7	3	205	2
1	2	6	2	2	1
3	0	5	3	177	1
3	0	1	3	94	1
0	1	0	1	40	2
2	0	1	3	207	2
3	1	3	2	98	2
1	2	7	2	6	2
0	1	0	1	313	2
3	2	6	2	217	1
1	2	7	2	52	2
1	2	3	2	107	1
2	0	7	3	79	1
3	1	5	2	153	1
2	1	7	2	252	2
3	1	6	2	169	1
2	3	7	2	266	1
1	0	6	3	67	1
1	3	2	2	273	2
3	2	3	2	53	2
2	1	3	2	56	2
3	1	6	2	217	1
0	2	0	1	228	2
0	2	0	1	315	1
0	3	0	1	266	2
3	0	4	3	241	1
2	3	5	2	50	2
0	1	0	1	163	1
1	2	2	2	304	1
3	0	1	3	178	2
2	1	6	2	119	1
2	1	7	2	299	1
0	3	0	1	282	1
3	1	3	2	218	2
0	3	0	1	269	2
0	1	0	1	317	1
2	3	3	2	278	1
3	0	5	3	148	1
1	3	5	2	191	1
0	1	0	1	162	2
0	2	0	1	57	2
1	2	6	2	247	1
3	1	6	2	197	2
1	0	7	3	50	2
2	3	7	2	66	1
3	1	1	2	312	1
2	0	6	3	209	2
3	2	4	2	79	2
1	2	3	2	224	2
3	1	2	2	121	1
3	2	4	2	106	1
1	2	3	2	206	2
2	3	7	2	70	2
1	0	5	3	144	1
2	0	7	3	109	1
2	3	5	2	227	1
2	3	1	2	15	2
2	3	4	2	35	2
3	1	3	2	210	1
2	0	1	3	14	1
2	3	4	2	112	1
3	2	1	2	66	2
1	0	4	3	36	1
1	2	5	2	187	1
2	0	2	3	254	2
2	0	7	3	20	1
3	1	4	2	208	1
3	1	1	2	138	1
2	0	2	3	212	2
2	3	7	2	75	2
1	3	5	2	218	2
2	0	7	3	224	2
0	3	0	1	120	1
0	1	0	1	42	1
3	0	3	3	78	1
0	3	0	1	141	2
3	0	3	3	314	1
2	1	6	2	131	2
1	3	2	2	157	2
0	3	0	1	317	1
2	0	6	3	262	1
2	1	3	2	255	1
2	1	7	2	291	1
0	2	0	1	233	1
3	1	3	2	257	1
3	2	1	2	312	2
3	2	6	2	302	2
0	1	0	1	134	1
1	3	6	2	186	2
1	3	5	2	190	1
2	3	1	2	239	1
1	0	1	3	269	1
0	2	0	1	109	2
1	2	5	2	284	2
2	1	3	2	41	2
2	3	1	2	157	2
1	2	2	2	300	2
3	2	5	2	80	2
2	0	6	3	279	1
2	0	3	3	261	1
3	0	1	3	19	2
1	2	4	2	128	2
1	3	5	2	202	1
2	1	6	2	53	1
3	2	4	2	145	1
0	1	0	1	48	1
2	0	6	3	94	2
2	0	2	3	251	2
1	2	1	2	17	2
2	1	6	2	14	1
0	2	0	1	278	1
3	0	1	3	157	2
3	0	4	3	281	1
3	2	4	2	66	2
1	0	6	3	164	2
3	2	7	2	33	1
1	2	6	2	153	1
2	3	6	2	127	1
1	0	5	3	142	1
3	1	4	2	149	2
2	0	2	3	110	1
1	3	6	2	89	1
1	0	1	3	117	1
0	3	0	1	45	2
2	0	3	3	80	1
1	0	1	3	25	2
3	2	4	2	274	1
3	1	6	2	318	2
0	1	0	1	308	2
1	0	5	3	49	1
0	2	0	1	69	1
0	2	0	1	100	1
0	1	0	1	293	1
3	0	5	3	119	1
3	1	7	2	27	2
1	0	6	3	260	2
1	0	1	3	133	1
2	1	6	2	265	2
1	3	6	2	164	1
1	0	1	3	156	2
3	1	7	2	288	2
3	1	2	2	66	2
0	3	0	1	104	2
3	2	4	2	55	1
0	3	0	1	112	1
1	2	2	2	138	1
0	1	0	1	133	2
1	2	3	2	7	1
1	2	7	2	308	1
2	0	2	3	28	1
2	3	1	2	276	2
2	0	6	3	171	2
1	3	1	2	103	2
0	2	0	1	183	2
3	0	1	3	240	1
0	3	0	1	201	1
2	1	5	2	53	1
1	3	4	2	145	1
3	2	5	2	38	1
2	0	1	3	110	1
3	1	5	2	297	1
3	0	3	3	112	2
2	0	1	3	179	2
3	0	1	3	211	2
2	3	5	2	26	2
3	1	7	2	57	1
3	2	3	2	245	1
3	1	2	2	13	1
3	2	5	2	293	2
0	2	0	1	124	2
2	1	3	2	239	2
0	2	0	1	70	2
3	0	4	3	234	1
0	1	0	1	310	1
3	0	3	3	114	1
3	2	3	2	140	2
0	2	0	1	234	2
1	3	3	2	281	1
3	0	5	3	184	2
2	1	1	2	288	2
2	1	7	2	284	2
1	3	3	2	105	1
3	2	5	2	288	2
3	0	2	3	183	2
0	2	0	1	140	1
0	3	0	1	246	2
1	0	6	3	10	1
0	1	0	1	294	2
2	1	6	2	238	2
0	3	0	1	305	2
1	0	6	3	70	2
0	3	0	1	255	2
3	1	1	2	111	1
2	3	6	2	145	1
1	2	7	2	76	2
1	0	1	3	243	1
1	0	7	3	268	1
0	3	0	1	131	2
2	3	1	2	186	1
2	3	7	2	280	1
2	0	7	3	280	2
3	1	2	2	262	2
1	2	4	2	261	2
1	2	1	2	231	2
1	0	5	3	227	1
0	1	0	1	277	1
2	1	3	2	5	1
2	3	4	2	28	2
1	3	7	2	207	2
0	3	0	1	151	1
0	1	0	1	24	2
3	2	4	2	225	1
3	1	5	2	280	1
3	2	4	2	134	1
0	1	0	1	116	1
0	3	0	1	277	1
0	3	0	1	39	1
0	1	0	1	90	2
0	3	0	1	316	2
1	3	7	2	216	1
2	3	7	2	63	2
2	1	1	2	160	2
3	1	3	2	228	2
1	0	6	3	153	2
1	0	6	3	86	2
1	0	5	3	27	2
0	1	0	1	191	1
2	1	1	2	249	2
3	0	2	3	279	1
3	1	4	2	84	2
3	1	3	2	206	2
3	2	2	2	311	1
0	2	0	1	90	1
2	1	7	2	239	2
3	0	1	3	246	2
1	2	2	2	318	1
2	0	3	3	97	2
0	2	0	1	156	1
0	2	0	1	247	1
0	3	0	1	1	1
2	3	3	2	67	2
0	3	0	1	176	2
3	1	5	2	78	1
3	0	4	3	40	1
2	1	5	2	181	2
2	0	6	3	171	2
3	1	1	2	316	1
0	2	0	1	296	2
2	3	3	2	157	1
1	2	5	2	127	2
3	2	3	2	258	2
2	1	4	2	223	2
2	0	6	3	223	2
3	1	6	2	242	1
3	0	1	3	236	2
1	3	6	2	254	2
0	3	0	1	236	1
0	2	0	1	196	2
2	1	5	2	294	2
3	0	4	3	129	1
3	0	3	3	183	2
0	3	0	1	151	1
3	1	6	2	10	1
3	0	2	3	194	2
3	1	2	2	115	2
3	0	2	3	84	2
1	0	7	3	254	1
2	0	1	3	164	2
0	1	0	1	298	2
3	0	4	3	146	1
3	0	4	3	50	2
2	0	6	3	298	1
1	3	5	2	115	1
1	2	6	2	57	1
2	1	5	2	76	2
1	0	1	3	169	1
3	1	7	2	98	1
0	2	0	1	48	2
3	1	6	2	116	1
2	3	1	2	150	1
0	2	0	1	13	1
2	1	1	2	147	2
1	0	4	3	30	1
2	0	6	3	154	2
3	1	2	2	73	1
3	1	1	2	39	2
0	2	0	1	208	1
0	1	0	1	154	1
0	3	0	1	250	2
0	3	0	1	200	1
3	0	1	3	85	2
1	0	4	3	21	1
1	3	2	2	42	1
0	3	0	1	97	2
2	3	3	2	302	2
3	0	2	3	53	1
3	1	7	2	241	1
3	2	2	2	313	1
2	0	7	3	38	1
1	3	2	2	183	1
2	0	2	3	99	1
2	0	3	3	286	1
3	0	4	3	20	1
2	0	3	3	126	2
2	1	3	2	77	2
3	1	3	2	96	2
1	0	1	3	66	2
2	3	7	2	128	2
3	1	1	2	164	2
2	3	1	2	288	1
3	2	1	2	71	1
0	2	0	1	77	1
0	3	0	1	270	2
1	0	1	3	241	1
1	2	5	2	209	2
3	1	5	2	243	2
3	1	6	2	131	2
1	2	6	2	260	1
2	0	3	3	111	1
0	2	0	1	278	2
1	2	1	2	33	1
0	2	0	1	117	1
1	2	1	2	250	1
3	1	5	2	51	1
1	3	4	2	85	2
3	0	1	3	23	1
2	3	6	2	98	1
1	3	4	2	71	1
3	0	2	3	230	1
1	0	7	3	207	2
0	1	0	1	184	1
2	3	2	2	58	2
1	0	5	3	13	1
0	2	0	1	65	1
3	0	2	3	112	1
0	2	0	1	213	2
1	0	5	3	5	2
0	2	0	1	95	1
1	3	5	2	172	2
3	2	7	2	80	2
3	1	3	2	229	1
0	3	0	1	37	1
3	1	4	2	66	1
3	1	6	2	187	1
0	2	0	1	137	1
1	0	5	3	164	1
1	3	2	2	151	1
3	0	1	3	280	2
3	2	4	2	266	1
0	2	0	1	213	1
1	2	5	2	107	2
0	2	0	1	305	2
1	3	3	2	251	1
0	3	0	1	157	1
2	1	2	2	114	2
1	2	1	2	141	2
1	3	6	2	112	1
2	1	2	2	272	2
3	0	2	3	44	2
3	0	4	3	27	1
2	0	6	3	110	1
0	2	0	1	285	1
2	3	5	2	313	2
2	3	5	2	16	2
2	1	6	2	128	2
2	0	2	3	34	2
1	0	7	3	183	1
2	1	7	2	162	2
2	0	2	3	39	2
1	0	1	3	264	1
0	1	0	1	193	1
3	2	3	2	246	1
0	3	0	1	93	2
1	2	3	2	88	1
1	0	1	3	193	2
0	2	0	1	7	1
0	2	0	1	130	1
0	3	0	1	284	1
0	3	0	1	313	2
0	1	0	1	3	1
3	0	4	3	21	2
3	1	2	2	84	2
1	0	1	3	81	1
0	3	0	1	9	1
1	3	6	2	50	1
0	3	0	1	129	1
1	2	5	2	315	1
2	0	6	3	55	2
3	2	1	2	246	2
3	1	6	2	317	1
0	1	0	1	42	2
0	2	0	1	12	1
2	0	7	3	12	1
2	1	6	2	70	1
0	3	0	1	71	2
1	3	1	2	275	2
2	1	7	2	243	2
0	3	0	1	100	1
1	3	6	2	311	2
3	0	5	3	160	1
3	0	3	3	144	1
1	0	1	3	255	2
0	2	0	1	260	2
3	1	3	2	77	1
2	1	2	2	127	1
3	1	7	2	108	2
1	0	6	3	45	2
1	2	2	2	165	1
2	0	1	3	80	1
0	1	0	1	60	2
0	3	0	1	94	1
3	1	2	2	290	1
3	0	2	3	83	1
3	2	3	2	87	2
2	3	5	2	48	2
1	0	4	3	102	2
3	2	4	2	267	1
0	1	0	1	114	2
0	2	0	1	99	2
3	0	5	3	172	1
3	2	6	2	67	2
0	2	0	1	109	2
0	3	0	1	56	1
0	3	0	1	152	2
3	0	2	3	276	2
2	3	1	2	67	2
1	2	3	2	214	2
0	1	0	1	0	1
3	0	4	3	51	2
1	2	3	2	299	2
2	0	3	3	290	2
0	2	0	1	128	2
1	2	2	2	126	1
2	3	2	2	122	2
0	1	0	1	31	2
1	2	3	2	140	1
2	3	1	2	84	2
1	0	5	3	252	1
1	0	4	3	126	1
3	0	2	3	230	2
0	2	0	1	0	1
2	1	1	2	167	1
3	1	4	2	210	2
1	2	6	2	149	1
2	3	2	2	138	1
2	1	4	2	68	2
3	2	1	2	233	1
0	1	0	1	276	2
3	1	7	2	245	2
3	2	6	2	252	1
2	1	3	2	34	2
0	1	0	1	315	1
2	3	1	2	213	1
2	1	4	2	318	2
0	2	0	1	25	1
0	3	0	1	159	2
3	0	1	3	10	2
0	1	0	1	56	1
3	1	2	2	113	1
1	0	6	3	254	2
0	1	0	1	175	1
2	3	3	2	243	1
2	1	4	2	263	1
3	2	6	2	54	1
0	2	0	1	91	1
2	3	3	2	231	2
2	1	4	2	88	1
3	0	1	3	298	2
1	0	5	3	179	1
1	0	6	3	4	2
3	0	5	3	118	1
1	0	6	3	208	2
0	1	0	1	314	2
3	1	4	2	208	1
2	1	2	2	179	2
2	1	1	2	268	2
0	1	0	1	270	2
3	0	2	3	80	1
3	2	3	2	175	1
0	3	0	1	313	2
2	1	4	2	298	2
0	1	0	1	244	1
1	0	5	3	203	2
0	2	0	1	156	2
0	3	0	1	14	2
1	2	3	2	145	2
2	3	4	2	22	1
1	3	5	2	81	1
3	0	2	3	13	1
0	3	0	1	52	2
1	3	4	2	226	2
3	0	3	3	207	2
3	2	2	2	29	2
2	0	2	3	24	1
0	3	0	1	297	1
3	1	6	2	213	2
2	1	1	2	150	2
0	1	0	1	60	1
1	0	6	3	130	1
1	3	6	2	207	1
2	1	4	2	236	1
0	2	0	1	42	1
1	2	1	2	265	1
0	2	0	1	74	1
0	1	0	1	101	1
0	2	0	1	251	2
1	3	5	2	51	1
2	0	3	3	124	2
0	3	0	1	293	2
1	0	6	3	204	1
1	0	5	3	315	1
3	0	5	3	267	1
0	2	0	1	22	2
3	0	3	3	205	2
0	3	0	1	20	1
3	0	3	3	73	2
0	3	0	1	249	2
1	0	4	3	316	1
2	0	6	3	181	2
2	1	5	2	186	1
0	3	0	1	232	2
0	2	0	1	205	2
1	0	4	3	114	1
3	1	3	2	73	1
2	3	1	2	21	1
3	0	5	3	214	1
3	1	1	2	57	2
2	1	3	2	127	2
0	1	0	1	293	1
2	3	1	2	23	1
1	0	6	3	248	1
2	3	4	2	180	1
0	2	0	1	30	2
2	3	6	2	156	2
3	2	2	2	283	2
0	1	0	1	107	2
1	0	4	3	318	1
3	1	6	2	133	2
2	1	4	2	36	2
3	2	4	2	16	2
2	0	1	3	215	1
2	3	1	2	95	2
2	1	5	2	64	1
3	1	6	2	29	2
0	3	0	1	68	1
3	2	5	2	284	2
2	0	1	3	168	2
2	3	2	2	129	1
0	1	0	1	0	2
0	3	0	1	243	1
1	3	6	2	310	1
0	3	0	1	103	1
1	0	7	3	30	2
3	0	3	3	144	1
3	0	2	3	185	1
1	2	3	2	225	1
0	3	0	1	101	2
0	2	0	1	213	2
0	2	0	1	61	1
2	1	2	2	188	2
1	0	4	3	116	2
0	1	0	1	217	2
3	2	2	2	275	1
1	0	6	3	150	1
3	2	3	2	81	1
0	3	0	1	203	1
0	2	0	1	10	1
3	0	5	3	69	1
3	0	5	3	208	1
1	2	5	2	37	1
2	1	4	2	203	2
2	1	6	2	54	2
0	3	0	1	176	1
3	0	1	3	108	2
3	2	5	2	107	2
3	2	5	2	103	1
1	3	2	2	175	1
1	3	1	2	37	1
3	2	3	2	106	2
0	1	0	1	208	1
1	2	6	2	44	1
0	1	0	1	290	1
1	2	4	2	273	2
3	0	3	3	299	1
2	3	3	2	202	2
3	2	3	2	29	2
3	0	2	3	116	2
2	1	7	2	123	1
1	2	7	2	303	1
3	1	2	2	92	2
2	1	2	2	144	1
1	3	5	2	57	1
2	0	2	3	82	2
0	1	0	1	301	1
2	0	6	3	180	2
1	2	7	2	120	2
1	2	7	2	285	2
3	0	3	3	161	2
3	2	1	2	291	1
0	2	0	1	110	1
1	0	6	3	296	1
1	3	4	2	157	2
3	2	2	2	263	1
0	3	0	1	8	1
1	0	4	3	170	1
1	0	1	3	235	1
2	3	6	2	16	1
3	0	5	3	116	2
1	0	7	3	192	1
1	2	5	2	24	2
3	2	4	2	131	2
2	0	2	3	300	1
2	0	1	3	3	1
1	3	1	2	9	1
3	2	4	2	291	2
2	0	2	3	146	2
1	2	3	2	90	1
1	0	1	3	219	2
1	3	3	2	245	1
3	1	6	2	45	2
1	3	2	2	20	1
3	1	5	2	133	2
0	3	0	1	44	1
2	0	1	3	206	2
0	3	0	1	273	2
2	0	2	3	119	1
3	2	3	2	45	2
1	3	3	2	141	1
2	0	7	3	144	1
2	0	3	3	24	2
3	0	3	3	199	1
0	2	0	1	54	1
1	2	4	2	97	2
3	2	2	2	101	1
3	1	5	2	10	2
1	3	2	2	226	1
3	0	4	3	74	2
3	2	5	2	164	1
0	1	0	1	264	2
2	1	4	2	160	1
1	0	5	3	48	2
1	2	5	2	93	1
2	0	6	3	109	1
0	2	0	1	253	2
3	1	5	2	309	1
3	0	1	3	171	1
2	0	2	3	53	2
3	0	2	3	21	2
3	0	5	3	218	1
1	0	7	3	180	2
2	1	3	2	227	2
0	2	0	1	263	2
3	1	3	2	28	2
0	2	0	1	162	1
3	1	7	2	60	1
3	1	2	2	317	2
3	0	2	3	35	1
1	3	1	2	36	2
2	0	7	3	223	1
0	1	0	1	267	2
2	0	1	3	314	1
0	1	0	1	202	2
1	2	1	2	21	1
1	0	4	3	261	1
3	2	1	2	259	1
2	1	4	2	191	1
0	2	0	1	34	2
1	2	7	2	51	1
0	2	0	1	259	2
3	2	4	2	62	2
3	2	4	2	192	2
2	3	4	2	243	1
3	1	2	2	70	1
1	2	5	2	14	2
2	1	7	2	274	2
3	0	3	3	185	2
1	0	6	3	271	1
3	2	4	2	313	2
3	2	5	2	51	2
0	1	0	1	114	2
0	3	0	1	253	1
2	0	3	3	128	2
2	3	4	2	44	1
1	0	1	3	21	2
1	3	7	2	196	2
3	1	6	2	222	1
2	0	3	3	202	2
3	2	1	2	225	2
2	0	2	3	117	2
1	2	1	2	79	1
0	3	0	1	172	2
0	2	0	1	224	1
2	1	1	2	71	2
0	2	0	1	192	2
0	1	0	1	222	2
1	0	4	3	0	1
2	3	4	2	163	2
0	1	0	1	60	1
1	2	4	2	284	1
3	0	1	3	23	2
1	0	6	3	5	1
1	0	4	3	3	1
3	1	7	2	295	2
1	2	2	2	119	1
3	0	4	3	192	2
1	3	1	2	122	1
1	3	1	2	209	1
0	3	0	1	207	2
3	0	3	3	247	1
2	3	3	2	88	1
3	0	3	3	51	2
3	2	6	2	241	2
2	1	7	2	192	1
0	2	0	1	208	2
2	1	3	2	28	1
3	2	2	2	247	2
2	0	3	3	54	1
3	0	2	3	178	1
0	2	0	1	307	1
3	2	1	2	144	2
1	2	3	2	3	2
0	1	0	1	233	1
3	2	3	2	241	1
1	2	2	2	16	2
3	0	1	3	125	2
1	0	6	3	217	1
0	3	0	1	124	1
0	3	0	1	266	2
2	3	2	2	163	1
2	0	3	3	155	2
1	0	1	3	58	1
1	3	5	2	227	1
2	3	7	2	236	2
