0	3	0	1	279	8
3	2	7	2	30	3
0	3	0	1	128	4
1	0	4	3	130	32
2	1	6	2	157	3
2	3	1	2	162	4
1	3	1	2	154	3
3	1	2	2	261	4
0	3	0	1	55	3
1	3	5	2	179	8
2	3	6	2	309	4
2	0	7	3	172	32
3	1	3	2	253	3
1	2	2	2	29	3
3	2	1	2	53	4
3	0	5	3	122	4
2	0	3	3	116	32
2	0	7	3	125	8
2	3	4	2	12	4
1	3	6	2	18	4
0	3	0	1	190	4
0	2	0	1	155	3
0	3	0	1	127	4
0	2	0	1	153	4
2	0	7	3	29	4
0	1	0	1	62	4
3	1	6	2	129	32
1	2	4	2	312	8
1	2	6	2	235	8
3	1	7	2	65	4
0	1	0	1	150	8
0	2	0	1	27	32
1	3	3	2	12	32
2	3	7	2	198	32
0	3	0	1	150	8
1	2	1	2	261	3
1	3	1	2	25	8
0	2	0	1	59	3
2	1	3	2	100	32
2	3	4	2	2	8
1	0	4	3	209	3
0	1	0	1	267	4
1	0	7	3	104	32
1	0	7	3	257	32
0	1	0	1	255	32
0	2	0	1	115	3
2	3	7	2	20	4
0	2	0	1	55	8
3	0	1	3	311	3
0	1	0	1	122	3
3	2	5	2	0	4
3	0	2	3	222	8
1	2	6	2	238	3
3	1	4	2	141	3
0	1	0	1	137	32
0	3	0	1	156	4
1	0	4	3	70	3
2	3	3	2	47	4
2	3	4	2	229	4
0	3	0	1	271	3
3	1	4	2	221	3
2	0	7	3	210	8
3	0	3	3	94	8
3	1	3	2	204	4
0	1	0	1	171	8
3	2	1	2	79	4
3	1	6	2	27	8
1	3	5	2	38	3
1	0	1	3	117	4
0	3	0	1	308	3
1	3	4	2	132	3
1	2	2	2	15	4
3	1	5	2	275	8
1	2	2	2	206	3
1	0	4	3	135	4
0	3	0	1	146	3
3	2	4	2	219	8
0	1	0	1	219	8
2	1	4	2	256	32
1	0	6	3	113	3
2	0	6	3	225	32
0	3	0	1	121	8
2	3	4	2	44	4
3	0	3	3	55	32
3	2	1	2	261	32
2	1	1	2	71	32
0	2	0	1	246	4
2	3	4	2	234	8
2	0	1	3	126	4
0	2	0	1	254	3
2	1	7	2	9	32
3	0	4	3	90	3
2	3	4	2	270	3
3	0	4	3	52	32
2	0	6	3	300	8
2	3	2	2	159	3
2	0	2	3	4	32
3	0	2	3	60	8
0	1	0	1	97	8
1	3	4	2	164	8
1	0	6	3	237	8
2	1	2	2	113	3
0	1	0	1	60	32
0	3	0	1	98	4
2	1	7	2	311	3
2	0	1	3	29	3
3	1	6	2	278	3
3	0	2	3	37	8
2	1	7	2	199	32
3	1	1	2	69	8
1	0	7	3	62	4
1	3	6	2	40	32
1	2	2	2	92	3
0	3	0	1	283	32
0	1	0	1	54	4
3	2	1	2	119	4
0	2	0	1	100	3
0	2	0	1	98	32
0	3	0	1	254	4
1	0	1	3	90	3
2	0	7	3	118	3
0	2	0	1	255	4
0	1	0	1	253	32
2	3	1	2	87	4
3	2	1	2	128	32
1	3	2	2	293	4
0	2	0	1	250	3
2	0	2	3	261	4
0	3	0	1	207	3
3	2	2	2	192	4
3	0	2	3	149	3
2	0	1	3	4	3
1	0	5	3	78	3
1	0	6	3	171	3
0	1	0	1	71	32
1	0	5	3	226	8
3	0	3	3	40	8
1	3	5	2	179	8
3	0	5	3	183	3
2	3	3	2	65	4
1	2	7	2	175	3
2	0	6	3	97	32
1	2	3	2	137	3
0	2	0	1	282	3
3	0	2	3	58	32
1	3	3	2	76	3
3	1	5	2	127	4
2	1	7	2	190	8
3	0	3	3	104	4
2	0	2	3	60	4
2	0	1	3	118	3
1	3	4	2	122	4
2	0	3	3	311	4
3	2	7	2	47	8
3	2	2	2	159	32
0	3	0	1	294	8
3	2	3	2	74	32
0	1	0	1	55	8
3	0	2	3	36	4
3	2	5	2	109	4
3	1	6	2	306	3
2	3	7	2	148	3
0	1	0	1	59	32
3	0	1	3	54	3
1	3	5	2	162	3
2	1	3	2	273	8
2	0	6	3	298	3
3	2	4	2	98	3
0	1	0	1	34	8
2	3	3	2	78	3
3	1	3	2	85	4
3	1	4	2	57	8
2	0	6	3	130	4
1	0	7	3	223	3
2	0	6	3	13	32
3	0	3	3	206	32
2	0	6	3	186	32
3	0	4	3	307	4
1	2	7	2	315	4
3	1	5	2	302	8
1	0	7	3	144	8
0	1	0	1	11	8
1	2	6	2	113	4
1	3	4	2	233	32
3	2	1	2	201	4
1	2	7	2	5	32
0	1	0	1	157	4
3	1	5	2	6	3
3	1	1	2	196	3
1	2	5	2	231	8
1	3	1	2	7	4
2	0	3	3	264	4
1	2	4	2	204	4
3	2	4	2	87	3
0	1	0	1	75	3
2	3	4	2	301	3
2	3	6	2	100	3
2	0	6	3	235	3
3	0	5	3	239	3
3	0	1	3	209	4
3	0	1	3	39	32
3	1	6	2	114	32
3	1	5	2	122	8
2	3	4	2	12	32
0	1	0	1	285	32
2	1	1	2	128	3
1	3	1	2	245	4
3	2	4	2	69	4
0	2	0	1	28	3
3	2	3	2	233	3
0	1	0	1	145	4
3	0	1	3	126	4
3	2	2	2	179	3
3	2	6	2	175	3
3	1	4	2	114	8
3	2	1	2	202	3
1	2	2	2	218	3
0	1	0	1	308	4
1	0	1	3	232	4
3	0	4	3	279	4
2	1	6	2	275	3
3	2	2	2	271	8
3	2	6	2	224	3
2	1	6	2	119	32
3	2	3	2	137	32
3	1	6	2	222	8
2	3	4	2	174	4
2	1	3	2	15	32
3	0	1	3	228	4
2	1	5	2	281	8
2	1	1	2	130	32
0	2	0	1	170	4
2	3	1	2	238	3
0	2	0	1	215	3
3	2	1	2	293	3
1	0	7	3	252	8
1	0	1	3	241	8
0	3	0	1	303	8
1	3	4	2	111	4
0	2	0	1	91	4
0	2	0	1	61	4
3	2	5	2	273	8
2	1	3	2	167	8
1	3	1	2	146	3
2	1	6	2	8	3
3	0	4	3	106	32
0	3	0	1	105	32
3	0	3	3	51	3
3	0	2	3	215	32
2	3	6	2	36	32
1	0	5	3	19	32
0	2	0	1	254	32
3	2	3	2	81	3
1	3	7	2	18	32
0	3	0	1	54	32
1	2	1	2	110	3
3	2	7	2	190	4
1	3	4	2	309	8
1	3	1	2	209	32
0	2	0	1	32	4
2	1	1	2	140	32
1	3	1	2	180	32
1	3	5	2	142	32
1	0	1	3	263	32
0	2	0	1	246	32
1	0	6	3	11	32
3	2	4	2	53	4
3	1	1	2	245	32
1	3	5	2	60	8
1	3	2	2	279	4
2	1	5	2	259	32
0	3	0	1	33	3
2	3	1	2	161	4
3	0	4	3	53	4
0	3	0	1	294	3
1	3	6	2	108	3
0	3	0	1	245	32
0	2	0	1	118	3
3	2	6	2	238	4
0	3	0	1	182	4
1	2	7	2	26	4
2	3	4	2	315	3
3	1	2	2	223	32
0	2	0	1	148	3
1	0	5	3	144	3
0	2	0	1	70	32
1	3	7	2	178	3
2	3	4	2	245	3
1	3	3	2	6	8
3	0	2	3	237	3
2	1	2	2	123	4
1	3	6	2	16	32
1	3	3	2	109	8
2	0	2	3	135	4
0	1	0	1	220	8
0	1	0	1	150	3
0	1	0	1	253	8
2	0	6	3	164	32
2	1	4	2	283	3
2	0	3	3	254	4
3	2	1	2	20	32
3	2	2	2	97	3
0	1	0	1	55	4
1	0	7	3	104	8
1	2	3	2	297	8
3	2	3	2	75	32
2	0	6	3	106	4
0	2	0	1	46	8
3	1	1	2	88	3
0	1	0	1	102	3
0	3	0	1	227	3
2	1	3	2	144	32
3	0	2	3	190	8
1	2	2	2	58	8
3	1	6	2	210	3
3	1	7	2	27	4
3	0	3	3	40	3
3	0	2	3	91	8
1	0	6	3	69	32
0	3	0	1	55	3
1	2	7	2	271	32
2	1	3	2	131	32
1	2	6	2	273	3
1	2	1	2	242	3
2	0	6	3	49	4
1	0	5	3	232	3
3	2	5	2	83	8
1	0	1	3	26	4
3	0	2	3	18	32
1	2	3	2	80	8
3	2	4	2	312	3
2	0	6	3	79	32
0	1	0	1	231	4
1	0	7	3	261	32
3	2	4	2	193	3
0	3	0	1	12	32
3	2	5	2	128	8
0	3	0	1	13	32
3	2	2	2	23	3
1	3	1	2	241	8
0	1	0	1	99	4
1	2	3	2	239	32
2	0	6	3	73	8
3	1	4	2	3	4
0	3	0	1	220	3
0	2	0	1	93	3
3	2	1	2	128	8
2	3	4	2	50	8
3	2	1	2	305	4
1	3	4	2	19	3
1	2	5	2	143	8
0	3	0	1	281	8
2	3	3	2	126	4
3	2	2	2	98	8
2	3	6	2	37	3
1	3	1	2	123	4
1	3	2	2	17	4
0	1	0	1	148	8
0	3	0	1	244	32
3	2	1	2	102	4
3	1	1	2	72	8
0	2	0	1	142	4
3	1	2	2	12	3
1	2	2	2	3	3
3	2	1	2	212	32
3	1	4	2	291	3
0	2	0	1	76	8
3	0	1	3	192	4
0	3	0	1	201	4
0	3	0	1	104	32
2	0	1	3	31	32
0	1	0	1	161	3
0	3	0	1	258	32
1	3	6	2	186	3
1	2	3	2	16	8
2	3	7	2	151	8
2	0	6	3	10	32
1	0	5	3	232	4
2	1	3	2	279	4
3	0	3	3	253	8
1	2	6	2	27	4
2	0	7	3	91	8
0	1	0	1	25	8
3	1	2	2	292	3
2	3	2	2	303	4
3	2	7	2	316	4
2	1	3	2	162	4
2	3	7	2	185	8
1	3	1	2	90	3
3	1	5	2	26	4
0	2	0	1	62	4
0	1	0	1	202	4
3	0	2	3	205	8
0	3	0	1	255	8
2	3	2	2	303	3
3	0	4	3	204	32
0	2	0	1	20	8
1	0	1	3	111	4
0	1	0	1	183	4
0	2	0	1	209	8
1	3	3	2	49	8
2	3	3	2	48	32
2	3	2	2	8	32
2	3	4	2	22	8
2	1	6	2	26	3
3	2	1	2	164	32
2	1	2	2	97	3
3	2	6	2	254	32
0	1	0	1	262	8
2	0	2	3	195	3
0	1	0	1	233	4
3	1	5	2	279	4
1	2	5	2	212	32
0	2	0	1	92	4
0	3	0	1	96	4
3	1	5	2	58	3
1	3	2	2	133	3
3	1	7	2	198	4
0	1	0	1	80	3
3	0	3	3	99	32
3	0	5	3	93	8
0	3	0	1	58	8
3	0	4	3	48	32
3	2	2	2	255	4
1	2	5	2	58	32
0	3	0	1	202	8
2	3	1	2	161	4
3	0	5	3	154	3
2	1	7	2	6	32
3	0	5	3	115	32
3	1	6	2	99	32
1	3	1	2	114	4
2	0	6	3	267	3
3	0	1	3	238	8
0	3	0	1	296	3
0	1	0	1	80	4
0	3	0	1	191	8
1	0	5	3	296	3
2	3	6	2	287	4
0	2	0	1	235	8
0	1	0	1	150	4
3	2	4	2	25	32
0	2	0	1	158	3
1	2	4	2	115	3
3	2	5	2	264	4
0	1	0	1	166	8
0	3	0	1	246	3
0	2	0	1	17	8
1	2	3	2	189	8
3	2	3	2	309	4
1	0	4	3	212	8
3	2	6	2	191	3
0	3	0	1	123	8
3	0	5	3	163	4
0	3	0	1	0	32
2	3	5	2	197	32
2	0	6	3	196	32
3	0	5	3	274	8
0	1	0	1	146	8
0	2	0	1	248	3
2	1	2	2	300	8
2	0	6	3	100	3
3	2	3	2	304	8
3	2	5	2	239	4
3	1	5	2	190	32
2	3	1	2	87	32
1	2	5	2	282	32
3	1	4	2	172	3
2	1	1	2	55	3
1	3	6	2	30	32
0	3	0	1	176	3
0	3	0	1	254	4
3	0	4	3	123	3
1	0	5	3	286	32
2	0	2	3	266	3
3	0	2	3	299	3
2	1	5	2	33	8
2	3	5	2	221	4
2	0	1	3	119	8
3	0	5	3	186	32
2	3	4	2	209	8
1	3	2	2	190	32
1	2	5	2	277	8
3	0	5	3	220	32
1	3	7	2	134	8
2	1	3	2	246	32
3	2	7	2	154	4
2	0	6	3	222	3
0	2	0	1	36	3
3	0	4	3	123	3
1	2	5	2	72	32
3	0	2	3	93	8
3	1	3	2	267	4
0	1	0	1	250	8
1	2	1	2	62	4
2	1	6	2	266	32
3	1	3	2	293	8
2	1	4	2	32	4
3	0	1	3	58	3
1	3	5	2	231	8
2	3	7	2	182	32
1	0	6	3	211	3
3	0	3	3	268	3
3	0	5	3	267	32
3	1	2	2	228	4
0	2	0	1	60	4
0	1	0	1	274	8
0	2	0	1	150	32
3	1	4	2	308	4
3	1	5	2	84	4
0	3	0	1	139	32
0	2	0	1	131	3
3	2	4	2	260	4
1	0	5	3	92	8
3	0	2	3	272	4
3	2	4	2	204	3
3	1	4	2	241	3
3	0	5	3	205	4
2	1	2	2	197	32
2	3	3	2	17	32
3	2	5	2	287	4
3	1	5	2	94	4
3	2	7	2	276	4
0	1	0	1	200	3
2	0	7	3	51	3
1	3	3	2	79	32
0	3	0	1	68	4
0	1	0	1	246	3
1	0	6	3	82	8
1	2	7	2	50	3
3	1	4	2	187	4
3	0	4	3	41	4
2	1	2	2	287	8
2	1	3	2	202	4
1	3	6	2	237	8
1	3	3	2	229	32
0	2	0	1	122	8
1	3	4	2	30	8
3	1	4	2	181	32
2	0	1	3	308	4
3	1	5	2	16	3
2	3	1	2	292	4
2	0	2	3	208	32
0	2	0	1	265	8
1	0	1	3	223	3
0	1	0	1	180	8
0	2	0	1	264	3
3	2	3	2	270	8
2	1	4	2	191	8
3	0	3	3	281	32
0	1	0	1	215	32
2	0	7	3	79	8
0	1	0	1	290	8
2	3	4	2	241	32
0	2	0	1	93	3
2	0	6	3	265	8
2	3	6	2	49	3
0	3	0	1	69	8
1	0	7	3	49	4
3	2	7	2	42	4
1	0	7	3	171	8
2	3	1	2	143	32
1	3	5	2	134	32
3	1	2	2	107	32
3	1	4	2	108	8
2	0	7	3	125	4
1	3	6	2	66	8
1	3	5	2	65	4
2	0	3	3	103	32
3	0	5	3	18	4
0	3	0	1	49	3
2	1	5	2	281	8
0	3	0	1	108	3
0	3	0	1	151	4
0	2	0	1	209	32
0	2	0	1	115	3
0	1	0	1	288	8
3	2	2	2	226	8
3	0	5	3	60	8
1	0	6	3	85	4
3	1	1	2	271	32
0	3	0	1	248	4
3	1	7	2	31	32
0	2	0	1	94	32
2	1	7	2	175	3
3	1	2	2	270	32
3	0	2	3	295	3
2	0	7	3	206	4
3	2	5	2	130	4
1	3	6	2	266	32
1	2	2	2	171	4
0	3	0	1	20	4
1	3	2	2	286	32
2	1	3	2	128	32
1	3	5	2	269	8
0	3	0	1	96	32
0	1	0	1	45	8
3	1	3	2	128	32
1	2	5	2	276	8
2	3	4	2	143	3
3	2	4	2	31	4
0	3	0	1	12	4
0	1	0	1	174	4
2	0	3	3	32	32
1	2	2	2	173	8
2	0	6	3	191	4
2	0	7	3	50	3
2	0	1	3	82	3
1	3	6	2	75	8
3	0	5	3	124	8
3	2	2	2	148	3
0	2	0	1	260	4
2	1	3	2	237	4
2	0	7	3	194	4
0	2	0	1	215	4
0	3	0	1	279	3
1	0	4	3	237	32
1	2	2	2	313	3
1	3	3	2	58	4
0	2	0	1	36	32
3	0	3	3	38	8
0	3	0	1	206	32
1	3	4	2	154	32
0	1	0	1	228	3
0	3	0	1	81	8
3	0	4	3	221	32
2	0	3	3	43	3
1	0	5	3	183	4
3	2	2	2	213	3
1	0	5	3	30	3
3	2	5	2	267	3
0	1	0	1	25	8
2	0	7	3	100	8
2	3	2	2	263	3
2	1	4	2	177	3
3	2	1	2	197	4
1	2	4	2	236	32
3	0	3	3	53	3
3	2	7	2	111	3
1	2	5	2	79	3
1	2	7	2	305	4
2	0	3	3	149	8
1	2	5	2	160	4
0	2	0	1	237	4
1	0	6	3	123	4
0	1	0	1	85	3
3	2	6	2	15	32
1	3	7	2	40	4
0	1	0	1	94	3
0	2	0	1	289	4
2	3	4	2	154	32
2	0	2	3	202	8
3	0	2	3	280	32
3	2	7	2	131	3
1	3	5	2	58	32
1	0	6	3	285	3
2	3	5	2	121	8
2	1	2	2	26	3
2	3	1	2	11	4
0	2	0	1	275	32
1	3	1	2	93	8
1	0	6	3	281	3
0	1	0	1	212	8
1	3	6	2	179	4
2	1	2	2	94	8
0	2	0	1	7	32
2	3	6	2	248	3
1	3	2	2	39	32
3	1	6	2	189	32
3	1	5	2	300	3
3	2	5	2	302	8
2	0	2	3	275	3
2	3	3	2	77	8
2	3	3	2	45	3
3	2	3	2	229	4
0	1	0	1	312	4
1	3	2	2	132	3
3	2	7	2	195	3
1	0	5	3	90	3
3	2	1	2	147	8
2	0	6	3	126	4
0	3	0	1	254	3
1	2	1	2	81	3
1	0	4	3	311	4
1	2	5	2	152	8
0	2	0	1	299	3
3	2	6	2	112	4
3	2	4	2	202	8
2	3	2	2	117	8
0	1	0	1	87	8
3	0	5	3	226	4
1	0	1	3	131	3
1	2	4	2	3	8
3	2	6	2	307	8
2	1	4	2	134	4
1	2	6	2	0	8
3	1	3	2	187	32
1	3	7	2	245	8
0	2	0	1	136	8
0	2	0	1	205	32
3	0	4	3	216	4
3	1	5	2	5	3
1	3	5	2	55	3
1	3	7	2	275	8
3	0	2	3	5	32
2	1	6	2	25	8
3	1	2	2	281	3
2	3	6	2	191	3
3	0	4	3	181	32
0	2	0	1	313	3
3	2	5	2	265	3
0	1	0	1	225	8
3	2	1	2	91	8
1	2	6	2	158	4
1	2	1	2	201	8
3	1	3	2	111	32
0	1	0	1	107	8
0	3	0	1	152	8
0	1	0	1	17	8
3	1	5	2	115	3
3	1	6	2	139	32
3	0	3	3	205	8
2	0	1	3	193	3
0	3	0	1	99	3
2	0	7	3	54	4
1	0	7	3	217	32
2	0	1	3	42	32
3	1	3	2	37	4
0	2	0	1	141	8
3	0	4	3	277	8
0	3	0	1	52	32
3	1	6	2	155	32
1	2	3	2	164	3
0	1	0	1	84	3
0	1	0	1	235	4
1	3	4	2	264	4
3	2	4	2	259	3
1	0	1	3	208	4
0	2	0	1	76	3
2	3	2	2	233	8
3	2	7	2	201	8
2	0	7	3	98	4
2	3	7	2	165	32
3	2	4	2	171	8
1	3	2	2	60	3
1	2	1	2	147	3
2	1	1	2	160	4
0	2	0	1	169	8
1	3	7	2	242	3
1	3	3	2	199	3
3	2	5	2	61	4
2	1	7	2	88	4
0	3	0	1	259	4
2	3	5	2	304	3
1	3	1	2	52	32
3	0	4	3	73	3
1	3	2	2	249	8
1	0	7	3	242	32
1	2	1	2	282	32
2	1	5	2	191	32
1	0	6	3	170	8
0	3	0	1	70	8
1	0	7	3	0	8
0	3	0	1	142	8
2	0	6	3	170	32
1	2	4	2	37	4
3	1	7	2	147	32
0	3	0	1	25	4
1	3	5	2	2	32
2	3	3	2	294	3
3	0	5	3	76	3
0	3	0	1	198	32
0	3	0	1	185	4
0	1	0	1	252	32
2	1	7	2	242	8
3	1	2	2	139	32
0	3	0	1	266	3
1	0	1	3	88	8
3	0	5	3	22	4
1	0	7	3	95	8
0	1	0	1	271	32
0	2	0	1	10	8
0	3	0	1	147	3
2	3	5	2	12	4
2	1	3	2	76	8
1	2	6	2	48	8
2	1	4	2	76	3
1	2	3	2	115	8
0	2	0	1	22	4
1	2	4	2	211	32
0	1	0	1	50	8
2	3	3	2	292	3
1	0	4	3	68	8
2	0	7	3	59	8
1	0	1	3	166	3
2	3	2	2	109	4
2	0	6	3	143	32
1	0	1	3	295	4
3	0	1	3	194	4
0	2	0	1	205	8
3	0	3	3	101	8
2	1	3	2	88	32
2	3	6	2	187	4
1	3	3	2	88	4
0	3	0	1	236	8
2	1	2	2	111	4
2	0	7	3	306	4
1	2	7	2	244	8
2	0	2	3	28	3
1	0	7	3	73	4
1	2	6	2	278	4
3	1	5	2	192	32
1	0	7	3	24	32
3	1	3	2	151	8
1	3	6	2	50	4
3	0	5	3	296	4
1	3	5	2	111	3
0	1	0	1	247	32
3	0	2	3	235	4
1	2	3	2	232	4
2	1	5	2	4	32
1	0	4	3	279	32
0	1	0	1	103	32
3	2	2	2	160	32
0	3	0	1	96	8
2	3	2	2	162	32
0	1	0	1	223	8
2	0	6	3	274	32
3	2	7	2	52	3
1	3	6	2	277	3
0	1	0	1	131	3
3	0	3	3	94	3
2	1	7	2	223	8
1	0	6	3	254	8
3	0	3	3	24	4
0	3	0	1	138	32
2	1	4	2	13	3
2	1	1	2	41	8
0	3	0	1	44	32
0	2	0	1	237	8
0	2	0	1	211	32
0	3	0	1	94	4
0	2	0	1	109	3
2	3	6	2	8	32
0	2	0	1	315	3
1	2	6	2	234	32
1	3	3	2	68	3
3	2	1	2	9	8
0	1	0	1	169	8
2	1	5	2	77	3
2	1	1	2	150	3
3	0	1	3	214	8
2	1	6	2	111	4
1	2	4	2	74	4
0	2	0	1	13	3
2	0	6	3	50	3
0	3	0	1	91	32
0	2	0	1	244	32
2	0	2	3	11	32
2	3	1	2	220	8
2	1	2	2	1	3
1	2	5	2	13	4
3	1	3	2	155	3
3	1	7	2	269	3
0	1	0	1	292	8
3	0	3	3	193	8
2	3	7	2	311	8
3	1	7	2	274	3
3	2	7	2	76	3
1	3	5	2	72	4
3	1	5	2	106	32
0	2	0	1	124	3
1	2	5	2	233	4
0	2	0	1	303	4
3	1	2	2	7	8
0	1	0	1	235	4
1	3	4	2	197	3
1	2	5	2	3	8
1	3	4	2	124	32
3	0	5	3	92	3
1	3	3	2	69	4
2	3	3	2	37	4
3	1	6	2	174	8
1	3	7	2	172	4
3	2	7	2	58	4
0	2	0	1	110	3
0	2	0	1	189	8
3	2	2	2	276	4
2	3	7	2	202	8
3	2	6	2	98	8
3	0	5	3	269	3
2	1	1	2	174	4
0	1	0	1	147	3
0	2	0	1	55	4
2	3	2	2	29	32
2	0	3	3	44	3
3	2	6	2	188	3
0	2	0	1	292	3
2	0	1	3	99	32
0	1	0	1	17	32
2	1	3	2	213	8
3	2	5	2	112	3
1	0	7	3	257	8
1	2	6	2	95	32
0	3	0	1	120	8
2	3	7	2	29	32
2	0	1	3	188	32
2	0	6	3	52	32
0	3	0	1	183	4
0	1	0	1	199	8
3	1	3	2	101	32
3	0	5	3	307	3
2	1	6	2	141	8
1	0	1	3	95	3
2	3	2	2	151	8
2	0	6	3	221	4
0	3	0	1	255	8
0	1	0	1	191	3
2	0	7	3	259	32
0	1	0	1	282	8
1	0	4	3	230	8
0	1	0	1	255	32
2	1	7	2	157	3
1	2	6	2	269	4
2	3	5	2	245	8
3	1	7	2	35	4
2	3	5	2	298	4
1	3	4	2	182	4
3	2	7	2	223	4
2	1	7	2	134	32
2	3	2	2	182	8
1	0	4	3	316	4
3	0	5	3	200	3
3	1	6	2	37	3
1	3	2	2	265	32
2	3	7	2	78	32
3	1	2	2	129	32
3	2	6	2	76	8
1	3	2	2	4	3
2	3	6	2	82	3
2	1	2	2	81	8
3	0	3	3	101	32
3	2	3	2	234	3
2	1	7	2	132	4
1	2	4	2	161	4
1	2	1	2	284	4
2	1	6	2	208	8
0	3	0	1	190	8
1	3	4	2	12	8
1	0	7	3	257	8
3	1	6	2	175	32
0	1	0	1	50	32
1	0	4	3	167	3
0	3	0	1	70	32
3	0	1	3	244	3
2	3	5	2	284	3
2	3	4	2	12	8
1	2	2	2	286	3
0	2	0	1	105	4
0	1	0	1	294	3
0	1	0	1	99	3
3	0	1	3	269	4
0	1	0	1	107	32
1	3	5	2	243	32
3	1	1	2	218	3
3	1	6	2	284	4
0	3	0	1	100	3
3	1	1	2	160	32
3	0	3	3	51	32
1	0	7	3	199	4
1	2	6	2	81	4
1	2	6	2	262	4
0	1	0	1	94	32
1	3	7	2	85	32
3	0	1	3	51	32
0	1	0	1	91	8
2	0	6	3	161	32
3	2	1	2	230	32
1	3	5	2	245	32
1	3	7	2	32	8
1	2	5	2	85	8
2	0	7	3	251	32
1	2	2	2	75	32
1	3	6	2	156	32
1	0	7	3	96	8
0	3	0	1	55	4
1	2	6	2	188	3
0	2	0	1	138	4
1	0	4	3	260	3
1	0	5	3	40	32
3	1	6	2	64	4
1	2	2	2	305	8
1	3	3	2	146	8
2	3	1	2	175	8
3	1	2	2	77	3
0	1	0	1	86	32
0	3	0	1	166	3
1	0	1	3	147	8
3	2	7	2	113	8
2	3	7	2	101	8
1	0	5	3	186	32
1	3	1	2	159	3
0	2	0	1	27	8
3	0	2	3	100	32
0	3	0	1	255	3
0	2	0	1	104	32
0	3	0	1	115	32
3	2	7	2	55	4
1	0	1	3	70	32
2	0	1	3	42	4
1	3	1	2	138	32
3	2	5	2	14	8
0	3	0	1	165	3
0	3	0	1	60	8
0	3	0	1	81	32
0	3	0	1	288	8
3	2	3	2	224	8
3	2	5	2	10	8
2	1	3	2	41	8
1	0	5	3	8	32
0	2	0	1	225	8
2	3	2	2	95	32
3	0	2	3	208	4
0	2	0	1	137	8
3	2	2	2	222	3
2	1	2	2	124	3
1	3	3	2	257	3
2	3	5	2	210	8
2	0	3	3	188	32
2	0	2	3	111	8
1	2	2	2	143	8
1	3	1	2	257	3
0	1	0	1	43	4
0	1	0	1	4	3
3	1	7	2	228	4
1	0	7	3	80	4
2	1	1	2	247	32
3	1	1	2	135	8
3	1	7	2	151	8
0	3	0	1	1	3
3	2	3	2	108	4
0	3	0	1	147	8
2	1	1	2	228	8
3	1	6	2	149	3
2	1	3	2	9	4
1	0	7	3	58	32
2	1	7	2	261	4
1	0	6	3	122	3
0	3	0	1	170	32
3	2	1	2	81	8
3	0	4	3	150	4
0	2	0	1	1	32
1	0	4	3	83	32
3	0	4	3	137	8
2	1	1	2	10	3
0	2	0	1	138	4
2	3	5	2	225	8
1	3	7	2	126	4
3	1	4	2	125	4
2	1	3	2	69	8
1	2	5	2	132	8
2	0	7	3	270	8
0	3	0	1	203	8
0	1	0	1	260	8
1	3	7	2	241	8
0	2	0	1	316	4
2	3	7	2	155	4
0	2	0	1	140	32
0	2	0	1	29	4
1	2	3	2	99	32
3	2	3	2	202	8
1	0	5	3	100	4
0	3	0	1	94	4
0	1	0	1	22	4
0	1	0	1	14	8
2	0	6	3	307	4
2	1	3	2	171	4
2	3	7	2	170	8
1	3	5	2	225	32
0	3	0	1	264	4
2	3	4	2	210	32
0	3	0	1	283	3
2	1	7	2	268	8
3	0	4	3	195	4
3	2	1	2	60	8
0	2	0	1	301	4
1	0	4	3	98	4
0	2	0	1	244	3
0	2	0	1	46	4
1	0	6	3	206	4
2	0	3	3	206	32
0	2	0	1	183	3
0	1	0	1	72	4
3	0	5	3	88	8
3	0	5	3	246	3
2	0	2	3	286	8
3	2	4	2	48	3
0	1	0	1	145	3
0	2	0	1	254	32
2	0	7	3	220	8
1	0	7	3	95	3
0	3	0	1	84	3
2	3	5	2	200	8
3	1	1	2	110	3
1	0	6	3	192	3
0	3	0	1	95	8
3	2	3	2	237	3
2	3	7	2	224	32
1	2	4	2	229	3
2	3	5	2	221	32
3	2	6	2	187	8
1	2	5	2	201	32
3	0	1	3	268	3
3	2	1	2	10	32
3	2	3	2	192	8
3	0	5	3	60	4
2	0	1	3	115	8
3	0	2	3	283	8
2	3	7	2	273	3
2	0	2	3	13	8
2	1	5	2	260	8
1	0	4	3	213	4
2	1	4	2	157	3
1	0	7	3	205	8
0	2	0	1	311	4
3	1	2	2	118	8
3	0	2	3	249	3
2	0	6	3	99	4
0	2	0	1	199	3
0	3	0	1	167	8
2	1	1	2	237	8
0	1	0	1	60	8
3	1	3	2	0	3
1	2	5	2	43	8
3	0	1	3	76	8
1	0	1	3	200	8
0	3	0	1	216	3
0	2	0	1	237	4
1	3	1	2	292	3
3	0	5	3	187	8
1	0	6	3	68	4
3	2	1	2	249	4
3	0	5	3	104	4
3	0	2	3	181	32
2	1	4	2	35	4
3	0	4	3	175	3
3	1	1	2	180	3
1	3	6	2	245	32
0	2	0	1	81	3
0	3	0	1	4	8
0	3	0	1	28	4
0	1	0	1	36	8
0	1	0	1	2	8
2	1	6	2	31	8
3	0	2	3	150	4
2	1	5	2	198	4
1	0	6	3	2	4
3	2	2	2	284	8
3	1	3	2	79	4
2	3	3	2	159	4
2	1	1	2	79	8
3	2	2	2	112	3
2	1	4	2	250	8
3	2	5	2	241	8
0	2	0	1	126	32
1	2	2	2	286	8
3	1	3	2	155	3
0	1	0	1	297	3
3	1	4	2	135	3
3	0	3	3	51	3
1	3	4	2	197	32
2	3	2	2	283	3
3	2	2	2	63	3
3	2	6	2	282	8
3	2	3	2	278	4
0	2	0	1	39	3
0	1	0	1	74	8
0	3	0	1	144	32
3	1	7	2	114	3
0	3	0	1	202	8
1	2	7	2	247	4
0	1	0	1	158	3
3	2	2	2	193	3
2	0	2	3	108	4
2	1	1	2	119	3
0	1	0	1	50	3
0	2	0	1	109	32
1	0	7	3	3	3
2	0	7	3	76	3
3	2	6	2	30	32
3	1	4	2	197	8
3	1	4	2	267	32
2	1	7	2	300	8
0	2	0	1	23	3
3	0	2	3	63	32
0	3	0	1	55	32
1	3	4	2	257	8
3	1	5	2	23	4
1	0	5	3	222	4
2	1	2	2	201	8
2	0	2	3	132	4
2	3	6	2	272	4
3	2	6	2	89	4
2	0	3	3	249	3
1	2	3	2	61	4
2	3	6	2	260	8
2	0	2	3	164	8
2	3	7	2	81	32
1	0	1	3	284	8
3	0	4	3	134	3
0	2	0	1	252	3
2	1	7	2	121	8
1	0	7	3	162	3
1	0	6	3	19	8
0	3	0	1	13	32
0	2	0	1	270	8
3	0	5	3	219	3
2	0	1	3	210	4
3	1	3	2	282	32
3	0	4	3	202	3
3	2	3	2	148	4
0	2	0	1	122	8
1	0	7	3	80	32
3	1	6	2	47	8
2	0	6	3	269	8
0	3	0	1	41	8
1	0	5	3	26	32
2	1	1	2	184	4
0	1	0	1	69	32
1	0	7	3	46	8
1	0	5	3	206	4
1	3	6	2	88	32
1	0	6	3	43	3
2	3	1	2	258	8
2	0	6	3	268	3
0	2	0	1	150	32
2	0	7	3	275	8
0	3	0	1	160	8
1	2	3	2	188	8
2	1	1	2	152	3
1	3	1	2	194	32
3	0	5	3	85	3
0	1	0	1	56	4
3	0	2	3	80	3
3	0	1	3	214	3
0	1	0	1	82	4
3	2	6	2	5	8
0	3	0	1	159	8
2	3	7	2	147	32
1	2	2	2	268	3
3	0	2	3	149	32
1	2	5	2	43	8
0	3	0	1	248	3
3	0	4	3	232	4
1	3	3	2	305	8
0	3	0	1	229	32
3	2	5	2	140	3
0	3	0	1	205	8
2	3	5	2	50	32
3	1	5	2	219	32
1	0	5	3	309	8
1	2	5	2	0	4
3	2	1	2	311	4
0	1	0	1	77	3
3	2	5	2	262	8
0	3	0	1	135	4
1	3	2	2	292	4
2	0	2	3	216	32
2	0	7	3	184	32
3	1	1	2	90	4
2	3	6	2	150	3
3	1	4	2	268	8
2	1	2	2	68	3
2	1	7	2	207	8
2	1	6	2	25	3
0	1	0	1	146	3
0	3	0	1	89	3
1	0	7	3	24	4
1	2	3	2	54	32
2	0	3	3	84	8
2	3	5	2	90	3
1	3	3	2	261	32
3	0	3	3	122	3
3	0	4	3	242	4
1	3	2	2	14	8
3	1	1	2	105	8
2	0	6	3	317	3
3	0	2	3	254	8
0	1	0	1	23	3
0	2	0	1	7	8
1	0	4	3	236	8
0	2	0	1	300	4
3	0	5	3	33	4
3	1	5	2	197	32
3	2	4	2	200	32
1	2	5	2	203	3
2	3	2	2	11	3
3	0	5	3	313	4
0	1	0	1	117	4
0	2	0	1	188	8
3	1	3	2	222	32
3	0	2	3	71	8
3	1	2	2	93	32
2	3	5	2	303	8
1	2	4	2	38	8
2	0	3	3	316	4
0	1	0	1	207	32
3	2	4	2	227	8
0	3	0	1	53	4
3	0	4	3	235	8
2	0	3	3	45	4
0	1	0	1	231	8
2	0	1	3	45	4
1	3	2	2	151	32
2	0	7	3	124	8
1	2	5	2	169	3
0	2	0	1	283	32
3	0	4	3	165	8
0	3	0	1	105	32
2	3	6	2	248	32
1	3	5	2	112	8
3	0	5	3	204	8
3	1	5	2	148	4
1	0	5	3	10	4
3	0	5	3	255	3
1	3	4	2	237	3
1	3	6	2	239	32
1	0	1	3	220	8
2	0	1	3	89	4
3	0	4	3	40	32
0	2	0	1	130	3
1	3	1	2	144	32
2	3	1	2	150	32
2	1	5	2	303	8
0	2	0	1	82	8
1	3	6	2	15	4
3	2	6	2	20	3
0	3	0	1	165	4
2	0	1	3	283	8
0	2	0	1	39	32
1	3	6	2	73	8
2	3	1	2	122	32
1	3	2	2	216	4
3	2	2	2	122	4
0	2	0	1	173	4
0	3	0	1	284	4
2	3	2	2	220	8
3	2	1	2	238	4
1	3	4	2	274	8
1	0	5	3	234	32
3	1	7	2	101	8
3	1	5	2	188	32
0	1	0	1	226	3
2	1	2	2	47	3
2	0	6	3	70	3
1	3	4	2	240	8
2	3	3	2	246	3
2	1	7	2	164	3
0	1	0	1	302	3
2	0	6	3	239	32
2	3	3	2	137	8
3	1	5	2	289	3
0	2	0	1	206	4
0	2	0	1	83	32
0	1	0	1	210	32
2	0	3	3	299	3
0	1	0	1	280	4
3	2	5	2	116	3
2	3	5	2	25	3
2	0	7	3	26	3
3	0	2	3	238	3
1	2	6	2	31	4
2	3	2	2	20	32
1	3	7	2	80	4
2	1	6	2	290	3
0	2	0	1	119	32
3	1	2	2	281	32
3	2	5	2	122	8
2	1	2	2	53	32
3	0	2	3	188	4
0	2	0	1	246	8
3	2	3	2	12	3
0	2	0	1	214	32
2	1	2	2	290	3
3	1	6	2	155	32
1	0	6	3	3	32
1	3	1	2	237	8
3	1	1	2	63	32
3	0	2	3	144	4
2	0	3	3	147	3
1	3	7	2	1	8
2	0	7	3	172	32
3	2	1	2	181	32
1	3	3	2	5	3
1	2	2	2	157	3
0	2	0	1	36	4
3	2	4	2	179	8
0	1	0	1	158	3
2	0	6	3	74	8
0	2	0	1	185	4
3	0	3	3	214	4
1	2	2	2	246	4
2	1	1	2	74	32
3	2	6	2	125	32
0	3	0	1	121	32
1	0	1	3	127	3
2	3	6	2	310	4
3	2	4	2	149	4
1	3	6	2	136	8
1	0	7	3	85	32
1	3	3	2	155	4
1	0	7	3	287	3
3	0	5	3	242	4
1	2	3	2	282	32
1	2	7	2	35	3
3	0	1	3	159	32
2	1	7	2	108	32
1	2	5	2	288	4
1	3	7	2	315	4
2	0	1	3	140	32
2	0	7	3	0	32
0	1	0	1	250	4
3	2	3	2	3	3
2	3	3	2	46	8
3	2	2	2	81	8
3	0	1	3	85	8
0	3	0	1	188	3
3	1	2	2	232	8
2	1	1	2	103	8
0	3	0	1	19	32
2	3	5	2	124	8
2	0	3	3	63	4
1	0	4	3	196	4
0	2	0	1	25	4
2	0	2	3	99	8
2	3	2	2	270	3
0	2	0	1	202	4
1	0	1	3	179	32
2	3	1	2	229	8
3	2	7	2	238	4
1	2	3	2	165	3
2	1	5	2	243	3
0	1	0	1	269	3
0	1	0	1	188	4
1	2	1	2	226	8
3	0	4	3	172	32
2	0	1	3	165	4
2	1	7	2	194	4
0	3	0	1	57	3
0	1	0	1	275	8
1	2	3	2	184	32
3	0	2	3	20	8
1	2	2	2	255	3
2	0	2	3	275	8
2	0	7	3	157	8
3	0	2	3	210	4
2	0	6	3	179	3
2	1	6	2	295	3
3	0	3	3	48	3
3	1	7	2	73	8
0	3	0	1	52	3
1	0	6	3	42	32
0	2	0	1	184	4
0	3	0	1	151	8
2	1	3	2	221	8
3	1	2	2	247	32
3	0	3	3	147	8
3	1	7	2	264	8
2	3	5	2	262	4
0	2	0	1	172	3
0	2	0	1	247	32
1	2	3	2	250	3
0	2	0	1	317	3
3	2	4	2	281	8
3	1	2	2	276	4
0	3	0	1	142	3
3	2	2	2	268	32
1	2	3	2	190	32
3	1	5	2	259	8
2	0	2	3	258	32
3	2	6	2	204	4
3	1	3	2	1	3
1	3	2	2	155	4
1	3	1	2	122	8
0	2	0	1	246	32
1	2	5	2	51	8
0	1	0	1	100	8
1	2	2	2	156	32
1	2	2	2	105	32
2	1	1	2	150	32
3	0	2	3	166	32
3	0	5	3	182	3
3	0	3	3	84	32
2	0	3	3	152	3
2	1	7	2	220	3
3	0	3	3	235	32
0	1	0	1	175	8
2	3	4	2	186	4
3	0	4	3	248	8
2	1	1	2	155	8
1	2	7	2	40	8
1	3	2	2	83	32
2	1	1	2	182	32
2	3	7	2	207	3
3	2	3	2	273	4
2	0	7	3	9	32
0	3	0	1	193	8
2	1	4	2	241	32
2	0	7	3	139	4
2	1	4	2	3	8
1	3	2	2	293	3
2	3	5	2	139	8
2	0	6	3	221	8
2	0	7	3	43	3
1	2	6	2	8	8
1	3	3	2	207	32
3	0	1	3	233	3
2	0	6	3	8	4
3	2	3	2	272	4
2	3	2	2	250	32
3	0	1	3	18	3
3	1	1	2	194	3
0	3	0	1	264	32
1	3	6	2	112	8
1	2	4	2	155	8
1	0	6	3	127	32
0	2	0	1	283	8
0	1	0	1	262	32
1	3	7	2	168	3
0	3	0	1	73	4
2	3	6	2	51	4
1	0	5	3	40	8
2	0	6	3	0	8
1	0	5	3	170	32
0	2	0	1	310	4
2	3	4	2	300	3
0	2	0	1	247	32
3	1	7	2	94	8
1	2	1	2	106	3
1	3	5	2	109	8
1	2	6	2	129	4
0	3	0	1	77	32
2	3	1	2	194	32
3	0	4	3	108	32
2	1	5	2	126	8
2	1	4	2	105	8
1	0	4	3	259	4
0	1	0	1	14	8
3	1	6	2	123	4
2	1	3	2	137	8
3	1	3	2	242	8
1	0	1	3	315	4
3	0	3	3	217	3
3	0	3	3	66	3
0	3	0	1	77	8
2	3	2	2	240	32
1	0	4	3	42	4
2	3	5	2	249	8
0	1	0	1	51	32
0	1	0	1	26	3
1	2	3	2	81	3
1	3	5	2	125	8
2	3	5	2	307	3
1	0	5	3	77	3
1	0	7	3	92	4
2	0	7	3	161	32
2	0	6	3	41	8
1	0	7	3	41	32
1	2	6	2	238	3
2	3	4	2	178	8
3	0	2	3	58	4
2	3	1	2	59	4
2	1	7	2	233	8
1	2	1	2	137	32
3	1	5	2	25	3
1	2	3	2	99	32
1	2	6	2	55	4
1	0	6	3	76	3
2	0	6	3	259	4
2	3	6	2	80	32
1	0	5	3	83	32
3	2	1	2	180	32
1	3	6	2	219	8
2	3	7	2	261	4
0	1	0	1	89	32
2	0	6	3	63	32
0	2	0	1	129	3
3	1	6	2	109	8
3	0	5	3	8	8
2	1	5	2	280	3
2	0	2	3	129	32
3	0	3	3	183	32
0	2	0	1	141	32
3	2	1	2	157	8
3	1	5	2	266	32
1	0	4	3	36	3
0	2	0	1	241	8
2	1	5	2	84	32
3	2	4	2	49	4
1	3	4	2	59	32
2	1	6	2	214	32
3	1	4	2	277	4
2	3	1	2	237	8
1	3	5	2	157	8
3	1	5	2	118	3
3	0	4	3	193	3
0	3	0	1	112	32
2	1	3	2	167	4
3	1	6	2	262	3
3	2	5	2	18	4
3	1	6	2	200	4
1	0	7	3	10	4
3	1	6	2	100	32
1	0	7	3	246	3
2	1	6	2	154	4
2	1	2	2	223	4
2	0	6	3	190	3
0	2	0	1	214	32
3	1	4	2	307	8
2	3	4	2	64	8
0	1	0	1	186	32
0	1	0	1	184	8
0	2	0	1	202	8
3	0	1	3	87	32
0	1	0	1	121	32
0	3	0	1	270	8
1	0	7	3	270	3
0	2	0	1	127	32
3	2	1	2	238	32
2	3	7	2	186	8
3	0	3	3	64	4
0	2	0	1	233	3
2	1	6	2	88	4
1	0	7	3	95	32
0	2	0	1	255	3
1	2	4	2	310	3
2	0	6	3	242	4
3	2	3	2	238	32
1	3	4	2	107	8
1	3	1	2	63	4
1	2	7	2	211	32
1	3	2	2	88	8
3	0	4	3	7	3
3	0	2	3	163	8
1	3	2	2	310	3
2	0	6	3	14	4
1	2	2	2	311	8
3	1	2	2	258	4
0	2	0	1	285	3
2	3	3	2	81	3
0	3	0	1	107	3
3	1	1	2	81	32
0	3	0	1	79	32
1	0	7	3	212	4
1	0	5	3	188	3
0	3	0	1	312	3
1	3	1	2	133	4
0	3	0	1	245	8
3	2	1	2	167	3
0	2	0	1	122	32
0	2	0	1	87	4
1	2	7	2	231	8
0	3	0	1	109	4
0	3	0	1	298	4
2	3	6	2	60	32
0	1	0	1	73	8
3	1	2	2	101	8
3	1	5	2	159	8
0	2	0	1	70	3
3	2	6	2	57	4
2	0	7	3	265	32
3	0	4	3	41	8
3	0	5	3	228	8
3	2	7	2	135	3
0	1	0	1	141	32
3	0	3	3	232	8
0	3	0	1	92	3
2	3	5	2	135	4
3	2	4	2	165	32
3	0	4	3	5	8
3	2	3	2	15	3
2	1	4	2	266	3
0	2	0	1	121	32
3	1	6	2	16	3
3	2	4	2	282	4
0	3	0	1	122	8
0	1	0	1	288	32
3	2	7	2	238	3
0	1	0	1	88	3
0	1	0	1	226	3
0	2	0	1	168	32
2	1	7	2	197	4
3	0	2	3	62	32
0	3	0	1	114	32
3	2	7	2	182	3
2	1	7	2	199	4
0	2	0	1	188	3
3	2	1	2	134	8
1	3	5	2	303	8
3	0	2	3	315	3
2	3	5	2	112	8
0	2	0	1	252	3
2	1	4	2	215	3
3	1	3	2	25	3
3	0	2	3	21	32
2	3	3	2	242	4
1	3	2	2	184	3
1	3	1	2	208	4
0	1	0	1	230	3
1	3	7	2	128	4
3	1	1	2	269	3
2	1	3	2	148	3
0	1	0	1	91	3
1	3	3	2	89	4
1	2	6	2	20	8
0	1	0	1	80	4
1	3	3	2	208	3
1	0	7	3	237	4
1	0	7	3	201	3
2	0	1	3	223	3
0	3	0	1	170	4
1	3	1	2	82	3
1	2	3	2	152	32
3	0	5	3	148	32
0	2	0	1	230	32
1	0	6	3	59	32
0	3	0	1	130	32
2	3	7	2	150	3
0	1	0	1	69	8
3	0	2	3	32	8
1	0	1	3	226	4
3	2	4	2	304	4
2	0	3	3	138	3
2	0	1	3	91	8
3	1	6	2	52	4
1	0	4	3	253	3
3	1	6	2	127	4
0	2	0	1	257	8
1	2	1	2	237	4
1	3	2	2	79	3
0	2	0	1	211	32
0	1	0	1	134	4
1	3	6	2	56	32
0	3	0	1	74	32
0	3	0	1	116	4
0	1	0	1	11	8
1	3	3	2	265	32
0	2	0	1	205	8
3	2	7	2	15	4
1	0	1	3	297	3
1	2	7	2	79	8
3	0	4	3	200	32
1	2	1	2	211	8
2	3	2	2	224	8
0	1	0	1	8	3
3	0	4	3	74	3
2	3	6	2	108	4
2	1	7	2	269	8
3	1	1	2	91	32
0	1	0	1	18	32
3	1	7	2	96	8
0	2	0	1	153	32
0	1	0	1	214	32
3	1	4	2	216	8
2	3	2	2	280	8
0	2	0	1	173	4
2	0	1	3	201	4
1	2	1	2	45	3
1	0	7	3	243	4
3	2	6	2	132	8
0	2	0	1	144	3
0	3	0	1	311	4
3	2	2	2	217	3
0	3	0	1	66	4
2	0	6	3	283	8
2	1	2	2	280	4
2	3	5	2	86	8
1	0	4	3	238	3
2	1	7	2	203	4
3	2	3	2	149	8
1	3	3	2	310	3
0	2	0	1	27	8
0	3	0	1	102	3
0	1	0	1	256	3
0	3	0	1	8	8
1	2	5	2	63	8
1	2	2	2	17	32
1	0	4	3	104	8
2	0	6	3	227	3
1	0	1	3	154	8
1	0	7	3	200	8
1	3	3	2	198	32
2	0	7	3	206	32
1	3	2	2	52	4
1	0	1	3	259	4
1	3	6	2	250	8
2	1	6	2	281	4
1	2	7	2	223	3
3	0	3	3	272	4
0	2	0	1	123	3
2	3	2	2	158	32
0	2	0	1	248	3
3	0	4	3	91	4
1	3	4	2	243	4
2	0	7	3	286	4
0	3	0	1	149	8
0	1	0	1	102	8
0	1	0	1	116	4
1	3	5	2	195	4
1	3	6	2	163	8
2	1	1	2	104	8
1	0	5	3	106	32
2	1	6	2	152	32
1	3	7	2	32	3
0	3	0	1	177	32
1	0	5	3	154	4
1	3	5	2	175	3
2	3	3	2	48	3
1	0	6	3	195	4
0	1	0	1	149	8
2	3	1	2	174	4
3	2	1	2	0	3
2	1	7	2	227	4
2	1	3	2	271	3
2	1	4	2	8	8
0	2	0	1	134	3
2	3	6	2	60	32
1	2	5	2	250	3
1	2	4	2	175	8
0	3	0	1	167	8
1	0	4	3	295	3
1	0	7	3	271	4
2	3	5	2	80	8
0	3	0	1	63	8
3	0	3	3	38	3
2	3	3	2	298	8
3	1	2	2	118	4
1	3	5	2	182	32
3	2	2	2	222	8
3	2	1	2	99	4
3	2	4	2	185	4
0	3	0	1	68	3
1	3	5	2	35	3
0	3	0	1	185	32
0	1	0	1	85	4
0	1	0	1	70	8
3	1	7	2	32	4
0	3	0	1	253	4
0	2	0	1	264	8
2	3	2	2	0	4
1	3	2	2	46	32
1	3	7	2	246	4
2	1	4	2	140	32
0	2	0	1	104	32
0	3	0	1	146	3
3	0	5	3	18	8
3	1	3	2	233	3
1	0	4	3	298	8
1	0	6	3	167	4
1	0	4	3	245	8
1	2	6	2	14	4
0	1	0	1	67	4
1	2	1	2	147	32
1	0	5	3	48	32
3	0	2	3	100	32
0	2	0	1	159	4
1	0	4	3	258	3
0	3	0	1	202	32
3	2	7	2	218	3
1	3	5	2	14	32
1	2	5	2	282	32
1	2	7	2	132	4
1	0	1	3	104	3
2	1	1	2	138	32
1	3	6	2	222	4
0	1	0	1	41	32
3	1	3	2	230	8
3	2	1	2	162	4
3	1	7	2	91	4
0	2	0	1	21	8
2	1	3	2	270	4
0	3	0	1	117	32
1	0	1	3	42	4
3	0	1	3	170	3
1	0	5	3	110	3
2	1	5	2	39	3
3	2	3	2	217	8
3	0	3	3	9	4
1	0	7	3	188	4
0	2	0	1	125	8
2	3	7	2	258	8
0	1	0	1	144	4
2	1	5	2	23	32
2	1	2	2	308	4
0	1	0	1	89	32
2	3	6	2	87	8
0	1	0	1	83	4
1	2	5	2	125	3
0	2	0	1	286	8
1	2	6	2	246	8
0	2	0	1	173	32
2	3	6	2	142	8
0	3	0	1	285	3
2	1	5	2	178	32
2	1	5	2	70	4
3	0	2	3	132	3
0	3	0	1	286	4
2	3	3	2	10	8
0	2	0	1	126	3
0	2	0	1	80	3
0	2	0	1	212	3
0	1	0	1	111	32
0	2	0	1	70	8
3	1	5	2	210	32
1	3	7	2	199	4
3	1	6	2	290	4
3	1	6	2	217	4
1	2	1	2	242	8
1	3	5	2	66	4
0	2	0	1	33	32
0	2	0	1	312	4
0	1	0	1	48	8
0	1	0	1	135	4
2	3	7	2	41	3
1	3	1	2	113	8
0	1	0	1	258	32
0	3	0	1	70	8
3	1	6	2	122	8
2	1	4	2	209	8
3	2	4	2	282	4
3	1	5	2	184	8
0	1	0	1	154	8
0	1	0	1	37	32
3	0	2	3	300	3
0	2	0	1	73	4
3	0	1	3	240	8
3	1	1	2	284	32
0	3	0	1	159	3
3	1	6	2	85	3
1	3	7	2	9	3
2	3	3	2	10	4
0	3	0	1	168	4
0	2	0	1	193	32
3	1	6	2	23	8
1	2	2	2	184	3
1	0	4	3	239	8
1	0	6	3	154	32
3	0	5	3	46	3
0	2	0	1	52	3
1	2	5	2	302	8
2	0	6	3	189	32
1	2	2	2	252	3
3	0	5	3	219	32
3	1	3	2	229	8
1	0	1	3	59	32
2	3	3	2	121	32
1	2	4	2	280	3
1	0	6	3	38	8
3	1	5	2	272	32
2	0	6	3	277	32
1	0	6	3	231	3
2	3	1	2	77	8
1	0	6	3	303	8
2	1	2	2	200	32
0	3	0	1	72	4
1	2	4	2	208	4
1	3	1	2	121	3
0	1	0	1	277	32
3	0	2	3	16	32
2	1	7	2	123	3
1	3	6	2	124	32
3	2	3	2	245	32
1	2	4	2	316	3
2	1	7	2	47	8
0	2	0	1	169	4
2	0	3	3	108	3
3	1	2	2	88	8
1	0	7	3	149	32
1	3	4	2	42	32
1	2	3	2	66	8
2	3	1	2	150	4
3	1	3	2	272	4
1	0	6	3	39	8
3	0	4	3	158	4
3	1	1	2	252	32
3	1	3	2	39	3
2	3	5	2	172	32
3	1	5	2	105	4
0	1	0	1	77	4
1	3	3	2	243	4
0	2	0	1	239	32
0	2	0	1	124	32
2	1	3	2	128	4
2	0	6	3	114	4
2	0	1	3	171	32
1	0	1	3	304	8
3	0	1	3	190	3
1	2	7	2	227	4
2	0	7	3	311	3
3	1	7	2	225	4
1	3	1	2	269	4
3	1	7	2	170	32
1	0	1	3	187	8
1	3	6	2	277	8
0	2	0	1	100	3
3	0	4	3	142	8
2	0	7	3	223	4
1	3	6	2	159	3
3	2	6	2	224	8
3	2	1	2	163	4
2	1	1	2	154	8
2	0	7	3	156	32
3	2	4	2	297	8
2	1	3	2	85	32
1	0	4	3	249	32
1	0	5	3	91	4
2	3	1	2	91	32
1	0	5	3	116	32
0	2	0	1	132	3
1	0	7	3	44	4
0	2	0	1	31	8
1	0	1	3	236	32
2	3	4	2	189	4
0	1	0	1	238	3
2	0	2	3	228	4
3	0	1	3	28	4
2	0	6	3	40	8
1	0	7	3	100	3
3	2	2	2	214	8
3	2	6	2	13	4
2	3	5	2	315	4
0	3	0	1	128	3
3	0	3	3	300	4
0	1	0	1	127	4
0	3	0	1	146	32
3	1	1	2	215	8
1	2	7	2	156	8
2	1	1	2	128	3
1	2	4	2	145	4
2	3	6	2	145	4
2	0	1	3	163	8
0	2	0	1	258	4
2	0	3	3	254	4
1	2	7	2	75	32
2	0	6	3	84	4
2	1	5	2	95	32
0	1	0	1	58	8
1	2	3	2	0	32
2	0	1	3	202	3
3	0	5	3	44	32
1	2	6	2	211	4
0	2	0	1	163	8
3	2	6	2	256	4
0	1	0	1	87	4
2	0	3	3	194	4
2	1	6	2	257	32
2	0	1	3	182	8
2	1	3	2	265	3
2	3	4	2	128	4
0	1	0	1	98	8
0	3	0	1	227	4
2	0	1	3	55	32
0	3	0	1	201	32
1	2	7	2	38	8
3	0	3	3	128	4
1	3	3	2	109	32
0	3	0	1	162	4
3	1	1	2	271	32
1	2	6	2	297	3
1	3	3	2	81	3
0	3	0	1	114	32
0	2	0	1	288	3
1	0	4	3	183	8
0	2	0	1	178	8
1	0	6	3	223	4
1	2	4	2	99	32
3	1	4	2	277	8
0	1	0	1	272	3
2	1	5	2	3	3
0	1	0	1	35	3
3	2	5	2	74	8
0	3	0	1	187	3
2	1	2	2	25	32
0	1	0	1	5	32
1	0	1	3	79	8
2	3	4	2	260	3
1	2	4	2	111	8
0	3	0	1	208	8
2	0	2	3	269	3
0	3	0	1	74	32
0	2	0	1	72	4
1	0	6	3	275	4
0	3	0	1	291	3
0	2	0	1	6	32
3	2	4	2	193	3
1	0	4	3	167	8
0	2	0	1	216	32
2	1	5	2	313	4
0	2	0	1	123	8
3	2	4	2	286	32
0	2	0	1	7	8
3	1	3	2	128	3
1	3	2	2	52	32
0	3	0	1	53	4
1	3	3	2	34	32
0	2	0	1	159	32
0	1	0	1	93	3
0	3	0	1	248	32
0	2	0	1	221	4
1	3	2	2	312	8
1	0	5	3	83	3
0	3	0	1	117	8
2	1	7	2	279	3
0	2	0	1	248	32
3	1	4	2	245	8
3	2	4	2	255	4
3	0	3	3	184	32
0	3	0	1	80	4
2	1	6	2	272	3
0	2	0	1	226	8
3	2	7	2	222	8
3	0	4	3	95	32
1	3	5	2	51	4
2	3	2	2	189	32
2	0	6	3	116	8
3	0	1	3	229	8
0	2	0	1	233	8
3	2	6	2	48	8
3	2	4	2	176	3
2	3	7	2	227	3
0	2	0	1	113	4
0	1	0	1	68	4
2	3	2	2	59	4
0	3	0	1	71	32
0	2	0	1	276	4
3	1	3	2	115	8
0	1	0	1	165	4
2	3	2	2	113	3
3	0	3	3	50	3
0	2	0	1	86	32
0	2	0	1	264	32
3	2	7	2	19	32
3	0	3	3	293	8
2	3	7	2	97	3
2	1	5	2	29	4
0	1	0	1	112	8
0	3	0	1	42	32
0	2	0	1	19	8
3	1	4	2	297	8
3	2	6	2	231	8
1	2	3	2	112	32
1	2	4	2	138	8
1	0	4	3	19	4
3	0	1	3	48	32
1	2	2	2	236	3
1	2	1	2	75	3
0	3	0	1	107	4
0	2	0	1	156	8
1	0	7	3	31	32
3	2	5	2	94	3
2	3	3	2	264	8
3	1	7	2	56	4
0	2	0	1	234	8
3	2	2	2	191	3
1	0	4	3	177	32
3	0	4	3	95	3
0	3	0	1	191	4
0	2	0	1	73	32
1	3	2	2	130	4
3	2	5	2	199	8
1	2	2	2	293	8
1	0	5	3	65	3
2	1	1	2	216	3
3	0	5	3	227	3
1	0	7	3	85	32
3	1	4	2	71	8
1	0	6	3	240	8
1	3	6	2	176	3
2	3	6	2	193	8
2	0	6	3	109	3
1	0	4	3	229	32
2	3	3	2	145	8
3	0	3	3	315	4
3	1	7	2	229	3
2	1	1	2	237	3
2	1	5	2	250	4
0	1	0	1	133	32
0	2	0	1	114	8
2	3	3	2	253	32
0	3	0	1	197	8
0	3	0	1	152	4
1	0	4	3	272	3
0	2	0	1	17	8
3	0	3	3	240	32
1	0	7	3	209	8
3	2	4	2	35	8
0	3	0	1	265	3
1	3	5	2	206	3
0	3	0	1	153	4
0	3	0	1	237	32
3	0	3	3	152	8
2	1	3	2	194	4
0	3	0	1	58	32
0	1	0	1	184	4
1	3	4	2	257	3
0	2	0	1	104	3
1	0	4	3	146	32
0	2	0	1	39	4
3	2	3	2	224	3
0	3	0	1	129	32
1	0	7	3	152	32
2	3	6	2	174	3
1	2	2	2	8	4
1	0	1	3	124	3
0	2	0	1	98	4
0	2	0	1	135	4
3	2	3	2	217	32
3	2	4	2	188	3
2	3	2	2	72	3
3	2	3	2	137	32
0	3	0	1	311	3
1	2	1	2	153	32
3	1	6	2	175	32
3	2	5	2	237	32
1	3	1	2	225	8
2	1	3	2	125	4
3	2	2	2	295	4
0	1	0	1	211	8
1	3	3	2	10	3
3	0	3	3	256	32
0	3	0	1	36	8
2	1	7	2	89	32
1	2	7	2	46	3
1	3	2	2	230	8
0	3	0	1	200	3
0	2	0	1	55	32
3	0	4	3	307	4
0	3	0	1	221	8
2	3	5	2	63	3
2	3	4	2	279	8
1	0	6	3	277	3
3	1	2	2	305	4
1	2	7	2	196	8
1	3	4	2	67	8
1	2	3	2	260	4
2	0	6	3	118	4
0	1	0	1	249	3
0	1	0	1	225	8
1	3	3	2	123	4
3	2	7	2	67	32
3	0	2	3	54	8
3	1	3	2	152	8
0	1	0	1	68	3
0	3	0	1	212	32
2	0	1	3	161	3
0	1	0	1	262	8
3	2	5	2	193	4
2	0	3	3	149	4
0	3	0	1	64	8
2	0	6	3	27	32
3	1	4	2	41	3
3	1	3	2	61	8
0	3	0	1	201	8
3	2	1	2	285	4
0	1	0	1	257	3
0	1	0	1	6	4
3	2	5	2	98	8
0	3	0	1	277	4
0	1	0	1	18	3
2	0	2	3	283	8
2	1	2	2	215	8
2	0	1	3	195	8
0	2	0	1	15	32
2	3	3	2	62	4
2	1	3	2	79	32
2	3	1	2	251	4
0	2	0	1	106	8
0	2	0	1	46	4
1	3	3	2	60	8
1	3	5	2	61	3
3	2	2	2	231	32
3	0	1	3	262	32
2	3	7	2	152	4
3	2	7	2	220	3
2	3	6	2	196	8
3	1	1	2	101	3
1	2	2	2	187	32
2	3	7	2	44	4
3	2	1	2	93	3
0	2	0	1	39	8
2	0	2	3	172	32
3	1	5	2	278	3
1	2	3	2	289	3
1	3	1	2	19	4
2	1	2	2	246	32
2	3	3	2	258	4
2	3	3	2	198	3
3	0	5	3	10	3
2	0	6	3	44	3
2	3	4	2	201	4
1	3	6	2	124	8
0	2	0	1	106	8
3	1	1	2	218	8
0	2	0	1	77	32
0	3	0	1	158	8
0	3	0	1	55	3
3	0	5	3	283	3
0	1	0	1	91	8
3	2	1	2	218	3
1	0	4	3	0	32
1	2	3	2	271	8
0	3	0	1	102	3
1	3	2	2	187	32
2	1	2	2	44	8
3	0	4	3	277	8
1	0	6	3	179	8
3	2	3	2	273	4
0	2	0	1	136	32
3	0	4	3	49	32
3	1	3	2	209	32
3	2	6	2	37	32
1	0	5	3	36	4
1	0	1	3	176	32
0	3	0	1	195	3
3	1	4	2	134	32
0	2	0	1	13	4
2	1	3	2	243	3
0	1	0	1	127	4
3	2	1	2	30	4
2	1	4	2	129	3
0	1	0	1	100	8
0	3	0	1	57	8
3	0	3	3	281	8
3	1	1	2	286	4
2	1	2	2	39	32
0	3	0	1	252	8
2	0	3	3	175	4
3	2	4	2	26	3
0	2	0	1	74	8
0	3	0	1	174	32
2	3	4	2	239	32
1	0	6	3	277	32
0	3	0	1	135	3
1	2	7	2	260	4
2	3	4	2	55	32
3	1	5	2	109	8
2	1	5	2	150	3
2	3	2	2	275	32
2	0	7	3	80	4
0	2	0	1	277	32
3	1	7	2	81	32
1	2	1	2	269	3
0	2	0	1	32	32
0	3	0	1	153	8
0	2	0	1	78	32
2	3	7	2	114	4
3	2	5	2	289	3
1	2	5	2	85	4
1	0	1	3	53	32
0	2	0	1	12	3
3	2	7	2	20	8
2	1	5	2	287	32
2	1	3	2	242	3
0	2	0	1	289	3
2	0	2	3	160	8
1	2	4	2	223	8
2	3	5	2	165	4
2	0	2	3	175	3
1	0	4	3	121	8
2	0	6	3	162	32
1	3	2	2	281	4
3	2	4	2	33	8
3	0	4	3	129	8
2	3	6	2	112	8
2	3	2	2	242	32
3	1	3	2	129	3
1	3	1	2	114	8
0	3	0	1	55	32
2	0	6	3	72	8
2	0	6	3	302	3
0	1	0	1	24	4
3	0	1	3	9	32
2	1	6	2	174	8
2	0	6	3	211	32
1	0	7	3	225	8
0	2	0	1	307	8
3	0	4	3	276	32
1	2	1	2	41	4
0	3	0	1	253	32
0	1	0	1	110	4
0	3	0	1	210	3
1	3	2	2	51	8
1	3	2	2	168	8
3	1	4	2	110	8
1	0	7	3	233	32
3	2	3	2	64	3
1	3	7	2	182	4
1	0	1	3	165	32
1	0	5	3	79	4
2	1	1	2	157	4
2	1	6	2	160	8
3	2	2	2	245	8
2	0	3	3	249	8
0	2	0	1	18	32
3	2	3	2	302	4
0	3	0	1	122	8
0	2	0	1	83	4
0	2	0	1	159	8
2	0	2	3	179	32
2	0	2	3	82	8
1	2	1	2	131	8
3	2	7	2	111	32
1	3	2	2	189	4
2	1	2	2	167	3
0	3	0	1	198	4
1	3	3	2	6	32
0	1	0	1	179	4
1	3	4	2	235	32
2	0	6	3	181	4
3	2	7	2	43	4
0	3	0	1	86	4
3	0	4	3	56	32
1	2	6	2	298	3
3	2	6	2	186	3
1	2	7	2	283	32
2	0	3	3	206	32
0	3	0	1	280	32
1	3	7	2	76	4
0	1	0	1	211	32
1	0	5	3	85	8
0	2	0	1	112	8
2	0	7	3	69	32
3	1	6	2	109	3
2	1	4	2	170	8
1	0	5	3	215	4
1	2	1	2	262	3
2	3	1	2	276	32
1	0	4	3	313	4
0	2	0	1	140	32
3	2	6	2	297	3
3	1	6	2	228	3
2	0	1	3	159	32
0	3	0	1	18	8
0	3	0	1	30	3
2	0	2	3	41	4
1	0	7	3	128	4
3	1	6	2	137	4
1	0	4	3	247	32
3	0	4	3	95	3
3	0	2	3	102	8
0	2	0	1	288	32
1	3	2	2	261	8
1	0	7	3	196	3
2	0	7	3	75	3
3	0	5	3	304	4
2	1	2	2	239	8
1	3	1	2	197	4
3	2	5	2	127	4
2	0	6	3	60	32
3	0	1	3	99	32
2	0	7	3	235	8
0	3	0	1	223	4
1	3	7	2	257	32
1	3	7	2	120	4
2	3	5	2	25	3
2	0	7	3	230	3
1	3	2	2	253	32
2	3	2	2	268	4
0	1	0	1	159	3
2	3	6	2	226	32
3	0	1	3	53	8
3	2	5	2	218	8
3	2	7	2	34	3
1	2	7	2	140	3
3	2	3	2	179	8
3	0	4	3	317	3
3	1	3	2	181	32
3	2	1	2	127	4
0	1	0	1	144	8
2	3	7	2	28	32
1	2	5	2	154	4
0	1	0	1	159	4
1	3	2	2	147	8
3	2	4	2	16	8
1	3	4	2	186	3
2	0	7	3	225	8
0	3	0	1	162	3
0	3	0	1	107	8
0	1	0	1	262	8
2	0	6	3	268	3
1	0	6	3	71	8
3	2	2	2	31	4
3	2	7	2	42	8
3	0	3	3	298	4
0	1	0	1	263	4
2	3	7	2	311	4
3	0	5	3	132	8
3	1	2	2	215	4
0	2	0	1	97	4
1	2	7	2	279	3
2	0	2	3	259	8
0	1	0	1	36	8
2	1	2	2	140	32
0	2	0	1	56	4
2	0	7	3	113	4
3	2	2	2	95	32
2	0	3	3	87	4
0	1	0	1	70	4
0	3	0	1	124	4
0	2	0	1	42	32
2	1	2	2	47	3
2	1	5	2	43	8
1	3	7	2	219	3
1	2	3	2	92	8
1	3	6	2	171	3
2	3	7	2	253	32
2	3	6	2	214	3
0	3	0	1	250	3
3	1	2	2	292	3
1	3	6	2	5	4
0	2	0	1	259	4
1	3	2	2	296	3
3	1	5	2	290	3
2	0	7	3	152	3
0	3	0	1	187	4
1	2	5	2	278	4
1	2	2	2	121	32
1	3	1	2	81	3
3	1	5	2	247	32
3	1	3	2	82	8
2	0	3	3	39	32
2	0	3	3	281	4
1	0	5	3	240	4
3	0	1	3	108	3
0	3	0	1	104	32
2	0	2	3	229	32
0	2	0	1	96	3
0	1	0	1	216	32
3	0	2	3	103	4
3	1	4	2	265	4
2	0	7	3	291	8
2	0	7	3	40	4
3	0	3	3	188	32
0	1	0	1	61	8
2	1	2	2	74	32
1	2	4	2	227	4
0	3	0	1	44	8
3	0	2	3	204	3
1	0	6	3	130	8
2	1	4	2	273	4
1	3	7	2	106	4
0	3	0	1	232	3
2	0	1	3	149	32
0	2	0	1	90	4
0	2	0	1	200	32
0	2	0	1	133	3
2	3	4	2	25	32
1	2	3	2	166	4
3	2	2	2	203	8
0	1	0	1	181	8
3	1	7	2	23	3
2	1	1	2	100	4
1	0	1	3	131	4
2	0	1	3	50	4
1	2	4	2	118	3
0	2	0	1	131	8
3	2	4	2	257	32
1	2	7	2	35	8
3	2	1	2	111	8
0	3	0	1	42	32
0	1	0	1	296	4
2	3	2	2	240	8
1	0	7	3	114	4
2	3	4	2	300	4
0	2	0	1	281	4
1	0	6	3	90	3
3	0	4	3	273	8
3	0	2	3	129	3
1	0	4	3	172	8
1	2	3	2	36	32
1	2	4	2	173	3
3	2	6	2	186	3
3	1	1	2	249	4
2	1	4	2	152	32
1	2	5	2	165	8
0	2	0	1	219	8
3	0	3	3	179	8
3	0	3	3	38	3
3	0	5	3	177	32
3	0	2	3	154	32
1	2	6	2	241	3
3	0	3	3	34	4
0	3	0	1	133	8
1	3	4	2	146	8
1	3	4	2	101	8
1	0	6	3	161	8
0	1	0	1	121	8
3	0	4	3	52	32
1	3	5	2	54	32
1	3	7	2	199	3
2	1	3	2	114	4
2	1	3	2	282	8
1	2	1	2	137	8
3	0	3	3	180	8
2	0	2	3	129	3
2	0	1	3	184	3
3	0	1	3	229	8
1	3	4	2	256	32
3	2	2	2	86	4
2	0	2	3	194	3
1	3	3	2	223	3
3	0	2	3	157	32
2	1	2	2	269	32
1	0	6	3	290	3
3	0	1	3	226	3
3	0	4	3	32	4
0	3	0	1	293	8
2	3	5	2	74	32
0	1	0	1	1	8
0	2	0	1	260	32
1	3	6	2	137	4
3	2	1	2	71	4
0	1	0	1	90	3
3	1	7	2	175	32
1	0	5	3	55	32
2	0	7	3	225	32
1	3	4	2	272	32
2	0	7	3	82	3
1	3	6	2	176	3
3	0	5	3	220	32
3	1	2	2	182	8
1	0	1	3	22	32
0	2	0	1	108	32
1	0	5	3	68	4
0	2	0	1	249	32
0	3	0	1	203	8
3	0	1	3	197	8
1	0	5	3	184	4
3	0	4	3	108	32
2	3	7	2	67	8
0	1	0	1	52	4
3	2	7	2	204	8
3	2	4	2	183	4
2	1	3	2	200	3
0	3	0	1	6	8
1	0	4	3	284	32
0	1	0	1	26	8
2	0	6	3	145	3
2	1	1	2	313	3
3	1	6	2	236	8
2	0	6	3	107	4
2	1	5	2	79	3
0	1	0	1	100	32
0	3	0	1	159	4
2	3	1	2	245	4
1	3	7	2	129	3
0	2	0	1	79	3
3	2	4	2	116	8
2	1	5	2	9	32
3	0	5	3	311	3
2	0	1	3	185	3
0	1	0	1	3	4
0	3	0	1	85	32
1	2	1	2	123	8
2	0	1	3	74	8
3	0	4	3	240	32
0	2	0	1	134	32
1	0	4	3	205	3
3	0	1	3	167	32
3	1	4	2	199	8
2	1	6	2	272	8
3	0	2	3	293	4
3	0	3	3	114	32
3	2	4	2	266	4
3	1	4	2	28	4
3	0	2	3	126	4
0	2	0	1	12	8
3	2	4	2	170	4
2	3	3	2	176	8
3	2	5	2	62	32
1	0	6	3	177	8
1	2	7	2	119	3
0	3	0	1	245	4
2	3	5	2	17	4
1	0	5	3	230	32
0	2	0	1	9	32
2	0	3	3	134	8
1	3	5	2	203	32
1	0	5	3	281	4
2	3	1	2	150	3
0	1	0	1	69	3
1	0	6	3	149	8
1	2	2	2	60	32
0	3	0	1	158	4
1	0	4	3	193	3
3	2	3	2	206	8
1	0	5	3	160	4
1	3	6	2	199	8
0	2	0	1	23	8
2	0	3	3	142	3
0	1	0	1	162	32
0	1	0	1	135	3
3	1	1	2	211	32
2	3	5	2	176	8
3	2	1	2	115	32
0	2	0	1	148	32
3	0	5	3	279	32
1	3	3	2	271	3
0	1	0	1	128	8
2	1	6	2	181	32
0	3	0	1	28	32
2	3	5	2	116	32
0	1	0	1	107	3
0	1	0	1	131	3
0	2	0	1	5	3
2	3	4	2	304	4
0	2	0	1	173	3
0	1	0	1	128	4
0	2	0	1	266	8
0	2	0	1	170	8
2	0	2	3	144	4
3	2	7	2	71	32
2	3	2	2	233	3
0	3	0	1	163	32
2	0	7	3	143	3
0	3	0	1	86	32
3	1	5	2	277	3
3	0	5	3	288	3
0	2	0	1	27	3
1	3	2	2	280	4
1	3	3	2	189	8
0	3	0	1	3	3
3	0	4	3	201	32
1	3	2	2	196	3
0	3	0	1	10	32
0	3	0	1	93	3
0	2	0	1	66	32
0	3	0	1	75	8
2	3	2	2	22	4
0	2	0	1	302	3
0	2	0	1	173	4
1	3	3	2	230	8
3	0	3	3	201	4
3	2	6	2	180	3
1	0	6	3	224	4
1	2	4	2	114	3
2	0	2	3	208	8
0	3	0	1	165	8
1	3	4	2	240	4
0	3	0	1	102	32
1	2	3	2	140	3
1	3	4	2	164	4
2	1	2	2	296	3
3	2	6	2	207	3
2	1	6	2	119	32
0	2	0	1	221	4
3	2	6	2	62	3
2	0	2	3	288	8
0	3	0	1	80	3
1	0	4	3	198	4
2	0	1	3	237	4
2	3	2	2	4	4
1	3	4	2	15	8
1	3	1	2	312	4
2	0	7	3	1	3
2	3	6	2	79	4
0	2	0	1	185	8
2	0	6	3	167	8
3	2	3	2	10	32
2	3	6	2	4	32
0	3	0	1	41	3
3	2	2	2	224	3
0	3	0	1	132	4
0	2	0	1	122	4
2	0	2	3	46	8
2	3	5	2	205	8
1	2	4	2	181	4
1	0	6	3	246	3
3	1	3	2	281	8
1	2	4	2	127	3
2	1	6	2	23	32
0	2	0	1	39	3
0	3	0	1	149	3
0	2	0	1	119	3
2	3	1	2	122	32
2	1	7	2	168	32
0	1	0	1	161	8
0	1	0	1	102	4
1	2	7	2	181	4
3	2	2	2	162	4
1	0	5	3	57	8
3	2	2	2	72	4
0	3	0	1	36	4
0	2	0	1	52	4
3	2	7	2	220	4
3	1	4	2	182	4
3	0	2	3	218	3
0	1	0	1	116	4
0	3	0	1	265	4
3	0	4	3	91	4
3	1	5	2	106	8
3	0	3	3	154	8
3	1	7	2	220	3
0	1	0	1	194	4
3	0	4	3	38	32
3	1	2	2	301	4
3	1	7	2	114	4
0	1	0	1	207	3
2	3	4	2	274	8
1	2	4	2	292	3
0	1	0	1	312	8
2	3	3	2	98	4
3	2	2	2	162	32
2	3	6	2	49	32
1	3	7	2	58	4
3	1	7	2	39	8
2	0	1	3	259	32
3	2	6	2	90	4
0	3	0	1	99	4
3	2	1	2	231	4
3	1	3	2	42	32
0	1	0	1	184	32
1	0	1	3	53	8
2	0	3	3	216	4
0	3	0	1	133	32
3	1	6	2	184	4
0	2	0	1	56	4
1	2	7	2	180	3
0	2	0	1	116	3
3	1	4	2	204	3
0	2	0	1	140	4
0	3	0	1	270	4
2	1	3	2	212	3
0	2	0	1	238	4
2	0	1	3	24	8
1	0	7	3	261	32
3	0	4	3	4	4
1	0	1	3	208	4
1	2	2	2	301	3
3	0	4	3	246	8
2	1	1	2	194	8
2	1	1	2	92	8
3	1	5	2	115	3
3	2	1	2	280	4
1	0	5	3	36	8
3	1	2	2	76	4
3	1	1	2	71	4
0	3	0	1	229	3
2	0	6	3	157	4
3	1	1	2	26	32
0	3	0	1	262	8
1	2	1	2	214	4
0	1	0	1	63	32
3	2	3	2	302	4
1	3	2	2	41	32
2	0	3	3	68	3
1	0	5	3	119	4
0	3	0	1	311	4
1	3	4	2	189	4
0	1	0	1	54	3
3	2	7	2	114	8
3	1	5	2	268	8
0	1	0	1	283	4
3	0	3	3	62	32
3	2	7	2	197	32
2	0	1	3	219	4
1	3	7	2	71	3
1	2	2	2	105	32
2	3	7	2	27	8
1	0	1	3	170	3
3	0	4	3	62	4
1	3	4	2	185	8
3	2	5	2	175	8
3	1	5	2	0	3
3	0	3	3	83	3
1	0	4	3	87	4
1	3	3	2	277	32
2	3	2	2	261	32
2	0	2	3	72	32
2	1	2	2	180	3
3	2	6	2	203	3
0	2	0	1	170	32
3	2	5	2	299	4
0	3	0	1	298	3
2	0	7	3	227	32
2	1	7	2	312	4
2	3	2	2	143	32
1	3	7	2	125	4
2	3	2	2	309	8
1	3	7	2	114	4
2	3	2	2	219	32
2	3	1	2	176	3
2	3	5	2	6	8
2	1	4	2	143	3
1	3	1	2	169	3
2	1	1	2	100	4
1	2	7	2	201	3
3	2	7	2	127	3
2	0	7	3	141	3
3	1	3	2	193	32
2	0	6	3	210	4
1	0	5	3	218	8
2	3	6	2	128	8
3	2	3	2	183	8
0	2	0	1	94	32
2	0	3	3	269	32
3	0	5	3	242	8
0	3	0	1	42	8
3	1	3	2	59	32
3	0	3	3	79	32
3	0	3	3	112	8
1	0	7	3	69	32
0	1	0	1	176	4
2	3	5	2	111	4
0	1	0	1	64	4
3	0	5	3	242	8
2	0	7	3	127	4
2	0	1	3	268	3
1	0	5	3	7	8
1	2	3	2	151	32
1	0	4	3	39	3
3	0	4	3	272	8
0	2	0	1	65	4
3	0	3	3	5	3
0	1	0	1	255	4
3	1	2	2	59	4
3	2	4	2	278	32
3	1	4	2	93	32
3	2	7	2	85	8
3	0	1	3	292	8
1	3	4	2	113	4
2	3	7	2	235	4
3	1	6	2	233	4
0	1	0	1	284	3
3	0	4	3	278	3
0	1	0	1	239	8
2	1	2	2	65	8
1	3	2	2	97	4
1	2	2	2	160	32
1	0	5	3	302	8
3	2	7	2	47	3
3	2	1	2	7	32
1	3	4	2	299	4
1	3	5	2	81	32
0	3	0	1	68	4
2	0	3	3	25	8
1	0	5	3	111	3
2	3	7	2	292	8
2	0	1	3	129	4
3	2	1	2	139	3
3	1	3	2	17	32
2	3	1	2	230	4
1	0	6	3	71	32
0	3	0	1	56	4
1	3	6	2	133	4
1	0	1	3	71	4
2	0	7	3	240	32
0	3	0	1	62	3
0	1	0	1	126	4
3	0	4	3	193	4
0	2	0	1	48	8
2	0	3	3	270	32
3	0	1	3	192	32
0	2	0	1	256	3
1	3	1	2	68	8
0	2	0	1	153	4
0	3	0	1	156	3
2	1	6	2	198	3
1	2	6	2	17	3
2	1	3	2	120	3
3	1	7	2	62	8
1	2	5	2	29	3
2	3	2	2	139	8
1	2	2	2	234	4
0	3	0	1	18	4
3	0	2	3	38	8
2	0	3	3	243	8
2	3	1	2	312	8
3	2	4	2	83	3
3	2	6	2	34	4
2	3	1	2	42	32
3	2	3	2	314	4
2	0	7	3	48	4
1	2	7	2	61	3
1	0	5	3	215	8
2	0	6	3	231	8
0	1	0	1	122	32
2	1	4	2	57	4
2	0	1	3	44	4
2	0	6	3	159	8
3	0	4	3	279	4
3	1	1	2	98	3
2	0	2	3	214	4
0	2	0	1	130	3
3	0	5	3	119	4
0	1	0	1	220	4
1	2	6	2	128	4
0	2	0	1	162	4
2	3	7	2	270	3
0	3	0	1	178	8
3	0	1	3	280	32
0	2	0	1	235	32
3	0	4	3	14	8
3	0	4	3	108	4
3	1	7	2	62	8
1	2	5	2	164	8
2	0	6	3	39	8
0	1	0	1	242	4
3	1	3	2	233	4
1	0	5	3	159	8
0	1	0	1	237	32
0	2	0	1	57	32
2	1	4	2	30	8
1	0	1	3	72	8
1	2	3	2	107	32
1	2	7	2	147	8
1	3	3	2	277	3
3	2	1	2	261	3
1	0	7	3	183	3
0	2	0	1	150	8
1	2	2	2	188	4
0	2	0	1	255	4
3	0	3	3	53	8
2	1	1	2	221	32
1	3	5	2	130	4
3	1	2	2	269	4
0	2	0	1	135	4
3	2	2	2	93	8
3	2	2	2	217	32
0	3	0	1	250	32
3	2	1	2	50	3
1	3	2	2	136	4
1	0	1	3	83	8
1	2	4	2	129	32
2	1	2	2	291	4
2	1	1	2	114	4
2	3	1	2	257	32
1	3	3	2	228	4
0	2	0	1	280	32
1	2	4	2	124	4
3	0	5	3	315	3
0	3	0	1	158	8
2	0	6	3	203	8
1	3	6	2	120	8
0	3	0	1	33	3
0	3	0	1	206	32
2	3	5	2	42	4
1	3	2	2	302	4
2	1	2	2	124	32
2	1	1	2	136	8
1	3	6	2	307	3
0	3	0	1	150	4
2	3	2	2	240	8
2	3	3	2	35	8
2	0	3	3	229	4
1	2	4	2	8	4
3	2	5	2	50	4
0	2	0	1	90	8
3	0	5	3	159	32
0	2	0	1	17	8
1	2	1	2	98	3
3	1	6	2	248	8
3	0	5	3	9	4
2	1	5	2	131	4
3	2	7	2	80	32
2	3	1	2	278	8
1	2	4	2	247	32
0	3	0	1	280	4
0	2	0	1	64	3
3	2	6	2	299	4
3	0	3	3	197	32
2	3	4	2	235	32
0	3	0	1	195	8
0	3	0	1	171	3
1	3	4	2	165	3
0	3	0	1	6	4
0	1	0	1	102	32
3	2	4	2	149	4
2	3	6	2	196	32
0	3	0	1	200	3
0	2	0	1	80	3
2	0	2	3	194	4
3	2	5	2	203	8
2	1	3	2	54	3
3	2	6	2	236	4
3	0	3	3	282	4
0	2	0	1	11	32
3	0	5	3	31	3
3	0	2	3	106	8
1	2	3	2	35	32
3	1	7	2	21	4
2	3	5	2	313	4
0	2	0	1	206	3
1	3	7	2	194	32
3	0	3	3	177	4
3	2	4	2	115	32
0	2	0	1	130	32
1	2	6	2	288	8
2	0	1	3	75	3
1	0	4	3	169	4
1	2	6	2	125	32
3	0	2	3	91	4
0	1	0	1	267	3
2	3	2	2	19	32
1	0	5	3	261	8
3	2	7	2	316	4
0	3	0	1	18	8
3	1	1	2	1	3
3	1	5	2	231	32
2	3	5	2	222	32
1	2	6	2	199	3
2	0	1	3	277	8
3	1	6	2	79	4
3	2	7	2	181	8
0	2	0	1	195	8
3	0	5	3	161	4
3	1	7	2	249	4
2	3	6	2	128	3
1	2	2	2	74	4
2	0	6	3	205	4
1	2	3	2	40	4
0	1	0	1	174	3
3	0	3	3	275	4
1	2	6	2	20	4
3	2	1	2	46	8
1	3	1	2	199	8
1	0	6	3	0	8
3	0	5	3	56	4
0	2	0	1	145	3
1	3	3	2	52	3
1	2	3	2	12	32
0	1	0	1	298	8
1	0	1	3	166	8
1	0	4	3	214	4
3	2	5	2	301	3
1	3	1	2	125	3
2	0	7	3	78	4
3	2	7	2	162	3
3	2	3	2	51	4
0	3	0	1	203	32
2	1	4	2	133	8
2	3	4	2	276	32
3	0	4	3	220	32
3	0	1	3	187	32
1	2	2	2	176	8
3	1	4	2	136	3
1	2	5	2	170	4
1	0	7	3	71	32
1	2	1	2	257	4
1	0	6	3	260	3
2	0	6	3	55	4
0	3	0	1	153	4
0	3	0	1	201	8
0	3	0	1	195	8
3	1	6	2	155	4
0	2	0	1	167	32
1	0	1	3	235	4
1	0	7	3	3	4
2	0	6	3	125	4
2	1	1	2	178	8
3	1	4	2	268	32
0	2	0	1	162	3
1	2	6	2	49	32
3	2	1	2	62	3
3	1	3	2	157	32
0	3	0	1	133	8
2	1	2	2	59	3
2	1	6	2	249	32
1	0	4	3	86	32
2	1	3	2	3	32
3	1	2	2	5	8
2	0	7	3	103	3
1	0	6	3	10	8
0	2	0	1	31	4
1	2	4	2	18	4
1	2	4	2	32	3
3	2	3	2	99	8
3	2	2	2	292	3
2	3	5	2	43	8
2	1	5	2	117	3
2	1	1	2	288	4
3	2	4	2	188	8
2	0	2	3	124	3
3	2	7	2	1	32
0	2	0	1	63	3
3	0	4	3	44	32
3	0	4	3	73	32
1	2	4	2	228	8
1	3	5	2	236	8
2	1	3	2	304	8
1	3	3	2	0	3
1	0	4	3	246	8
0	2	0	1	65	8
3	2	6	2	68	3
0	1	0	1	295	8
2	1	6	2	48	8
1	0	6	3	106	4
2	3	1	2	91	3
0	2	0	1	83	8
1	0	5	3	266	4
2	1	3	2	277	3
2	0	2	3	110	4
0	3	0	1	245	32
2	3	7	2	204	8
0	1	0	1	122	8
0	1	0	1	229	3
3	0	3	3	294	4
3	2	4	2	129	4
0	1	0	1	221	3
1	3	3	2	96	4
0	2	0	1	230	3
0	2	0	1	139	4
0	1	0	1	212	32
3	1	1	2	40	4
2	0	1	3	257	3
3	0	3	3	179	8
0	2	0	1	169	32
0	1	0	1	164	3
2	3	3	2	112	4
2	0	2	3	119	8
2	0	3	3	18	3
0	3	0	1	200	8
0	3	0	1	153	4
0	3	0	1	38	3
1	0	5	3	61	8
1	3	3	2	81	4
2	0	6	3	249	4
2	3	3	2	197	8
0	1	0	1	151	32
3	0	5	3	186	32
2	1	3	2	130	8
1	3	2	2	63	8
2	0	6	3	74	4
2	1	4	2	123	3
2	1	1	2	13	8
1	0	4	3	54	32
3	1	5	2	164	4
2	3	6	2	23	4
3	0	5	3	286	4
0	2	0	1	166	4
0	1	0	1	119	8
2	1	6	2	210	3
3	2	2	2	215	32
0	1	0	1	101	3
2	1	6	2	269	32
1	0	1	3	28	8
0	2	0	1	217	3
2	0	7	3	98	8
3	1	6	2	25	3
0	2	0	1	172	4
