1	0	1	3	28	4
1	0	6	3	199	8
0	2	0	1	194	3
3	0	5	3	120	4
1	0	6	3	261	3
0	2	0	1	14	4
0	2	0	1	64	4
1	3	7	2	211	8
3	0	2	3	244	32
2	1	5	2	310	8
3	1	5	2	275	4
3	0	5	3	144	4
0	1	0	1	209	8
2	3	6	2	189	3
3	2	3	2	29	3
3	1	3	2	314	3
1	2	6	2	9	8
2	1	6	2	43	4
3	1	3	2	18	32
3	1	2	2	71	4
2	3	5	2	130	32
0	1	0	1	116	3
3	0	2	3	18	32
0	3	0	1	286	3
1	3	1	2	113	4
2	0	2	3	99	3
0	1	0	1	258	32
1	2	3	2	42	4
1	2	4	2	314	3
0	1	0	1	88	3
0	1	0	1	61	8
2	0	3	3	116	8
2	1	1	2	287	4
1	3	7	2	206	3
3	2	1	2	133	4
0	1	0	1	90	4
3	2	7	2	289	8
2	1	7	2	133	8
1	0	7	3	158	32
1	2	2	2	224	3
2	0	6	3	9	32
0	2	0	1	226	4
2	3	5	2	37	3
0	1	0	1	242	8
2	1	4	2	194	32
3	2	1	2	137	32
2	1	5	2	216	4
1	0	6	3	36	8
0	2	0	1	273	3
1	2	1	2	273	4
3	1	7	2	36	32
2	3	1	2	178	4
3	0	3	3	88	32
3	2	7	2	311	4
1	3	1	2	280	3
3	0	4	3	121	3
2	1	5	2	234	8
2	3	2	2	149	4
1	2	5	2	18	3
2	0	1	3	95	3
1	3	2	2	257	4
0	3	0	1	216	4
1	2	2	2	19	8
3	1	7	2	251	3
0	2	0	1	40	3
2	1	1	2	92	4
3	1	7	2	309	4
0	2	0	1	68	32
1	3	4	2	198	8
2	1	5	2	299	4
2	0	6	3	152	4
3	0	2	3	214	32
0	2	0	1	227	32
3	0	4	3	51	8
3	1	5	2	157	3
3	1	3	2	246	4
3	2	7	2	268	8
1	0	5	3	267	32
0	3	0	1	99	3
2	1	5	2	213	3
2	3	4	2	102	3
3	1	5	2	166	3
0	3	0	1	172	3
3	1	2	2	273	4
1	0	5	3	20	3
1	3	1	2	243	3
0	3	0	1	254	4
1	2	7	2	126	32
1	0	5	3	267	8
1	3	2	2	271	32
1	3	3	2	225	32
2	0	1	3	176	4
3	1	6	2	161	4
0	3	0	1	242	32
2	1	7	2	312	3
1	0	6	3	56	3
1	3	2	2	296	8
3	2	7	2	147	3
3	0	5	3	224	8
3	2	2	2	161	3
2	0	3	3	293	4
3	1	2	2	273	4
3	1	7	2	92	8
1	2	3	2	282	3
2	0	7	3	127	32
3	0	3	3	149	8
0	1	0	1	153	8
3	1	6	2	135	32
2	3	6	2	71	4
1	3	1	2	290	3
2	3	6	2	84	32
0	2	0	1	150	8
1	2	7	2	198	3
3	1	4	2	240	3
2	0	3	3	170	4
2	3	4	2	224	3
1	2	4	2	96	4
1	3	2	2	151	32
0	2	0	1	142	32
3	2	6	2	64	3
0	1	0	1	138	4
0	3	0	1	284	4
0	1	0	1	179	32
3	2	3	2	34	4
1	3	7	2	259	32
2	3	3	2	112	3
3	1	6	2	19	32
2	3	6	2	263	32
3	2	1	2	5	8
2	1	6	2	24	4
0	3	0	1	204	8
2	1	2	2	283	4
1	0	4	3	156	3
1	2	3	2	234	8
0	3	0	1	21	8
1	3	1	2	218	4
1	2	3	2	310	4
1	0	4	3	160	32
3	2	6	2	128	3
3	2	4	2	276	4
2	0	6	3	211	32
3	0	5	3	309	3
3	1	6	2	146	4
3	1	1	2	83	32
0	3	0	1	33	8
2	3	1	2	77	32
2	0	1	3	9	32
1	3	5	2	91	4
2	0	2	3	97	4
1	2	4	2	101	8
3	0	5	3	13	4
1	0	7	3	34	3
1	3	5	2	143	3
2	1	7	2	279	32
0	1	0	1	260	4
1	0	1	3	24	32
1	0	1	3	231	3
3	2	5	2	32	3
2	3	6	2	213	3
1	0	5	3	34	32
3	2	5	2	55	4
0	3	0	1	194	32
1	2	5	2	224	4
3	1	3	2	199	32
0	1	0	1	185	4
1	0	4	3	24	4
0	2	0	1	215	8
1	0	7	3	282	4
0	3	0	1	72	8
1	0	5	3	159	32
1	2	7	2	210	4
0	2	0	1	214	3
1	3	1	2	288	8
2	0	1	3	43	4
1	2	4	2	61	8
0	1	0	1	230	8
2	3	6	2	120	8
2	3	5	2	91	3
3	0	3	3	107	32
2	3	3	2	156	3
0	3	0	1	67	8
0	2	0	1	134	8
3	0	2	3	1	3
2	3	4	2	42	8
0	3	0	1	150	3
2	3	7	2	143	3
0	2	0	1	13	32
0	1	0	1	238	3
1	2	2	2	203	3
3	0	3	3	79	8
3	2	7	2	297	4
0	1	0	1	247	32
0	3	0	1	152	8
3	1	7	2	279	8
3	2	1	2	205	3
3	2	2	2	102	8
0	2	0	1	73	32
3	0	4	3	209	32
0	1	0	1	160	32
3	0	4	3	101	32
0	2	0	1	126	3
2	0	7	3	31	8
0	2	0	1	288	4
1	0	7	3	141	32
3	1	2	2	220	8
1	3	1	2	175	32
0	3	0	1	77	32
3	1	2	2	264	32
3	1	5	2	215	32
0	1	0	1	145	3
0	3	0	1	91	8
2	3	6	2	225	3
1	0	4	3	211	8
1	3	3	2	171	4
3	0	5	3	46	32
2	0	3	3	113	3
2	0	6	3	267	3
3	0	4	3	207	8
3	1	2	2	40	4
2	1	3	2	84	3
0	1	0	1	118	3
2	3	1	2	131	32
0	2	0	1	277	32
1	3	6	2	93	4
2	3	7	2	136	4
2	1	6	2	159	8
3	1	3	2	294	3
0	3	0	1	201	3
1	2	7	2	276	8
1	0	6	3	91	4
3	0	2	3	3	3
1	3	6	2	175	8
1	3	6	2	267	32
3	2	3	2	18	32
0	2	0	1	124	8
3	2	4	2	222	3
1	0	1	3	73	32
0	2	0	1	163	4
3	2	2	2	200	4
3	2	4	2	102	32
3	0	4	3	198	4
3	1	6	2	35	8
0	2	0	1	25	8
2	0	3	3	221	4
1	3	3	2	217	8
2	1	7	2	23	32
2	1	3	2	145	4
2	1	3	2	196	4
3	2	6	2	77	32
0	3	0	1	243	32
2	3	5	2	215	3
2	0	7	3	10	8
3	1	2	2	104	3
2	3	6	2	206	32
2	0	7	3	193	3
0	3	0	1	256	32
2	1	7	2	162	3
3	1	5	2	250	3
0	1	0	1	196	4
3	1	4	2	165	4
2	3	3	2	165	4
1	3	6	2	197	8
0	2	0	1	141	4
0	2	0	1	45	32
0	3	0	1	20	3
2	0	7	3	286	4
1	2	2	2	28	3
2	3	7	2	178	32
1	0	5	3	199	3
1	0	5	3	278	3
1	0	4	3	249	4
2	3	7	2	146	8
3	2	1	2	15	4
1	2	3	2	72	3
0	1	0	1	150	4
3	0	3	3	86	3
3	2	5	2	37	4
1	2	4	2	62	3
3	1	7	2	252	8
0	2	0	1	161	8
0	1	0	1	306	8
3	0	1	3	206	4
2	3	7	2	231	32
0	1	0	1	47	4
1	3	4	2	140	3
2	0	6	3	10	4
2	0	7	3	226	3
2	3	5	2	67	4
1	0	7	3	221	3
1	2	6	2	60	8
2	1	6	2	157	3
0	1	0	1	23	32
0	3	0	1	114	32
3	1	5	2	306	4
2	1	6	2	207	8
0	1	0	1	262	3
2	0	3	3	193	4
1	2	3	2	63	3
3	0	5	3	209	4
1	0	7	3	213	8
1	2	4	2	30	8
3	0	1	3	23	3
0	1	0	1	236	3
3	2	6	2	201	8
3	2	5	2	150	32
2	3	4	2	24	3
2	0	6	3	282	3
3	0	2	3	280	8
2	1	3	2	311	4
2	3	4	2	72	4
1	0	6	3	292	3
0	1	0	1	72	8
3	0	3	3	270	8
0	3	0	1	269	8
2	3	5	2	264	3
0	3	0	1	49	4
2	1	6	2	116	8
2	0	6	3	54	32
3	2	6	2	185	8
3	1	2	2	89	8
1	3	2	2	177	3
0	2	0	1	232	32
1	0	6	3	60	32
2	0	3	3	240	8
1	2	3	2	287	4
0	3	0	1	44	8
2	3	1	2	208	3
3	2	3	2	183	3
0	3	0	1	41	32
0	1	0	1	74	32
3	0	5	3	195	8
1	2	6	2	125	32
2	3	2	2	291	3
1	3	1	2	144	3
1	3	7	2	255	4
2	3	6	2	16	4
3	2	7	2	233	4
2	3	6	2	102	4
3	0	2	3	307	3
0	3	0	1	158	3
2	0	3	3	174	32
1	2	7	2	96	4
0	3	0	1	228	3
3	0	1	3	42	3
1	2	7	2	13	4
1	2	6	2	147	4
0	3	0	1	265	32
3	1	6	2	193	3
2	1	2	2	74	3
0	1	0	1	25	4
0	3	0	1	222	4
1	0	5	3	21	4
3	0	4	3	13	4
3	1	2	2	34	4
3	0	5	3	231	8
0	3	0	1	108	32
2	1	3	2	224	4
3	2	3	2	25	4
2	3	4	2	74	4
3	0	4	3	165	8
1	2	6	2	162	8
0	1	0	1	115	8
3	0	2	3	253	3
2	1	3	2	65	3
0	1	0	1	84	32
3	1	1	2	162	4
1	2	6	2	59	3
2	0	1	3	72	8
0	1	0	1	244	4
2	3	1	2	305	4
2	1	6	2	298	4
3	0	1	3	183	8
1	2	3	2	203	3
3	2	3	2	307	3
3	0	4	3	111	8
0	3	0	1	170	32
1	0	1	3	240	4
0	2	0	1	99	8
1	3	4	2	160	4
2	1	3	2	159	4
2	3	6	2	10	8
1	3	5	2	216	8
3	0	2	3	167	8
0	2	0	1	217	4
1	2	1	2	77	3
1	3	4	2	94	3
3	1	7	2	217	32
1	0	1	3	277	3
0	3	0	1	66	3
3	0	4	3	53	8
0	3	0	1	245	4
1	0	1	3	7	3
0	2	0	1	223	32
0	2	0	1	17	8
3	0	3	3	37	32
1	3	4	2	173	3
2	3	7	2	244	32
3	2	7	2	229	3
0	1	0	1	195	4
1	2	7	2	81	3
0	2	0	1	129	32
2	0	7	3	147	32
1	2	6	2	66	32
2	0	3	3	249	4
2	3	2	2	143	8
0	1	0	1	43	8
3	0	1	3	214	32
0	3	0	1	222	32
3	2	7	2	205	4
1	3	1	2	67	4
1	3	2	2	93	3
1	2	2	2	70	3
0	3	0	1	170	8
3	0	3	3	155	3
0	1	0	1	252	8
0	2	0	1	48	32
3	1	4	2	255	8
1	3	5	2	204	8
2	1	7	2	141	8
3	1	3	2	127	3
0	1	0	1	119	4
0	3	0	1	244	8
3	2	2	2	103	32
0	3	0	1	210	4
0	1	0	1	22	32
1	0	1	3	250	3
2	0	2	3	296	8
3	0	3	3	249	32
2	0	6	3	298	4
2	1	6	2	197	8
0	3	0	1	247	3
0	3	0	1	256	8
3	0	1	3	85	8
2	0	2	3	152	8
3	1	6	2	73	8
3	2	1	2	273	3
2	1	3	2	164	32
2	3	1	2	80	3
1	2	4	2	90	8
3	1	7	2	19	8
0	3	0	1	263	3
3	0	4	3	24	4
3	2	3	2	110	4
3	1	4	2	269	4
1	0	5	3	52	3
1	3	4	2	191	4
3	0	5	3	269	3
0	2	0	1	250	4
1	0	1	3	232	3
3	0	4	3	48	4
0	3	0	1	245	32
3	1	6	2	205	4
3	1	5	2	39	32
3	2	3	2	125	8
0	2	0	1	77	32
3	0	3	3	36	8
1	3	4	2	86	4
2	1	3	2	190	32
0	3	0	1	51	32
3	0	3	3	144	8
3	0	4	3	58	4
1	0	5	3	142	4
2	0	7	3	150	32
1	3	6	2	14	8
1	3	4	2	187	8
3	1	3	2	245	8
0	2	0	1	221	32
0	3	0	1	75	3
0	3	0	1	84	8
3	1	5	2	96	8
1	3	6	2	25	32
2	1	7	2	71	3
0	3	0	1	73	32
2	3	7	2	90	32
1	3	1	2	175	8
3	1	3	2	198	32
3	1	3	2	137	32
1	2	2	2	40	4
0	2	0	1	66	8
3	0	4	3	150	32
2	0	1	3	126	8
2	1	5	2	22	8
1	3	3	2	199	4
1	0	7	3	46	8
0	3	0	1	312	8
3	1	5	2	220	32
3	0	3	3	222	32
1	2	2	2	14	32
0	2	0	1	261	8
1	2	6	2	298	3
1	0	4	3	66	8
0	2	0	1	225	4
2	0	2	3	147	4
1	2	5	2	22	8
0	3	0	1	5	32
2	1	5	2	205	4
0	3	0	1	295	4
1	0	5	3	28	3
2	0	3	3	296	8
3	0	4	3	10	8
3	0	1	3	25	4
2	0	3	3	198	4
0	2	0	1	263	3
2	3	4	2	197	32
0	1	0	1	121	3
1	2	2	2	301	8
3	1	4	2	16	8
2	0	6	3	95	4
1	3	2	2	234	32
3	2	5	2	33	8
1	2	5	2	75	4
3	0	2	3	253	4
0	2	0	1	45	32
1	3	1	2	272	3
1	2	2	2	209	32
2	3	6	2	58	4
0	2	0	1	283	8
2	0	1	3	93	4
2	3	1	2	37	8
2	3	7	2	128	8
0	3	0	1	169	4
0	3	0	1	59	32
3	1	5	2	73	8
3	1	6	2	116	32
3	0	1	3	309	3
1	2	6	2	170	32
3	0	1	3	107	4
1	0	7	3	139	8
2	0	2	3	162	3
1	2	1	2	125	32
1	2	1	2	15	4
0	3	0	1	55	32
3	2	1	2	170	8
3	0	3	3	276	8
1	3	7	2	152	32
3	1	6	2	119	4
0	2	0	1	259	3
3	2	1	2	25	4
1	0	5	3	9	4
3	0	2	3	281	3
0	2	0	1	204	3
3	1	4	2	109	32
3	1	7	2	2	8
3	1	5	2	5	8
2	1	6	2	193	8
3	1	4	2	148	8
2	3	4	2	248	4
2	0	1	3	240	4
1	3	7	2	163	4
0	3	0	1	263	32
3	2	2	2	58	8
2	0	7	3	6	3
2	0	3	3	126	32
1	3	7	2	294	3
1	2	2	2	3	32
0	3	0	1	226	32
2	3	2	2	68	8
3	1	3	2	161	32
1	0	4	3	289	4
2	1	2	2	194	8
0	3	0	1	225	32
3	1	3	2	147	4
3	0	5	3	140	32
0	2	0	1	312	4
1	2	1	2	283	8
3	1	2	2	225	8
1	2	3	2	205	8
0	1	0	1	247	4
0	1	0	1	63	8
2	3	6	2	115	3
1	2	5	2	306	4
0	3	0	1	77	3
2	0	3	3	125	32
2	3	1	2	274	8
0	2	0	1	217	32
0	3	0	1	298	8
1	3	1	2	165	32
3	2	3	2	148	32
2	0	7	3	82	3
3	2	7	2	210	4
0	2	0	1	294	3
0	2	0	1	1	32
2	0	1	3	205	3
1	2	1	2	72	3
1	0	5	3	259	32
1	2	5	2	44	4
3	0	5	3	56	8
2	3	2	2	175	4
1	2	4	2	146	32
1	3	2	2	1	4
1	0	5	3	31	8
0	3	0	1	237	32
1	3	7	2	48	4
0	2	0	1	195	3
2	1	6	2	46	8
2	0	7	3	279	8
2	3	5	2	10	4
1	3	5	2	81	4
0	1	0	1	222	4
1	0	1	3	300	3
1	3	2	2	253	8
1	0	7	3	288	3
3	2	6	2	17	4
1	0	6	3	128	32
0	2	0	1	303	4
2	3	6	2	248	8
0	3	0	1	42	32
0	3	0	1	302	3
1	0	4	3	12	4
3	0	2	3	112	3
2	3	7	2	287	8
1	2	1	2	305	8
1	3	3	2	142	8
0	1	0	1	99	4
1	0	4	3	179	8
3	1	3	2	237	4
3	1	5	2	287	4
3	2	4	2	262	3
3	0	1	3	250	3
3	2	6	2	199	4
3	2	4	2	243	8
1	2	4	2	150	8
0	2	0	1	28	4
1	2	7	2	52	8
1	2	2	2	256	8
0	3	0	1	143	4
2	1	4	2	120	4
2	3	4	2	276	3
3	0	4	3	255	8
0	1	0	1	87	4
2	0	3	3	242	8
2	0	1	3	190	32
0	1	0	1	77	8
2	3	7	2	310	8
0	2	0	1	274	4
1	2	4	2	183	4
3	2	5	2	50	4
1	2	4	2	208	32
0	2	0	1	125	8
0	2	0	1	169	4
0	3	0	1	127	4
1	2	1	2	18	4
3	0	4	3	46	4
3	2	6	2	46	3
0	3	0	1	247	32
2	0	7	3	129	32
3	1	2	2	313	3
1	0	6	3	67	32
2	0	2	3	116	4
2	0	3	3	262	4
2	3	3	2	206	3
1	3	2	2	139	32
0	3	0	1	230	4
2	3	2	2	310	8
0	3	0	1	199	8
3	2	4	2	98	4
0	1	0	1	163	3
2	0	1	3	23	4
0	1	0	1	143	8
3	2	2	2	4	3
0	2	0	1	188	3
0	2	0	1	23	3
1	3	6	2	130	3
3	1	2	2	122	32
0	1	0	1	92	4
2	3	4	2	176	4
0	1	0	1	157	3
2	0	3	3	8	4
0	1	0	1	88	3
2	0	3	3	230	3
0	3	0	1	145	4
1	0	7	3	55	8
3	1	5	2	267	8
0	1	0	1	10	8
3	0	2	3	39	4
2	0	6	3	47	3
0	3	0	1	90	3
0	2	0	1	313	4
3	2	7	2	170	4
1	2	1	2	264	32
2	1	1	2	228	4
1	0	5	3	10	4
0	1	0	1	125	32
2	3	6	2	285	32
2	3	4	2	244	8
2	3	5	2	239	3
2	1	4	2	201	8
0	2	0	1	27	32
0	1	0	1	295	4
2	1	4	2	61	3
0	3	0	1	109	32
0	2	0	1	132	8
3	2	1	2	310	3
1	3	1	2	198	32
0	1	0	1	59	3
2	1	4	2	196	32
0	1	0	1	279	4
3	2	1	2	145	8
2	0	6	3	77	4
2	1	2	2	190	8
3	1	1	2	79	4
0	2	0	1	164	32
3	1	7	2	87	32
3	1	7	2	186	3
3	0	5	3	156	4
2	3	2	2	207	32
0	1	0	1	81	3
1	2	3	2	165	8
0	2	0	1	286	8
0	3	0	1	307	8
2	1	6	2	25	32
2	0	3	3	311	4
2	3	3	2	174	4
3	2	1	2	98	4
2	3	1	2	188	4
0	2	0	1	240	4
0	1	0	1	245	8
3	2	2	2	152	4
1	0	7	3	192	8
3	1	6	2	37	3
0	3	0	1	114	32
1	0	6	3	198	32
3	2	7	2	267	8
1	2	3	2	71	4
3	2	6	2	262	8
3	0	5	3	225	32
3	1	3	2	19	32
0	3	0	1	152	8
2	1	5	2	3	3
1	3	7	2	108	4
1	3	4	2	122	8
3	2	3	2	177	32
2	0	2	3	294	4
1	0	1	3	244	8
3	2	3	2	184	4
3	1	2	2	94	3
1	0	7	3	181	32
3	0	2	3	14	32
3	2	7	2	185	8
3	0	5	3	40	8
3	2	4	2	128	8
3	2	7	2	147	8
2	3	4	2	56	8
3	2	7	2	243	8
1	2	6	2	95	8
0	2	0	1	217	8
0	2	0	1	82	8
1	0	1	3	156	4
1	2	2	2	25	8
0	2	0	1	146	3
2	1	6	2	191	32
3	2	1	2	316	3
3	0	3	3	14	8
0	1	0	1	212	32
2	0	6	3	205	4
1	0	7	3	227	32
2	1	5	2	66	4
1	2	5	2	294	4
3	2	7	2	242	3
3	0	3	3	49	8
1	2	4	2	267	8
2	3	7	2	271	4
1	0	7	3	281	8
3	2	7	2	98	3
0	3	0	1	288	4
3	2	7	2	86	8
0	2	0	1	119	4
0	3	0	1	26	4
3	0	2	3	131	8
0	3	0	1	163	3
1	3	1	2	296	3
0	2	0	1	69	8
0	1	0	1	169	4
3	2	3	2	58	8
0	1	0	1	262	8
1	3	5	2	294	3
3	0	1	3	58	3
3	0	3	3	234	4
0	3	0	1	299	4
0	1	0	1	215	3
2	0	6	3	138	3
3	2	5	2	170	32
1	0	4	3	18	3
3	0	1	3	84	32
3	2	5	2	245	32
1	2	1	2	237	32
0	3	0	1	20	8
2	0	7	3	277	32
2	0	3	3	239	3
0	1	0	1	212	4
1	3	3	2	84	4
1	2	5	2	237	32
2	0	1	3	250	8
3	2	6	2	314	3
1	3	1	2	22	8
1	2	3	2	61	32
1	3	2	2	217	4
2	3	5	2	121	3
0	2	0	1	259	3
3	1	3	2	177	8
1	0	7	3	23	8
0	1	0	1	79	3
3	2	1	2	70	3
0	3	0	1	213	3
3	1	5	2	147	8
1	0	4	3	179	3
2	1	2	2	219	8
0	3	0	1	233	3
3	0	5	3	1	3
3	0	5	3	166	4
1	0	6	3	44	32
2	1	4	2	184	4
2	0	7	3	305	8
3	2	5	2	211	3
1	0	7	3	97	8
3	1	1	2	295	4
2	0	3	3	0	3
1	2	5	2	102	8
0	3	0	1	88	32
3	1	7	2	8	3
2	3	5	2	166	3
1	3	1	2	286	3
1	0	5	3	124	4
3	1	4	2	107	4
1	3	2	2	311	3
3	1	6	2	139	32
1	3	6	2	268	3
2	0	6	3	1	3
1	0	6	3	26	32
3	0	1	3	278	32
2	1	5	2	136	4
0	2	0	1	82	4
3	0	3	3	263	8
3	2	5	2	280	4
2	3	6	2	228	32
2	1	3	2	312	3
3	1	6	2	3	4
2	3	5	2	145	8
2	0	3	3	274	32
2	0	6	3	234	32
3	2	6	2	204	3
3	1	2	2	138	8
1	3	5	2	8	8
3	0	1	3	26	32
2	3	4	2	222	3
2	0	2	3	199	8
3	1	6	2	133	4
3	1	4	2	139	3
0	3	0	1	254	3
0	2	0	1	154	32
1	0	7	3	142	8
3	0	5	3	56	4
0	3	0	1	31	8
2	3	5	2	295	4
2	0	7	3	228	32
0	1	0	1	181	8
3	0	2	3	309	3
3	2	2	2	93	4
2	0	6	3	265	4
2	1	3	2	96	8
0	2	0	1	216	32
3	1	1	2	223	3
1	2	1	2	309	4
0	1	0	1	182	8
0	1	0	1	129	3
0	1	0	1	44	4
3	2	6	2	191	8
0	1	0	1	73	32
2	1	5	2	40	4
0	1	0	1	84	4
0	3	0	1	67	8
0	2	0	1	256	8
2	1	3	2	184	8
2	3	1	2	5	4
3	2	5	2	66	8
0	2	0	1	310	4
0	2	0	1	128	3
2	1	3	2	39	4
3	1	5	2	70	4
0	3	0	1	235	3
0	3	0	1	272	3
3	2	2	2	97	3
3	1	5	2	39	32
0	2	0	1	137	8
2	1	6	2	58	3
2	0	1	3	105	8
1	2	7	2	246	8
2	0	1	3	21	32
3	1	4	2	186	4
2	3	6	2	25	8
2	3	4	2	136	3
3	1	2	2	111	3
3	1	3	2	287	8
1	0	5	3	31	3
3	2	7	2	156	8
2	0	7	3	10	4
0	3	0	1	57	32
2	1	1	2	292	3
3	2	2	2	282	4
1	0	5	3	18	4
3	2	1	2	260	3
3	1	6	2	101	32
2	3	2	2	268	32
2	3	2	2	153	32
2	1	4	2	47	32
0	2	0	1	144	8
0	2	0	1	224	3
1	3	4	2	133	32
3	0	3	3	87	3
2	0	6	3	248	4
1	2	5	2	63	4
3	1	3	2	186	3
2	3	7	2	142	8
0	1	0	1	238	32
1	2	1	2	312	3
1	3	3	2	79	32
3	2	3	2	236	8
1	3	6	2	171	3
0	1	0	1	60	3
3	0	1	3	219	4
3	2	3	2	172	4
3	2	3	2	68	3
2	1	7	2	131	4
0	2	0	1	227	8
2	0	7	3	17	8
0	1	0	1	180	4
1	3	2	2	244	8
1	3	2	2	262	3
3	1	5	2	241	32
1	2	6	2	134	8
3	2	3	2	177	8
3	2	7	2	215	32
0	3	0	1	177	8
2	3	3	2	269	32
3	2	6	2	87	3
3	0	2	3	248	8
1	0	6	3	78	8
0	2	0	1	74	8
1	0	4	3	185	8
1	2	7	2	284	8
1	2	1	2	243	8
1	2	4	2	180	8
3	0	4	3	218	4
2	1	5	2	45	4
0	1	0	1	274	32
3	1	4	2	316	3
3	1	4	2	19	3
2	1	1	2	88	4
0	1	0	1	281	8
0	3	0	1	163	3
1	0	4	3	303	4
1	0	7	3	304	4
1	2	6	2	139	32
1	2	2	2	181	32
1	3	7	2	50	32
0	1	0	1	20	3
2	1	4	2	289	3
2	1	5	2	284	8
1	2	3	2	297	4
0	3	0	1	221	8
2	0	1	3	247	4
3	2	3	2	148	4
1	0	1	3	43	32
2	3	7	2	215	4
1	0	6	3	80	32
1	0	7	3	305	3
3	0	3	3	312	8
2	0	1	3	262	3
2	1	6	2	114	32
1	0	7	3	239	4
2	0	3	3	107	3
0	1	0	1	31	3
0	1	0	1	64	8
2	3	6	2	258	3
0	2	0	1	288	8
2	0	3	3	74	3
2	1	4	2	217	3
0	2	0	1	286	4
1	0	5	3	311	4
3	2	7	2	224	8
2	0	3	3	165	8
2	1	3	2	44	32
2	0	7	3	41	8
3	2	3	2	263	8
1	3	3	2	149	8
1	3	2	2	125	4
2	0	6	3	104	8
2	0	3	3	121	4
1	3	3	2	152	4
1	2	2	2	1	4
3	2	5	2	3	8
0	1	0	1	295	3
1	3	4	2	55	32
3	2	3	2	132	8
3	2	7	2	50	3
2	1	6	2	255	8
3	2	2	2	307	8
1	3	4	2	294	8
3	2	1	2	216	8
3	0	4	3	32	32
1	2	1	2	77	8
3	1	3	2	97	4
3	0	1	3	102	8
0	3	0	1	60	3
2	3	7	2	33	8
1	0	4	3	186	8
3	0	5	3	15	3
1	0	6	3	232	3
1	2	2	2	231	3
0	2	0	1	56	3
0	3	0	1	166	8
1	2	5	2	152	8
1	2	3	2	158	4
3	1	4	2	203	3
1	2	2	2	145	32
2	3	2	2	262	3
3	2	1	2	15	32
3	2	2	2	12	32
2	1	4	2	81	4
3	2	2	2	4	3
0	1	0	1	257	3
3	0	5	3	270	32
0	1	0	1	239	32
1	0	6	3	76	4
1	2	6	2	49	8
2	0	7	3	282	3
3	0	5	3	270	32
2	3	1	2	232	32
0	2	0	1	227	4
3	2	3	2	91	3
1	3	3	2	280	32
2	3	3	2	192	8
1	2	2	2	163	3
2	0	2	3	249	32
3	0	1	3	230	32
0	1	0	1	0	32
0	3	0	1	51	3
2	1	5	2	255	32
2	3	2	2	12	4
3	2	3	2	194	4
0	2	0	1	47	32
3	2	3	2	314	3
2	1	2	2	227	4
0	2	0	1	298	3
0	1	0	1	81	3
3	2	6	2	82	4
2	1	4	2	128	32
3	1	4	2	184	3
2	1	2	2	75	8
2	0	2	3	103	8
2	3	5	2	64	32
2	1	4	2	50	4
3	1	2	2	208	8
2	3	6	2	98	32
0	3	0	1	3	3
2	3	6	2	170	4
1	3	5	2	66	32
1	3	6	2	279	32
1	0	6	3	43	8
2	0	2	3	218	3
0	3	0	1	119	3
3	1	2	2	26	32
2	3	3	2	283	4
1	0	6	3	27	8
1	2	5	2	86	32
0	1	0	1	307	8
3	1	7	2	93	4
1	3	2	2	277	4
2	1	1	2	52	8
1	3	1	2	209	3
2	1	5	2	296	3
3	1	4	2	68	4
2	0	7	3	135	8
3	2	1	2	15	3
1	3	7	2	123	32
3	2	1	2	228	8
3	1	2	2	288	8
1	3	4	2	281	8
2	1	3	2	115	3
2	1	7	2	296	4
1	3	2	2	23	8
3	0	5	3	199	3
1	3	5	2	257	32
0	3	0	1	129	32
3	2	3	2	69	3
0	2	0	1	196	3
2	0	2	3	4	8
2	0	3	3	114	32
3	0	2	3	24	32
3	2	1	2	174	8
3	2	6	2	301	4
3	0	3	3	69	8
0	2	0	1	253	8
3	1	6	2	186	8
2	1	4	2	147	4
1	2	7	2	6	4
3	2	4	2	93	32
0	1	0	1	153	8
0	1	0	1	224	8
1	3	1	2	227	4
3	0	4	3	54	4
0	1	0	1	264	4
2	0	1	3	60	32
2	1	6	2	261	8
3	1	7	2	23	32
2	3	1	2	136	32
0	1	0	1	118	32
1	0	1	3	304	4
3	1	5	2	234	8
1	0	4	3	170	4
0	2	0	1	232	4
0	3	0	1	149	8
2	3	4	2	83	4
1	3	1	2	247	3
0	2	0	1	18	8
2	1	7	2	217	8
3	1	1	2	284	8
1	3	1	2	62	4
0	3	0	1	197	4
3	2	6	2	234	4
2	1	4	2	136	3
3	0	2	3	132	3
2	0	3	3	260	4
1	0	7	3	211	32
0	3	0	1	21	8
2	1	1	2	131	32
3	1	5	2	284	8
1	0	7	3	287	3
3	2	4	2	48	3
2	1	5	2	189	4
2	3	2	2	111	32
0	1	0	1	306	8
2	1	1	2	168	4
0	1	0	1	207	8
1	3	7	2	310	3
0	2	0	1	247	3
2	1	5	2	113	8
0	1	0	1	222	3
1	3	1	2	229	8
0	3	0	1	45	32
0	2	0	1	20	32
1	0	5	3	89	4
0	2	0	1	38	32
0	3	0	1	268	3
0	1	0	1	234	32
0	3	0	1	285	4
1	3	7	2	111	4
0	3	0	1	51	8
0	2	0	1	97	8
0	1	0	1	183	32
3	1	5	2	149	3
1	2	6	2	101	8
0	3	0	1	296	8
3	1	5	2	195	32
3	0	3	3	179	3
3	1	5	2	3	32
1	0	4	3	195	4
0	2	0	1	144	8
3	0	2	3	62	3
1	2	7	2	49	8
1	3	3	2	162	32
2	0	3	3	41	4
3	0	2	3	178	3
0	2	0	1	95	32
0	2	0	1	289	3
2	0	2	3	157	4
3	0	5	3	141	4
2	1	1	2	144	4
0	2	0	1	217	32
3	1	2	2	24	4
3	0	4	3	285	32
0	2	0	1	124	4
2	1	6	2	167	4
3	2	4	2	66	8
0	2	0	1	252	4
0	3	0	1	180	4
2	1	7	2	15	3
2	1	1	2	246	8
2	3	7	2	271	4
2	3	5	2	262	4
3	1	2	2	21	4
3	0	5	3	245	3
2	1	1	2	296	3
3	0	4	3	293	3
3	2	3	2	243	32
0	1	0	1	208	8
0	1	0	1	268	4
0	1	0	1	281	32
0	1	0	1	276	8
1	0	4	3	133	4
2	0	2	3	249	32
3	1	3	2	151	4
2	1	6	2	128	4
2	1	7	2	126	4
1	3	6	2	232	3
1	0	6	3	310	8
1	2	1	2	58	8
0	3	0	1	67	4
2	0	3	3	144	4
1	3	4	2	82	32
1	2	1	2	35	8
2	3	2	2	257	3
2	1	5	2	156	8
1	2	5	2	50	3
0	2	0	1	132	8
3	0	2	3	9	32
3	2	6	2	251	4
0	2	0	1	5	4
2	3	6	2	18	32
0	2	0	1	100	32
0	2	0	1	44	4
3	0	5	3	78	4
0	1	0	1	176	3
0	1	0	1	252	32
3	1	1	2	122	4
2	3	4	2	89	3
2	1	1	2	279	3
1	0	6	3	150	3
1	3	2	2	275	32
3	2	2	2	201	32
3	0	5	3	43	4
3	2	7	2	14	4
2	3	7	2	162	4
2	1	4	2	118	3
1	3	4	2	123	32
1	0	5	3	40	8
0	2	0	1	117	32
1	0	7	3	226	8
1	2	6	2	172	8
1	2	6	2	260	8
2	1	6	2	72	4
3	0	3	3	140	3
2	3	2	2	145	8
2	1	3	2	171	32
3	2	6	2	178	32
1	0	1	3	193	4
2	3	6	2	256	4
1	0	6	3	7	32
3	0	4	3	157	3
3	2	7	2	213	32
1	0	7	3	165	8
1	0	4	3	249	4
3	0	3	3	287	32
3	1	2	2	199	4
1	3	4	2	30	4
0	1	0	1	239	4
3	0	5	3	70	8
2	0	3	3	136	4
1	2	1	2	64	32
1	0	6	3	278	3
0	3	0	1	45	4
1	0	4	3	301	4
2	3	4	2	114	4
1	3	3	2	240	3
0	1	0	1	135	3
2	0	1	3	211	32
0	1	0	1	193	8
2	3	6	2	153	3
3	0	5	3	31	4
3	1	2	2	46	3
0	1	0	1	221	8
0	2	0	1	166	8
1	2	1	2	95	8
2	1	2	2	241	8
3	0	5	3	91	3
1	3	5	2	14	8
0	2	0	1	293	4
3	2	7	2	155	4
1	3	7	2	270	3
1	2	1	2	67	4
1	2	5	2	15	3
0	2	0	1	205	32
3	0	5	3	192	3
3	2	4	2	141	32
1	0	7	3	286	3
3	2	5	2	237	8
0	2	0	1	221	8
2	1	1	2	95	4
0	3	0	1	257	4
0	2	0	1	241	32
3	1	1	2	32	32
0	3	0	1	304	8
1	3	7	2	82	8
1	3	2	2	74	32
1	2	5	2	314	3
2	0	3	3	307	3
0	3	0	1	267	8
1	3	5	2	277	4
2	1	7	2	7	4
1	2	2	2	229	3
1	3	4	2	166	32
1	3	6	2	286	8
1	0	4	3	213	32
2	0	2	3	111	3
2	0	7	3	9	8
3	0	4	3	276	3
0	3	0	1	70	4
3	2	3	2	306	4
1	3	5	2	188	8
2	3	4	2	281	32
1	3	7	2	301	4
2	3	3	2	87	32
1	2	6	2	131	8
1	0	7	3	160	4
2	1	3	2	69	4
3	2	6	2	75	32
1	2	4	2	2	3
2	1	6	2	100	3
1	0	1	3	120	32
2	0	3	3	276	8
1	0	5	3	113	8
2	0	7	3	115	4
1	0	4	3	282	4
0	3	0	1	9	4
2	1	5	2	132	3
1	2	5	2	37	32
1	3	3	2	15	4
0	1	0	1	161	4
1	0	4	3	220	32
2	0	1	3	189	4
1	0	6	3	258	4
2	0	1	3	94	3
3	1	3	2	228	32
3	1	2	2	287	3
2	1	4	2	137	8
1	2	5	2	186	8
2	3	2	2	265	8
2	1	5	2	202	4
0	3	0	1	274	4
1	2	6	2	247	8
3	2	7	2	284	3
2	3	6	2	254	3
2	0	3	3	14	32
2	1	5	2	300	4
2	3	1	2	145	4
1	2	5	2	219	32
3	0	5	3	275	3
1	3	3	2	299	3
3	1	3	2	293	3
1	2	3	2	165	3
1	2	5	2	230	32
2	0	2	3	3	3
3	0	3	3	298	4
1	3	1	2	249	4
1	2	3	2	20	4
1	2	1	2	124	32
2	1	7	2	225	8
0	1	0	1	177	8
3	1	3	2	14	3
3	0	2	3	110	3
1	0	1	3	289	3
3	0	1	3	44	32
1	2	1	2	173	4
0	1	0	1	112	3
3	0	2	3	48	3
1	2	6	2	261	32
2	1	7	2	73	32
1	2	1	2	108	32
2	1	2	2	32	8
0	1	0	1	272	8
3	1	5	2	247	3
2	1	3	2	60	3
2	3	5	2	93	8
2	1	1	2	222	32
1	2	6	2	184	3
1	0	6	3	158	4
3	2	3	2	12	3
0	1	0	1	6	4
2	3	7	2	32	8
2	1	5	2	100	32
1	3	7	2	49	8
1	0	6	3	106	32
2	3	4	2	168	8
2	3	3	2	177	4
3	0	3	3	64	4
3	0	5	3	44	3
3	2	6	2	151	4
2	3	6	2	171	8
2	1	4	2	25	8
2	3	5	2	59	3
1	0	1	3	250	4
2	3	3	2	238	4
3	2	5	2	264	4
0	2	0	1	129	8
2	3	2	2	0	32
1	0	7	3	257	32
3	0	5	3	300	8
2	0	2	3	89	8
0	2	0	1	188	8
3	2	5	2	183	32
3	2	3	2	241	8
1	3	5	2	249	32
3	0	1	3	173	8
1	2	2	2	170	4
2	1	2	2	221	4
3	1	5	2	218	4
0	1	0	1	185	3
3	2	6	2	114	8
2	1	5	2	118	8
3	0	5	3	38	4
1	2	3	2	6	8
3	0	4	3	2	32
2	1	7	2	195	4
2	0	6	3	157	4
0	2	0	1	159	3
3	1	2	2	236	4
2	3	3	2	98	32
3	1	7	2	134	4
2	3	2	2	242	32
1	2	7	2	227	3
3	0	3	3	234	3
2	3	4	2	107	4
1	2	1	2	134	8
1	3	7	2	262	3
3	0	1	3	126	32
1	0	6	3	92	8
1	3	1	2	263	4
3	1	2	2	216	4
3	1	4	2	129	32
2	0	6	3	317	3
3	0	4	3	64	8
2	3	1	2	116	4
1	0	6	3	121	32
3	2	6	2	168	3
2	1	3	2	249	32
0	1	0	1	42	3
1	2	1	2	121	32
0	1	0	1	37	32
0	3	0	1	300	4
3	1	4	2	110	4
3	2	3	2	280	4
2	0	7	3	158	8
1	0	5	3	184	3
0	3	0	1	288	3
2	1	5	2	212	32
1	2	7	2	140	32
0	2	0	1	76	4
2	0	7	3	282	32
1	2	4	2	21	32
2	1	1	2	31	4
2	0	1	3	97	8
2	0	3	3	306	3
0	1	0	1	112	8
0	3	0	1	261	4
0	3	0	1	127	32
1	3	4	2	78	8
1	2	6	2	150	32
2	1	7	2	150	32
3	1	1	2	167	32
0	3	0	1	217	4
0	3	0	1	71	4
0	1	0	1	156	4
3	1	6	2	61	32
2	1	3	2	106	3
1	2	2	2	19	3
3	2	6	2	14	3
1	2	7	2	119	32
2	1	7	2	275	4
3	0	3	3	165	3
0	2	0	1	121	32
1	0	1	3	253	8
0	3	0	1	206	8
0	3	0	1	253	4
2	0	3	3	62	4
2	3	7	2	201	4
2	1	6	2	181	8
1	2	3	2	65	4
3	2	1	2	152	32
1	2	7	2	8	4
2	0	7	3	31	32
0	1	0	1	147	8
3	1	6	2	110	3
1	3	1	2	85	3
2	0	1	3	260	3
0	3	0	1	289	8
1	0	6	3	295	4
0	2	0	1	98	3
1	3	6	2	5	3
1	3	2	2	101	8
2	1	3	2	210	3
0	1	0	1	317	3
3	0	5	3	88	8
2	0	7	3	233	32
1	3	1	2	196	32
2	1	2	2	257	4
3	2	6	2	172	3
3	1	4	2	269	3
3	2	7	2	99	8
2	1	6	2	93	4
1	0	4	3	265	32
3	0	5	3	218	4
1	3	6	2	69	3
2	1	5	2	251	4
2	0	7	3	144	4
3	1	3	2	102	4
1	0	5	3	38	8
3	2	2	2	100	4
0	1	0	1	97	32
0	3	0	1	151	4
1	0	7	3	103	32
0	3	0	1	51	3
2	3	1	2	216	32
3	1	3	2	188	8
1	2	1	2	230	8
3	2	7	2	242	3
3	2	4	2	33	4
2	3	4	2	157	4
1	0	4	3	0	32
1	2	1	2	70	8
3	1	1	2	167	8
2	1	1	2	275	4
1	0	7	3	91	8
0	1	0	1	84	4
1	0	1	3	9	4
1	0	5	3	214	8
0	2	0	1	78	4
3	0	1	3	148	32
0	3	0	1	188	4
1	3	3	2	54	4
3	2	4	2	29	8
2	1	5	2	230	32
1	2	5	2	165	3
2	1	2	2	218	32
2	1	7	2	179	4
3	0	2	3	124	3
3	0	4	3	68	32
3	1	4	2	135	4
2	3	1	2	13	3
3	2	2	2	167	3
3	2	7	2	187	4
1	3	1	2	112	3
1	0	6	3	157	4
1	0	4	3	258	32
3	1	3	2	5	3
0	1	0	1	159	3
1	3	7	2	259	32
2	3	4	2	202	8
1	2	7	2	307	8
1	0	4	3	153	32
0	1	0	1	0	4
1	0	6	3	161	32
1	2	1	2	152	4
3	1	5	2	193	32
1	0	5	3	281	32
1	2	7	2	113	8
2	0	1	3	275	8
3	1	3	2	185	32
3	2	7	2	18	4
3	0	5	3	307	3
1	0	1	3	59	32
3	0	3	3	301	8
0	1	0	1	188	8
0	1	0	1	22	8
1	3	6	2	52	8
3	1	5	2	145	8
1	2	3	2	169	3
3	0	2	3	140	4
0	2	0	1	98	4
2	1	5	2	268	32
1	2	5	2	130	4
1	0	4	3	86	4
0	1	0	1	134	8
3	0	1	3	218	3
3	0	3	3	104	8
2	3	1	2	133	3
2	1	1	2	166	32
3	0	5	3	131	8
0	3	0	1	25	3
3	1	3	2	178	8
1	3	5	2	222	3
2	3	3	2	240	3
3	0	3	3	69	8
1	2	7	2	266	3
0	1	0	1	84	8
1	3	6	2	118	8
1	2	2	2	205	8
2	0	3	3	233	32
3	0	2	3	3	3
3	1	5	2	259	32
1	0	1	3	96	32
2	1	3	2	208	4
1	0	7	3	97	32
0	2	0	1	119	3
2	1	2	2	208	8
0	2	0	1	271	8
1	0	1	3	70	8
0	1	0	1	40	32
2	1	3	2	219	3
2	0	7	3	217	8
3	0	2	3	20	3
1	0	1	3	145	4
3	0	1	3	274	32
1	0	6	3	263	8
0	1	0	1	141	4
1	3	6	2	65	32
1	3	3	2	108	32
1	0	7	3	55	3
0	3	0	1	216	8
1	0	5	3	167	4
3	1	6	2	237	4
0	2	0	1	115	3
0	3	0	1	87	8
1	3	3	2	0	32
2	3	3	2	244	3
1	0	6	3	70	4
1	3	2	2	128	4
3	2	3	2	313	3
3	0	3	3	289	4
2	1	7	2	2	4
3	2	3	2	280	4
0	1	0	1	259	3
2	1	5	2	94	8
1	0	4	3	285	32
3	2	5	2	62	8
2	3	3	2	92	3
0	3	0	1	269	3
1	3	3	2	25	8
0	2	0	1	194	4
0	1	0	1	96	3
0	1	0	1	252	4
1	2	1	2	292	8
0	3	0	1	303	3
2	1	6	2	242	32
0	3	0	1	149	4
2	3	6	2	45	3
0	2	0	1	312	4
0	3	0	1	214	32
2	3	1	2	297	8
1	3	3	2	93	8
3	1	2	2	267	3
2	0	2	3	21	3
2	0	3	3	108	4
2	0	7	3	164	8
3	0	5	3	226	3
3	2	1	2	79	32
2	0	3	3	63	8
2	0	2	3	174	3
2	3	3	2	293	4
1	3	6	2	300	3
1	2	6	2	91	8
2	1	4	2	21	4
3	1	1	2	280	3
3	1	5	2	107	8
0	3	0	1	113	3
3	2	1	2	167	4
1	0	1	3	38	32
1	3	5	2	137	4
2	0	3	3	137	8
3	0	4	3	91	4
0	1	0	1	68	3
0	2	0	1	20	32
2	3	5	2	259	3
3	1	6	2	305	3
3	2	3	2	4	8
2	0	7	3	92	3
1	0	6	3	159	3
2	1	7	2	191	32
1	3	2	2	51	32
0	3	0	1	1	32
2	1	6	2	292	3
2	0	2	3	311	8
1	3	7	2	21	8
1	0	1	3	21	8
3	2	2	2	59	4
1	3	7	2	123	4
1	3	1	2	49	4
1	0	4	3	8	8
1	0	7	3	172	4
2	1	7	2	0	4
1	3	2	2	1	3
0	3	0	1	214	4
1	0	4	3	208	3
0	3	0	1	228	32
2	0	7	3	98	3
1	0	7	3	118	8
2	0	2	3	294	8
1	0	5	3	29	8
2	3	7	2	140	3
2	3	2	2	143	4
1	3	1	2	178	4
3	1	6	2	3	32
1	2	5	2	217	4
0	1	0	1	157	32
1	3	2	2	123	4
1	3	4	2	299	8
2	0	3	3	87	4
2	0	1	3	68	32
1	2	3	2	154	4
0	2	0	1	131	3
0	1	0	1	296	4
1	0	7	3	231	4
1	0	1	3	62	8
2	1	4	2	182	32
0	2	0	1	129	4
3	2	2	2	107	32
3	2	7	2	124	4
1	2	2	2	231	8
3	2	3	2	83	4
2	1	5	2	98	4
0	1	0	1	90	32
1	2	2	2	198	8
2	0	3	3	71	3
0	1	0	1	11	3
1	3	2	2	312	8
0	3	0	1	217	8
3	1	5	2	85	4
0	3	0	1	273	8
0	3	0	1	241	4
3	1	3	2	135	8
3	1	1	2	206	8
3	0	5	3	54	32
1	3	1	2	116	8
0	2	0	1	238	4
2	1	2	2	258	4
0	1	0	1	99	32
3	2	7	2	153	4
2	1	5	2	204	4
3	0	4	3	237	32
0	2	0	1	51	32
2	1	7	2	287	8
3	1	7	2	204	32
2	1	3	2	221	32
3	1	1	2	297	8
1	2	1	2	283	32
1	2	6	2	268	3
2	1	2	2	140	8
1	2	6	2	246	4
1	3	3	2	50	4
1	2	7	2	50	32
0	2	0	1	202	32
3	2	2	2	39	8
0	1	0	1	27	8
2	0	3	3	171	8
1	0	7	3	158	3
2	0	3	3	93	3
3	0	4	3	100	3
2	3	7	2	18	8
0	2	0	1	17	32
1	2	3	2	122	8
1	0	1	3	12	4
2	0	1	3	228	8
3	2	5	2	141	8
2	1	3	2	123	3
1	3	4	2	82	3
0	3	0	1	179	32
3	2	3	2	75	32
0	2	0	1	298	3
0	1	0	1	1	8
0	2	0	1	126	3
0	3	0	1	12	8
1	2	2	2	226	3
1	3	4	2	107	8
0	1	0	1	35	8
0	2	0	1	49	3
3	1	7	2	177	8
2	1	2	2	217	8
0	2	0	1	78	8
2	3	7	2	100	8
3	0	3	3	147	3
1	2	3	2	103	8
3	1	3	2	190	3
2	0	3	3	254	8
1	2	1	2	106	4
3	1	3	2	161	8
2	0	2	3	244	8
2	1	6	2	31	32
1	2	1	2	96	3
0	3	0	1	11	3
0	2	0	1	265	3
1	3	7	2	35	3
3	2	1	2	20	3
3	2	7	2	119	32
3	2	7	2	261	3
2	1	1	2	261	8
3	2	2	2	197	32
1	2	1	2	300	4
0	2	0	1	202	8
1	3	1	2	81	32
2	0	7	3	49	32
3	1	1	2	229	3
2	0	1	3	137	32
3	0	5	3	274	32
0	2	0	1	28	8
3	0	4	3	145	3
1	2	2	2	97	4
3	2	4	2	43	8
3	1	2	2	93	3
2	1	2	2	80	8
0	1	0	1	26	8
2	1	1	2	200	8
3	0	3	3	11	4
3	2	5	2	217	3
0	3	0	1	25	3
2	3	7	2	211	32
0	2	0	1	300	4
3	2	2	2	183	8
2	3	5	2	5	8
0	2	0	1	104	4
1	3	4	2	76	32
3	1	2	2	102	32
1	2	4	2	95	3
0	3	0	1	194	32
0	2	0	1	172	8
0	3	0	1	97	4
3	0	3	3	290	4
3	0	2	3	6	4
3	0	3	3	270	4
3	0	5	3	3	32
0	3	0	1	175	3
0	3	0	1	92	3
2	1	3	2	25	3
3	2	3	2	85	4
1	3	1	2	7	4
3	0	1	3	286	8
2	0	2	3	77	4
1	2	3	2	132	32
0	3	0	1	246	4
1	2	6	2	191	8
0	1	0	1	70	8
2	1	4	2	145	4
2	1	1	2	221	3
1	0	1	3	70	3
2	1	4	2	241	8
2	3	6	2	103	4
3	1	1	2	186	4
3	0	1	3	171	4
0	1	0	1	100	3
1	2	2	2	169	8
3	0	5	3	311	4
2	1	3	2	210	3
2	0	7	3	209	3
2	0	2	3	52	32
1	3	6	2	10	8
0	1	0	1	289	3
0	3	0	1	124	4
3	0	3	3	26	32
1	0	4	3	134	3
3	0	3	3	5	8
3	2	5	2	119	8
0	1	0	1	81	3
0	1	0	1	116	3
1	2	2	2	149	8
0	1	0	1	53	8
1	3	2	2	218	8
0	1	0	1	195	32
0	1	0	1	145	3
2	3	4	2	69	32
3	1	6	2	125	32
3	2	6	2	3	4
3	0	4	3	157	8
0	1	0	1	101	3
0	3	0	1	64	8
0	3	0	1	114	8
2	0	3	3	302	8
0	2	0	1	161	32
1	2	1	2	269	3
0	3	0	1	120	3
1	3	7	2	286	32
1	3	1	2	90	8
2	3	2	2	5	3
2	1	2	2	195	32
2	1	7	2	301	3
3	2	4	2	266	3
1	2	1	2	15	4
1	0	6	3	168	32
3	0	3	3	250	8
0	3	0	1	180	4
0	3	0	1	129	3
3	2	3	2	77	8
2	3	2	2	134	32
3	2	6	2	39	4
0	1	0	1	164	4
3	1	4	2	22	3
3	1	5	2	94	4
2	1	3	2	106	3
3	1	2	2	227	3
1	2	6	2	222	3
1	2	5	2	132	4
1	2	7	2	170	8
2	1	5	2	86	32
1	0	6	3	142	3
0	1	0	1	314	3
3	2	7	2	217	8
0	1	0	1	60	4
1	2	4	2	286	32
2	3	2	2	310	3
2	3	1	2	241	3
3	0	1	3	155	4
1	2	4	2	242	32
2	1	6	2	252	3
0	1	0	1	53	32
2	1	2	2	298	4
3	0	5	3	142	4
2	3	7	2	216	4
0	3	0	1	246	3
0	3	0	1	213	3
2	0	2	3	298	4
2	0	7	3	100	3
2	0	7	3	112	4
0	1	0	1	27	8
2	3	3	2	20	32
2	3	6	2	67	3
0	3	0	1	136	32
1	0	4	3	121	8
2	1	1	2	25	8
1	2	1	2	46	8
1	0	4	3	109	8
3	2	7	2	245	8
2	1	3	2	312	4
1	2	6	2	217	8
0	3	0	1	162	3
1	2	2	2	80	3
1	3	3	2	59	4
3	0	3	3	302	4
3	0	2	3	20	3
0	2	0	1	12	32
2	1	3	2	221	3
0	3	0	1	269	8
0	3	0	1	141	3
0	2	0	1	105	8
2	0	6	3	275	3
3	2	2	2	159	4
3	2	6	2	118	8
1	0	1	3	247	4
0	1	0	1	16	4
0	1	0	1	140	8
1	2	5	2	210	4
3	0	3	3	111	4
0	3	0	1	79	3
2	0	3	3	317	3
2	0	1	3	82	4
0	2	0	1	101	32
2	1	7	2	309	8
3	1	5	2	242	4
1	3	5	2	159	4
0	1	0	1	55	8
1	2	5	2	5	8
2	1	4	2	222	32
2	3	1	2	189	32
1	2	4	2	215	3
3	2	7	2	235	3
3	2	4	2	282	4
2	0	3	3	77	8
0	1	0	1	163	3
3	0	3	3	15	32
3	0	3	3	88	8
1	3	7	2	46	4
1	2	2	2	273	4
1	3	2	2	123	8
3	0	2	3	268	32
2	3	5	2	79	8
2	1	6	2	155	4
0	1	0	1	303	4
0	2	0	1	15	3
2	3	2	2	216	8
3	2	5	2	161	8
3	0	1	3	205	8
1	0	1	3	73	4
2	0	6	3	273	4
1	3	4	2	129	4
0	3	0	1	224	4
2	1	6	2	107	8
2	3	2	2	11	4
3	0	4	3	17	8
0	2	0	1	60	32
1	2	7	2	147	32
1	2	1	2	119	3
1	3	1	2	83	8
2	1	2	2	127	8
2	3	5	2	75	3
3	2	4	2	35	8
0	1	0	1	9	8
1	3	6	2	54	8
3	1	7	2	224	8
0	2	0	1	2	8
3	1	2	2	230	8
1	3	1	2	156	3
0	3	0	1	292	4
0	3	0	1	297	8
1	2	6	2	18	8
3	2	7	2	92	3
3	2	3	2	169	8
3	1	5	2	77	32
0	1	0	1	150	3
2	0	1	3	312	8
1	0	6	3	196	8
0	1	0	1	225	32
2	3	2	2	224	8
3	1	5	2	85	8
2	0	1	3	298	8
1	2	5	2	158	3
2	1	3	2	263	3
2	1	1	2	59	32
2	1	7	2	250	8
0	3	0	1	295	8
2	1	1	2	11	4
2	1	7	2	138	4
1	2	7	2	211	32
1	2	6	2	7	32
0	2	0	1	108	3
2	1	2	2	276	8
3	2	5	2	65	4
0	3	0	1	39	8
2	1	7	2	134	4
0	2	0	1	36	4
3	2	1	2	85	8
3	2	6	2	244	3
3	2	3	2	294	3
3	2	7	2	235	4
0	2	0	1	1	3
1	0	7	3	99	8
1	2	3	2	207	8
2	3	6	2	275	4
3	0	1	3	160	3
1	2	2	2	91	32
0	2	0	1	283	32
3	1	6	2	67	8
0	1	0	1	309	3
1	0	1	3	280	32
1	0	5	3	60	4
0	1	0	1	267	32
3	0	2	3	147	3
0	1	0	1	292	4
3	2	5	2	101	4
1	3	3	2	163	32
2	3	2	2	106	32
2	1	2	2	41	4
3	1	7	2	117	3
0	1	0	1	92	3
0	1	0	1	284	4
1	3	5	2	51	3
0	3	0	1	103	4
2	1	4	2	44	3
0	2	0	1	282	32
0	2	0	1	106	3
2	0	1	3	148	4
1	2	3	2	178	3
3	1	1	2	51	32
3	1	7	2	170	3
2	0	2	3	222	32
3	0	3	3	125	8
3	1	6	2	313	3
1	0	6	3	157	3
1	3	4	2	272	3
1	3	6	2	78	8
0	2	0	1	92	4
3	0	4	3	205	8
1	2	3	2	58	4
0	2	0	1	177	4
3	2	4	2	66	3
3	1	3	2	155	3
2	3	4	2	115	3
2	3	2	2	73	4
2	1	2	2	262	3
0	3	0	1	45	8
0	1	0	1	279	4
3	2	6	2	222	8
3	2	2	2	45	4
1	3	2	2	3	8
1	3	7	2	281	8
0	1	0	1	12	4
0	2	0	1	112	8
3	1	2	2	125	8
1	2	1	2	264	4
1	2	3	2	36	8
3	2	1	2	205	3
0	2	0	1	200	8
3	0	5	3	21	4
0	3	0	1	70	8
1	2	2	2	19	32
1	2	6	2	295	8
0	1	0	1	297	4
1	0	5	3	6	32
2	0	2	3	119	32
0	3	0	1	103	8
3	2	5	2	116	3
1	3	5	2	250	4
1	0	6	3	98	4
1	0	7	3	122	32
3	0	2	3	122	32
3	2	6	2	253	4
1	3	3	2	170	3
1	3	1	2	18	32
1	0	5	3	32	32
0	3	0	1	53	32
1	0	6	3	240	32
1	3	2	2	249	32
3	1	1	2	250	4
2	3	6	2	155	4
0	1	0	1	295	8
2	1	7	2	237	3
0	1	0	1	53	3
2	3	5	2	105	32
2	0	3	3	213	8
3	2	5	2	264	32
0	1	0	1	38	3
3	1	1	2	38	32
3	0	5	3	179	3
2	0	1	3	221	3
3	1	6	2	91	4
2	0	1	3	178	4
3	2	2	2	36	8
3	2	5	2	204	4
3	1	5	2	175	32
3	0	2	3	113	3
2	0	7	3	283	3
2	3	6	2	61	32
1	0	1	3	240	32
0	2	0	1	107	4
0	3	0	1	117	4
3	2	1	2	51	32
0	3	0	1	147	32
2	0	1	3	264	32
2	0	2	3	185	4
0	2	0	1	14	8
1	0	4	3	108	8
2	0	6	3	233	4
3	1	6	2	237	3
2	3	7	2	200	8
3	1	6	2	229	32
1	3	6	2	6	3
2	1	3	2	301	4
1	3	7	2	249	8
2	0	1	3	111	4
3	0	1	3	261	32
0	3	0	1	103	4
1	2	2	2	30	3
0	2	0	1	239	4
2	3	4	2	131	4
3	1	3	2	210	3
1	2	7	2	169	8
2	0	7	3	67	8
2	1	1	2	285	8
0	2	0	1	233	3
3	1	6	2	82	4
0	3	0	1	240	32
3	0	5	3	282	32
1	2	2	2	190	3
1	2	3	2	129	3
3	1	7	2	117	8
2	1	7	2	274	3
0	3	0	1	91	4
1	2	5	2	31	4
3	1	4	2	240	4
0	1	0	1	218	3
2	1	2	2	10	4
3	1	4	2	46	8
2	1	6	2	217	3
1	0	4	3	311	3
3	0	2	3	268	4
3	0	2	3	164	32
2	0	7	3	106	8
2	3	7	2	47	3
3	2	2	2	100	3
0	3	0	1	78	32
0	1	0	1	216	4
1	0	4	3	152	32
0	2	0	1	86	3
0	3	0	1	39	4
1	2	4	2	221	32
2	1	2	2	183	8
2	0	1	3	84	8
3	1	6	2	258	32
2	3	7	2	1	3
2	1	6	2	265	4
3	2	2	2	107	8
1	2	3	2	223	3
3	0	2	3	41	3
2	3	1	2	109	3
3	2	2	2	216	32
3	1	4	2	22	8
2	1	7	2	220	32
2	1	7	2	227	8
2	3	3	2	62	4
3	1	5	2	168	8
1	3	6	2	96	3
0	3	0	1	219	8
0	2	0	1	112	4
1	0	6	3	80	3
1	3	3	2	192	3
1	2	1	2	178	4
0	2	0	1	181	4
0	3	0	1	247	8
1	3	2	2	293	4
2	1	5	2	128	3
1	3	4	2	41	4
2	3	4	2	167	32
1	0	1	3	273	4
2	0	6	3	256	3
2	3	1	2	215	3
0	2	0	1	157	8
0	3	0	1	208	4
3	0	5	3	191	8
3	0	1	3	163	8
3	2	6	2	206	3
0	2	0	1	18	4
1	0	6	3	205	8
0	3	0	1	60	8
2	3	3	2	269	4
1	0	5	3	184	8
3	1	3	2	23	3
2	0	6	3	221	4
2	0	3	3	63	3
2	1	2	2	246	4
3	2	3	2	204	3
0	1	0	1	58	4
2	3	1	2	128	4
3	0	5	3	77	3
1	2	2	2	129	4
3	0	2	3	72	4
3	2	5	2	175	32
2	1	3	2	86	4
3	1	2	2	164	32
3	2	6	2	249	32
3	1	4	2	115	32
2	1	4	2	126	8
2	3	3	2	284	32
1	3	1	2	299	8
2	0	2	3	193	32
3	1	5	2	64	4
0	1	0	1	177	4
2	0	1	3	42	32
0	3	0	1	39	8
0	1	0	1	189	3
2	1	4	2	188	8
1	2	2	2	301	4
1	2	6	2	87	4
3	2	3	2	76	8
0	3	0	1	149	8
2	1	6	2	45	32
0	1	0	1	274	32
2	3	7	2	253	8
2	0	1	3	214	32
2	1	1	2	278	32
0	2	0	1	168	8
0	3	0	1	303	8
2	3	7	2	275	32
3	0	4	3	4	8
2	1	7	2	36	3
3	2	3	2	94	32
1	3	6	2	136	8
3	1	7	2	97	4
1	3	4	2	112	8
2	3	3	2	172	32
2	3	5	2	94	32
2	1	5	2	33	4
2	3	1	2	176	32
1	2	4	2	239	8
0	2	0	1	231	32
0	2	0	1	233	3
3	1	2	2	305	8
1	0	6	3	218	8
0	1	0	1	280	3
1	3	6	2	168	32
3	0	1	3	174	8
1	3	3	2	182	32
3	1	6	2	249	3
0	3	0	1	205	3
0	3	0	1	204	3
3	2	1	2	65	32
3	0	2	3	7	3
1	3	7	2	109	8
0	1	0	1	66	32
3	2	3	2	194	3
3	1	2	2	91	4
1	2	6	2	41	8
1	3	5	2	64	4
3	2	7	2	256	4
2	1	2	2	219	4
1	0	6	3	129	4
1	0	6	3	223	4
3	1	2	2	267	8
0	1	0	1	189	3
0	1	0	1	94	8
3	1	6	2	82	4
0	2	0	1	227	32
2	3	6	2	26	8
2	0	6	3	175	3
3	1	5	2	181	32
3	1	2	2	198	32
1	2	5	2	18	32
2	1	7	2	200	4
1	3	6	2	129	3
3	0	3	3	142	8
2	3	6	2	229	8
2	1	5	2	155	8
0	1	0	1	292	4
0	1	0	1	56	8
3	0	5	3	18	32
2	3	6	2	275	8
1	3	4	2	170	32
1	3	6	2	75	4
2	1	4	2	71	8
1	2	6	2	120	4
2	1	2	2	60	3
0	3	0	1	14	4
2	0	1	3	17	8
3	1	2	2	60	8
0	1	0	1	201	32
0	1	0	1	257	3
1	2	6	2	257	32
2	0	1	3	125	8
2	3	4	2	91	4
0	2	0	1	311	4
3	2	4	2	277	4
3	0	4	3	37	4
3	0	2	3	8	3
0	3	0	1	271	8
3	2	5	2	11	8
3	2	4	2	197	32
3	1	1	2	309	4
3	0	1	3	305	4
3	1	4	2	39	4
2	1	6	2	160	8
3	1	7	2	239	4
1	0	4	3	147	3
1	2	6	2	277	8
2	1	7	2	40	3
2	0	7	3	105	32
3	1	7	2	133	4
2	1	1	2	66	32
0	3	0	1	95	32
0	3	0	1	286	8
1	2	1	2	311	3
2	3	7	2	174	3
1	2	6	2	242	4
1	2	1	2	245	3
0	3	0	1	128	32
3	1	6	2	74	4
0	2	0	1	157	4
3	0	5	3	271	32
1	0	5	3	3	3
3	0	2	3	38	32
1	2	5	2	23	8
0	2	0	1	4	3
2	1	7	2	308	4
1	3	7	2	158	8
1	2	2	2	29	8
0	2	0	1	4	8
0	2	0	1	266	4
2	0	2	3	112	8
3	0	4	3	195	4
0	2	0	1	145	32
0	3	0	1	37	3
3	1	7	2	126	4
2	3	6	2	11	4
2	1	4	2	27	3
3	0	1	3	54	8
2	3	5	2	262	4
3	0	1	3	166	4
3	1	5	2	280	8
0	2	0	1	91	32
3	2	7	2	174	4
1	0	4	3	15	32
2	1	4	2	17	3
2	3	1	2	99	8
2	0	3	3	97	3
0	3	0	1	241	3
0	3	0	1	31	8
3	2	1	2	259	32
1	3	4	2	7	32
3	2	2	2	202	3
0	3	0	1	110	4
3	2	5	2	153	32
2	1	2	2	310	8
2	1	6	2	109	4
0	1	0	1	194	8
1	2	3	2	266	4
1	0	6	3	175	8
3	0	4	3	8	4
2	1	7	2	225	4
3	1	6	2	228	3
3	1	2	2	74	3
3	0	2	3	74	32
0	2	0	1	81	4
1	3	2	2	35	3
2	0	7	3	82	4
0	2	0	1	124	4
1	2	4	2	204	4
1	0	7	3	118	4
2	0	7	3	11	8
0	2	0	1	58	3
3	1	4	2	40	3
0	2	0	1	217	8
1	0	4	3	223	32
2	0	3	3	40	32
1	0	6	3	134	3
2	3	6	2	184	3
0	3	0	1	136	32
2	3	2	2	312	8
1	2	1	2	290	8
0	3	0	1	145	8
3	2	6	2	295	4
1	3	3	2	17	32
0	2	0	1	221	3
3	0	3	3	213	4
2	3	3	2	172	8
2	3	7	2	233	3
0	2	0	1	199	4
0	3	0	1	16	3
3	0	1	3	73	8
3	0	3	3	22	8
3	2	3	2	199	3
3	2	6	2	72	4
0	1	0	1	42	3
0	2	0	1	209	4
3	0	3	3	9	8
3	0	4	3	96	32
0	1	0	1	287	32
0	2	0	1	40	32
3	2	6	2	47	4
3	1	1	2	183	8
0	2	0	1	177	8
3	1	1	2	173	32
2	0	3	3	129	3
0	3	0	1	81	4
1	3	5	2	221	4
1	3	5	2	47	32
0	1	0	1	76	4
3	0	3	3	150	32
0	2	0	1	264	32
0	2	0	1	287	4
3	0	5	3	171	8
3	2	5	2	261	32
3	1	4	2	139	4
1	3	1	2	256	4
3	2	5	2	316	4
3	0	5	3	61	8
1	0	1	3	86	4
0	3	0	1	308	3
0	3	0	1	20	3
2	1	5	2	150	8
3	1	5	2	181	32
0	3	0	1	255	8
2	1	4	2	14	4
2	0	6	3	160	4
1	2	4	2	288	8
1	2	7	2	218	32
1	0	4	3	295	3
3	0	4	3	73	3
3	1	4	2	173	8
0	2	0	1	100	3
0	3	0	1	70	4
0	3	0	1	1	3
2	0	6	3	252	32
2	3	5	2	136	4
2	1	3	2	125	32
2	1	2	2	55	4
1	2	4	2	144	8
0	1	0	1	226	32
0	2	0	1	121	8
0	2	0	1	27	8
3	0	1	3	261	8
0	3	0	1	142	3
2	3	2	2	243	4
0	1	0	1	53	32
0	2	0	1	97	3
2	0	6	3	104	8
1	2	5	2	266	3
2	3	4	2	254	32
0	1	0	1	260	8
2	1	5	2	15	4
0	1	0	1	255	32
1	0	1	3	187	8
0	1	0	1	173	8
0	3	0	1	195	4
1	2	3	2	216	32
2	0	1	3	278	4
3	1	6	2	310	3
1	2	2	2	258	8
2	3	7	2	18	4
3	2	4	2	59	32
3	1	3	2	42	8
2	0	7	3	288	3
3	2	3	2	151	32
3	0	3	3	187	3
1	2	3	2	8	32
3	0	5	3	147	3
3	0	3	3	268	4
1	2	2	2	31	3
3	2	1	2	144	3
0	3	0	1	9	8
2	3	4	2	30	8
3	1	3	2	175	8
3	1	6	2	106	8
0	3	0	1	264	4
3	2	6	2	305	3
2	1	4	2	18	8
2	1	4	2	302	4
3	0	2	3	22	3
0	2	0	1	119	32
2	0	1	3	241	3
3	0	2	3	126	32
3	1	1	2	316	3
3	0	3	3	1	8
3	2	4	2	168	32
1	0	4	3	240	3
3	0	2	3	68	3
0	2	0	1	172	4
0	3	0	1	5	4
1	3	4	2	254	4
2	3	1	2	258	4
0	1	0	1	302	4
0	1	0	1	14	32
2	3	7	2	300	3
2	0	3	3	217	32
1	3	7	2	185	8
0	3	0	1	230	4
0	2	0	1	298	8
3	2	3	2	235	3
2	0	3	3	226	8
1	2	1	2	276	32
2	3	6	2	257	8
0	2	0	1	31	32
0	1	0	1	195	8
3	0	1	3	45	32
2	3	1	2	113	4
3	1	7	2	264	4
1	0	5	3	266	4
0	1	0	1	65	3
0	3	0	1	231	3
2	1	1	2	292	4
1	2	4	2	200	4
1	0	6	3	304	4
0	3	0	1	13	8
2	0	3	3	275	32
1	3	7	2	189	4
3	0	3	3	100	32
0	2	0	1	69	32
3	2	7	2	82	3
0	1	0	1	270	4
2	3	5	2	55	4
1	2	5	2	240	3
3	0	4	3	109	32
1	2	3	2	231	3
1	2	3	2	187	8
1	0	7	3	262	32
2	3	4	2	258	32
0	1	0	1	312	4
2	0	6	3	61	32
2	1	1	2	123	4
2	3	4	2	312	3
0	3	0	1	271	4
2	0	6	3	210	4
0	3	0	1	247	8
2	3	2	2	108	8
3	0	3	3	164	8
0	1	0	1	65	4
3	2	4	2	146	4
2	3	3	2	247	3
0	2	0	1	30	4
3	0	2	3	111	32
1	2	4	2	20	32
3	0	3	3	165	32
1	3	7	2	124	4
2	1	1	2	3	8
1	3	7	2	54	32
1	0	6	3	273	32
1	3	7	2	98	4
1	2	2	2	104	32
0	3	0	1	255	32
0	3	0	1	42	4
1	2	3	2	120	4
0	3	0	1	137	4
3	1	1	2	219	32
0	1	0	1	302	4
1	3	6	2	303	3
0	1	0	1	231	8
3	0	2	3	102	8
3	0	4	3	113	8
3	2	5	2	184	3
1	2	5	2	118	8
0	3	0	1	97	3
2	1	4	2	51	3
3	0	3	3	66	8
0	1	0	1	229	4
0	2	0	1	120	3
0	2	0	1	184	8
3	1	1	2	56	3
1	0	4	3	140	8
3	1	1	2	258	8
1	3	4	2	45	4
2	0	1	3	245	3
2	0	2	3	279	8
0	1	0	1	141	32
1	2	7	2	39	8
1	3	6	2	111	3
2	1	6	2	128	4
2	0	1	3	83	8
1	3	1	2	262	4
1	0	6	3	82	4
1	3	7	2	193	8
0	2	0	1	131	8
1	0	1	3	20	4
3	2	2	2	278	32
0	3	0	1	187	3
2	0	7	3	180	32
3	2	1	2	259	8
0	2	0	1	211	3
2	0	2	3	310	3
3	1	4	2	201	8
0	3	0	1	44	4
0	3	0	1	302	4
3	0	3	3	176	8
1	3	6	2	6	8
3	1	5	2	255	32
3	2	2	2	223	4
2	0	2	3	42	3
3	2	2	2	308	4
0	1	0	1	171	4
1	0	4	3	290	8
1	0	6	3	18	4
3	0	2	3	103	8
3	2	3	2	126	32
3	2	1	2	283	3
1	2	2	2	28	4
3	1	6	2	315	3
1	3	3	2	248	4
2	0	6	3	32	4
2	3	1	2	112	32
3	1	6	2	258	4
2	3	3	2	174	8
3	1	1	2	2	4
1	2	2	2	149	3
0	3	0	1	50	4
0	2	0	1	30	8
1	2	6	2	78	8
3	2	4	2	124	8
2	1	6	2	139	4
3	2	2	2	124	8
1	3	7	2	290	8
0	1	0	1	94	32
2	1	4	2	280	3
2	1	7	2	251	3
0	2	0	1	201	3
0	3	0	1	122	3
1	3	7	2	214	8
1	2	4	2	59	3
2	0	1	3	129	4
1	2	2	2	59	4
2	1	1	2	8	32
0	3	0	1	60	32
2	3	4	2	200	8
1	2	1	2	175	32
3	2	4	2	218	32
1	0	7	3	246	8
2	0	6	3	86	32
1	3	2	2	182	3
0	3	0	1	182	3
0	1	0	1	272	3
0	1	0	1	217	32
1	3	2	2	152	3
1	3	3	2	278	8
0	2	0	1	312	3
2	0	6	3	175	4
0	3	0	1	296	3
0	1	0	1	203	32
2	0	2	3	94	8
0	2	0	1	190	3
2	3	7	2	164	32
0	2	0	1	230	3
3	1	2	2	225	4
1	3	6	2	212	3
1	3	4	2	104	8
2	1	7	2	105	4
3	1	2	2	104	8
0	2	0	1	130	3
1	0	4	3	171	8
3	0	3	3	267	32
2	3	7	2	142	32
1	2	2	2	83	8
0	1	0	1	83	32
2	1	6	2	167	4
0	1	0	1	204	32
0	2	0	1	118	8
3	0	3	3	257	8
0	2	0	1	256	8
1	3	5	2	146	8
3	0	1	3	192	8
3	1	6	2	284	32
0	2	0	1	176	4
3	2	6	2	206	3
1	2	2	2	260	3
2	1	3	2	5	4
3	1	2	2	148	3
3	2	6	2	83	4
3	0	4	3	98	4
3	0	2	3	284	32
3	1	3	2	229	3
1	2	6	2	9	4
2	1	5	2	143	32
2	1	4	2	93	32
0	2	0	1	26	32
1	3	3	2	199	3
2	0	1	3	246	32
1	3	6	2	315	3
2	1	7	2	147	4
3	0	2	3	191	8
1	2	1	2	3	8
0	1	0	1	222	8
1	0	5	3	190	32
3	2	2	2	253	3
1	2	5	2	41	3
1	3	2	2	14	8
2	0	7	3	203	3
2	3	6	2	224	3
0	3	0	1	167	3
3	0	3	3	264	4
2	3	3	2	22	32
2	3	5	2	150	3
3	2	4	2	119	3
3	2	6	2	161	32
0	3	0	1	168	3
2	1	1	2	159	8
3	0	5	3	77	32
1	0	5	3	158	4
0	2	0	1	21	3
3	1	2	2	242	4
1	3	5	2	260	4
1	2	1	2	52	8
1	2	3	2	55	32
0	1	0	1	236	4
0	1	0	1	184	32
1	3	6	2	164	32
1	0	1	3	149	3
2	1	5	2	46	32
2	1	5	2	236	3
2	0	3	3	132	32
2	1	6	2	238	4
3	1	4	2	251	8
2	3	3	2	251	4
2	1	3	2	207	8
1	3	4	2	312	8
1	3	5	2	40	32
0	2	0	1	305	8
2	1	6	2	286	3
3	2	4	2	284	4
3	1	1	2	241	32
1	3	6	2	296	8
1	0	1	3	107	32
0	2	0	1	105	4
0	2	0	1	175	4
2	0	2	3	250	8
2	0	1	3	242	8
3	2	4	2	297	3
2	0	7	3	276	8
1	2	3	2	45	32
2	0	3	3	290	4
3	1	2	2	153	8
0	1	0	1	253	32
3	0	4	3	62	32
0	1	0	1	259	8
2	1	7	2	156	8
2	0	1	3	183	32
3	2	4	2	312	3
3	2	6	2	304	3
0	1	0	1	196	32
2	3	2	2	305	3
3	0	5	3	97	32
0	1	0	1	196	3
3	0	1	3	226	4
2	1	3	2	79	3
2	3	7	2	238	32
3	2	3	2	3	3
1	3	7	2	8	8
2	1	5	2	34	8
2	0	2	3	155	4
1	2	6	2	143	32
2	1	2	2	108	8
0	1	0	1	226	32
2	0	2	3	29	32
1	2	1	2	22	32
3	1	6	2	228	8
0	3	0	1	124	32
2	1	4	2	64	32
0	3	0	1	21	3
2	1	5	2	77	3
1	3	7	2	13	3
2	1	4	2	168	3
3	2	2	2	266	32
0	2	0	1	188	4
3	0	1	3	307	3
3	1	7	2	22	32
2	0	1	3	54	3
1	0	5	3	288	4
2	3	7	2	4	4
0	3	0	1	150	8
0	3	0	1	0	4
3	0	5	3	35	3
3	2	4	2	135	4
1	2	5	2	50	4
1	0	5	3	150	4
2	1	1	2	112	4
2	3	6	2	53	3
2	0	1	3	91	4
0	2	0	1	277	4
3	1	7	2	303	4
0	3	0	1	25	3
1	2	2	2	208	32
1	3	4	2	124	32
0	2	0	1	289	4
3	2	5	2	190	8
0	2	0	1	0	4
2	0	6	3	304	4
1	2	7	2	215	8
0	2	0	1	248	3
0	3	0	1	185	8
3	2	5	2	6	8
0	3	0	1	16	3
2	0	6	3	50	3
1	2	5	2	101	32
0	1	0	1	261	8
0	3	0	1	294	3
0	3	0	1	36	32
2	0	6	3	80	32
1	0	6	3	184	32
2	0	2	3	222	3
2	0	3	3	231	3
0	2	0	1	17	8
1	2	1	2	122	3
1	2	5	2	277	4
0	2	0	1	117	8
3	0	5	3	290	3
2	1	6	2	36	32
3	0	1	3	196	8
2	1	5	2	88	3
2	3	7	2	211	8
3	0	1	3	272	32
1	3	5	2	31	4
1	0	6	3	241	3
1	2	5	2	83	8
0	3	0	1	27	32
0	1	0	1	65	4
2	0	7	3	254	4
2	3	3	2	280	32
2	3	7	2	198	4
3	0	5	3	141	32
3	0	3	3	285	3
2	0	6	3	57	3
2	0	2	3	293	4
3	1	7	2	117	4
0	2	0	1	34	32
1	0	4	3	183	32
0	1	0	1	255	32
0	1	0	1	215	32
3	2	3	2	124	32
1	3	4	2	316	4
2	0	2	3	25	8
3	2	3	2	155	3
0	1	0	1	61	4
1	0	5	3	261	32
2	0	2	3	42	4
0	2	0	1	46	3
2	3	5	2	167	8
2	0	6	3	298	8
1	3	1	2	78	3
3	0	3	3	47	3
3	0	4	3	295	3
0	3	0	1	11	8
3	1	6	2	182	3
1	2	1	2	119	8
1	3	1	2	294	8
0	3	0	1	73	4
0	1	0	1	173	3
0	3	0	1	301	4
3	0	3	3	71	32
2	1	6	2	3	8
2	1	4	2	131	3
1	2	7	2	123	3
2	3	2	2	223	8
0	2	0	1	116	3
0	1	0	1	301	4
3	2	5	2	45	3
3	0	4	3	1	4
1	3	4	2	282	4
1	2	6	2	86	8
3	2	6	2	115	8
3	0	1	3	243	3
2	1	1	2	138	4
1	2	6	2	229	32
3	0	4	3	78	8
0	2	0	1	262	4
3	0	5	3	11	8
3	2	3	2	244	8
3	0	2	3	284	32
2	1	2	2	160	32
0	3	0	1	86	8
1	2	7	2	60	32
2	0	7	3	287	32
2	0	7	3	134	4
2	3	7	2	159	8
1	2	7	2	36	8
3	1	5	2	50	3
1	0	1	3	183	8
2	0	2	3	276	32
0	2	0	1	18	32
0	3	0	1	22	4
0	2	0	1	74	8
1	2	6	2	70	8
0	3	0	1	61	8
3	2	7	2	27	3
1	2	6	2	116	4
1	0	7	3	11	3
3	1	6	2	84	32
3	1	7	2	87	3
2	1	6	2	312	8
1	2	7	2	85	32
1	3	3	2	99	32
2	0	2	3	313	4
3	2	4	2	190	4
3	2	4	2	21	3
2	1	2	2	273	4
1	0	6	3	157	3
1	3	4	2	115	3
3	2	2	2	111	8
0	3	0	1	140	4
2	3	1	2	56	3
2	1	7	2	140	3
1	0	5	3	236	32
2	1	5	2	92	8
2	0	6	3	174	8
3	2	1	2	207	32
0	2	0	1	258	32
1	0	7	3	236	8
0	1	0	1	18	32
1	3	6	2	9	3
2	1	7	2	38	32
1	2	2	2	21	32
1	2	4	2	88	32
1	0	4	3	130	3
0	3	0	1	74	8
1	2	5	2	277	8
3	0	1	3	310	8
0	3	0	1	252	3
3	1	7	2	223	32
0	3	0	1	59	4
0	3	0	1	317	3
3	0	1	3	275	32
0	1	0	1	280	8
3	0	4	3	185	4
0	3	0	1	93	4
2	1	7	2	100	4
1	0	4	3	3	3
0	3	0	1	0	4
3	0	5	3	309	3
2	3	5	2	245	3
2	3	5	2	36	4
3	1	7	2	148	8
0	2	0	1	29	3
1	3	3	2	262	8
1	2	7	2	306	3
2	3	2	2	83	8
3	2	3	2	68	8
0	1	0	1	74	3
1	3	6	2	265	4
2	3	1	2	288	8
2	3	1	2	35	32
2	3	5	2	261	4
3	0	1	3	9	8
1	2	6	2	36	4
1	3	7	2	96	3
0	2	0	1	76	4
0	3	0	1	185	8
3	1	5	2	236	4
2	0	1	3	181	4
3	2	3	2	117	32
1	2	1	2	260	3
2	1	6	2	175	8
1	0	5	3	107	4
0	3	0	1	130	4
3	2	2	2	34	4
2	1	3	2	90	4
2	3	2	2	225	32
3	1	4	2	83	8
1	3	4	2	238	3
1	2	4	2	158	4
0	3	0	1	160	8
3	0	4	3	54	8
1	3	4	2	83	3
2	0	6	3	233	4
3	2	7	2	96	8
0	1	0	1	199	3
0	1	0	1	12	3
1	0	4	3	278	3
0	1	0	1	151	4
0	2	0	1	94	4
1	2	2	2	252	3
2	1	4	2	295	3
1	0	1	3	82	32
0	1	0	1	194	3
0	1	0	1	229	8
0	1	0	1	136	3
1	3	1	2	38	32
2	1	3	2	224	3
3	0	2	3	128	3
3	1	6	2	79	8
0	2	0	1	139	3
3	2	5	2	255	8
1	0	6	3	162	8
2	3	4	2	153	3
3	2	3	2	36	8
0	2	0	1	250	8
1	2	4	2	270	4
0	1	0	1	77	3
3	1	7	2	69	4
0	2	0	1	280	3
0	1	0	1	244	3
1	2	3	2	80	4
1	2	2	2	223	4
0	1	0	1	313	4
2	0	2	3	252	8
0	1	0	1	109	8
2	3	6	2	156	8
2	3	5	2	97	32
1	2	2	2	109	8
0	3	0	1	242	3
3	1	4	2	0	8
1	3	5	2	160	4
1	2	6	2	67	32
3	0	4	3	100	3
1	2	4	2	280	3
2	3	3	2	255	32
0	2	0	1	259	32
1	2	3	2	293	3
2	1	2	2	269	8
3	2	1	2	55	4
3	1	6	2	46	4
1	3	2	2	13	3
0	2	0	1	119	3
0	3	0	1	184	3
3	1	5	2	251	4
3	0	5	3	54	3
2	0	2	3	212	3
1	0	1	3	37	8
2	0	2	3	13	3
1	0	4	3	223	3
3	1	7	2	235	3
2	3	3	2	140	32
0	3	0	1	239	3
3	1	6	2	251	8
3	2	6	2	59	32
3	2	2	2	221	8
3	2	5	2	272	3
2	0	1	3	235	3
1	3	5	2	9	8
2	0	1	3	67	4
0	2	0	1	10	8
0	1	0	1	270	3
3	0	5	3	195	32
2	0	3	3	74	4
2	0	3	3	177	3
0	3	0	1	191	8
2	3	6	2	228	32
0	1	0	1	234	3
0	1	0	1	161	8
2	1	5	2	1	4
2	1	4	2	95	3
0	3	0	1	44	3
3	0	2	3	163	8
2	3	7	2	225	4
3	2	6	2	139	32
3	2	7	2	51	8
3	1	7	2	290	8
2	1	4	2	105	4
2	0	7	3	80	3
1	2	5	2	186	3
1	3	3	2	204	3
2	1	4	2	140	8
3	0	3	3	271	4
0	2	0	1	270	4
2	3	7	2	48	4
3	1	6	2	162	8
3	2	5	2	288	8
2	0	2	3	314	4
3	2	3	2	256	3
0	3	0	1	117	8
3	2	7	2	70	8
1	0	1	3	32	3
3	2	3	2	66	4
3	1	5	2	36	8
2	1	1	2	174	4
0	1	0	1	203	4
3	1	4	2	282	3
0	2	0	1	313	3
3	2	1	2	108	3
2	3	4	2	144	3
0	2	0	1	47	3
2	0	7	3	154	8
1	0	5	3	218	4
0	2	0	1	91	4
1	3	3	2	153	3
2	3	2	2	100	3
1	2	3	2	39	3
2	1	1	2	116	4
0	3	0	1	195	4
0	2	0	1	32	4
2	0	3	3	72	3
3	1	5	2	247	32
1	0	6	3	154	8
2	1	6	2	270	32
1	3	7	2	169	8
3	0	1	3	61	8
1	0	6	3	73	3
0	1	0	1	217	32
1	3	3	2	118	8
0	2	0	1	259	3
0	2	0	1	233	4
0	2	0	1	111	32
0	2	0	1	178	4
3	1	4	2	133	8
3	2	2	2	142	4
1	0	1	3	117	8
0	3	0	1	186	3
3	2	6	2	213	8
0	2	0	1	42	4
0	1	0	1	59	4
2	1	5	2	21	4
0	1	0	1	101	3
2	0	7	3	65	32
0	2	0	1	7	32
1	3	7	2	119	3
2	0	7	3	31	8
2	0	6	3	118	4
2	0	3	3	120	32
3	0	1	3	83	8
3	1	4	2	138	8
3	2	4	2	145	8
2	3	3	2	282	8
2	3	7	2	31	8
2	0	6	3	155	3
0	1	0	1	159	8
3	1	6	2	107	3
3	0	3	3	214	32
3	1	7	2	225	4
2	1	1	2	104	32
0	3	0	1	54	4
0	3	0	1	27	32
1	2	2	2	92	8
0	3	0	1	121	3
2	3	2	2	198	8
0	1	0	1	35	4
2	1	1	2	184	8
2	0	1	3	115	8
1	3	6	2	215	32
2	0	3	3	199	3
3	2	2	2	115	3
2	3	6	2	128	8
3	0	1	3	271	4
3	1	3	2	198	32
2	0	3	3	187	8
2	3	1	2	296	4
3	1	3	2	240	4
2	0	7	3	49	32
2	1	5	2	148	8
2	0	2	3	239	32
1	2	3	2	34	8
2	1	2	2	102	8
3	2	7	2	42	8
0	3	0	1	144	4
3	1	7	2	219	32
1	3	2	2	210	4
3	0	2	3	42	4
3	1	3	2	160	8
3	1	3	2	284	8
0	2	0	1	42	8
3	2	3	2	152	3
3	0	2	3	25	4
3	1	7	2	298	4
0	2	0	1	315	4
3	2	7	2	50	8
2	1	2	2	67	32
0	1	0	1	142	3
0	3	0	1	173	4
1	3	4	2	172	8
3	1	2	2	268	3
2	0	7	3	50	4
3	0	4	3	166	3
2	3	2	2	57	32
2	1	4	2	79	32
2	0	6	3	177	8
3	1	6	2	42	32
2	0	7	3	119	32
3	0	3	3	91	3
3	0	1	3	258	4
0	1	0	1	106	32
2	1	7	2	58	8
0	1	0	1	11	3
0	3	0	1	58	32
3	2	5	2	280	4
3	1	3	2	3	4
1	3	4	2	283	4
3	2	1	2	276	32
2	3	6	2	277	8
0	3	0	1	157	32
2	0	2	3	117	32
1	0	4	3	26	4
2	1	5	2	126	32
2	1	4	2	52	3
1	0	5	3	307	3
3	0	4	3	197	32
2	0	6	3	149	32
1	3	1	2	315	3
0	1	0	1	117	8
1	0	5	3	44	32
3	0	4	3	79	4
3	1	2	2	241	32
3	1	3	2	255	32
1	0	1	3	4	8
3	0	4	3	208	8
1	0	4	3	9	3
1	2	2	2	204	3
3	1	6	2	190	3
1	2	4	2	311	4
2	3	5	2	226	32
1	3	3	2	242	8
0	1	0	1	88	3
1	2	7	2	0	32
3	2	5	2	128	4
1	2	7	2	112	4
2	3	4	2	258	3
1	3	3	2	40	32
2	1	3	2	223	8
1	0	5	3	118	8
2	3	2	2	80	3
2	0	3	3	163	3
1	0	7	3	276	4
2	0	3	3	263	4
1	3	4	2	62	32
0	2	0	1	284	4
0	2	0	1	224	32
3	1	3	2	207	8
2	1	5	2	80	3
1	0	5	3	146	32
1	3	7	2	288	8
1	0	7	3	73	8
1	3	5	2	85	32
1	3	3	2	256	32
1	3	7	2	17	4
2	1	3	2	290	8
3	2	7	2	164	3
3	2	2	2	167	3
2	1	5	2	37	4
3	2	4	2	300	8
3	2	1	2	308	3
3	1	6	2	210	4
1	3	2	2	192	4
3	1	1	2	202	3
3	0	4	3	295	3
1	3	7	2	16	3
0	3	0	1	305	3
3	0	5	3	300	8
0	3	0	1	189	8
2	0	6	3	242	8
3	1	7	2	98	4
0	1	0	1	255	32
1	3	6	2	271	32
0	3	0	1	9	32
0	1	0	1	109	4
3	2	5	2	201	32
1	3	6	2	137	32
2	0	1	3	191	3
2	3	1	2	282	32
2	1	4	2	92	32
3	1	5	2	221	8
0	1	0	1	62	32
3	0	1	3	138	8
3	1	4	2	4	3
0	1	0	1	283	8
1	0	5	3	68	8
2	3	1	2	302	8
0	1	0	1	204	4
3	2	2	2	115	32
2	3	1	2	165	32
2	3	4	2	94	8
0	3	0	1	69	32
3	0	3	3	73	32
0	1	0	1	97	4
2	0	1	3	66	3
3	0	2	3	130	3
3	2	1	2	184	3
0	1	0	1	95	32
3	2	7	2	171	4
0	2	0	1	107	8
2	0	2	3	37	4
1	3	6	2	193	3
3	2	6	2	311	8
0	1	0	1	93	4
2	0	2	3	46	4
2	1	5	2	58	3
3	2	6	2	243	32
1	0	7	3	217	3
1	2	4	2	226	8
0	1	0	1	108	32
2	1	4	2	176	4
0	2	0	1	252	3
3	2	7	2	203	4
2	0	3	3	12	4
1	3	2	2	300	8
3	2	6	2	274	4
1	0	5	3	34	8
1	3	7	2	25	8
1	0	1	3	1	8
0	1	0	1	68	4
0	3	0	1	27	3
0	1	0	1	55	32
3	0	5	3	36	3
0	2	0	1	248	32
0	1	0	1	140	4
1	2	4	2	26	3
3	1	4	2	1	4
0	2	0	1	35	32
2	3	7	2	245	3
1	2	7	2	100	4
2	1	2	2	271	8
1	0	6	3	172	3
1	0	4	3	265	8
0	3	0	1	269	32
3	2	6	2	127	8
3	0	4	3	43	8
3	1	5	2	222	32
2	0	3	3	152	3
0	2	0	1	303	4
3	2	4	2	263	4
2	0	3	3	223	32
2	1	5	2	45	3
0	3	0	1	200	4
1	3	3	2	11	32
1	2	5	2	276	3
3	0	1	3	245	32
1	3	6	2	168	3
0	3	0	1	265	32
2	3	2	2	9	4
3	1	1	2	313	4
1	0	1	3	16	4
2	0	7	3	208	4
3	1	4	2	172	4
2	1	1	2	202	4
0	3	0	1	99	4
1	0	1	3	98	4
3	1	4	2	185	4
2	0	2	3	11	8
2	1	1	2	136	32
3	0	4	3	47	4
1	3	1	2	172	8
1	0	7	3	214	8
1	3	1	2	151	8
1	3	5	2	162	4
0	2	0	1	108	32
2	3	1	2	314	4
3	1	5	2	105	8
1	3	4	2	210	8
0	3	0	1	162	8
3	0	2	3	112	32
3	1	4	2	62	4
2	1	1	2	229	8
2	1	5	2	140	32
3	1	1	2	216	3
1	0	4	3	181	3
2	0	2	3	161	4
0	1	0	1	253	8
3	1	7	2	48	8
0	1	0	1	201	8
2	0	3	3	119	8
1	0	1	3	179	32
0	2	0	1	122	3
3	1	3	2	94	3
2	3	5	2	315	4
1	0	4	3	172	8
1	3	2	2	102	32
0	3	0	1	183	8
3	2	2	2	247	8
2	3	4	2	5	3
0	3	0	1	133	32
0	2	0	1	257	8
3	0	4	3	178	32
0	1	0	1	175	4
1	3	7	2	238	4
0	1	0	1	67	32
1	2	5	2	153	8
1	2	6	2	79	8
0	1	0	1	86	3
2	0	2	3	137	8
0	3	0	1	86	8
1	3	6	2	184	8
3	1	3	2	71	8
1	3	2	2	199	32
1	2	7	2	93	4
2	1	4	2	294	3
3	0	4	3	38	8
0	3	0	1	144	32
1	3	3	2	282	4
0	3	0	1	244	8
1	3	7	2	35	4
2	3	3	2	54	8
2	1	5	2	95	3
3	0	1	3	123	8
1	3	5	2	126	3
2	3	4	2	165	32
1	0	4	3	87	32
0	3	0	1	95	3
1	0	7	3	31	3
1	2	4	2	246	4
1	3	3	2	159	3
1	2	4	2	28	32
3	1	2	2	167	8
2	1	7	2	119	32
3	0	4	3	23	3
2	0	1	3	86	3
2	1	3	2	11	32
0	3	0	1	96	3
2	1	3	2	81	3
0	2	0	1	311	8
0	3	0	1	268	3
1	2	3	2	177	4
2	1	3	2	218	8
2	1	5	2	155	3
2	3	2	2	152	32
3	1	2	2	53	32
1	2	5	2	256	3
3	0	2	3	65	4
0	1	0	1	254	3
2	1	1	2	165	8
0	1	0	1	211	8
3	2	5	2	245	3
0	2	0	1	171	4
0	3	0	1	122	8
2	0	2	3	11	4
0	1	0	1	298	8
2	1	5	2	51	8
1	3	3	2	174	3
2	1	5	2	89	4
1	2	1	2	120	3
0	1	0	1	228	4
2	3	1	2	258	32
0	1	0	1	180	3
3	1	6	2	50	3
3	0	3	3	306	3
3	0	3	3	69	4
3	1	5	2	163	8
1	3	4	2	223	8
3	1	6	2	262	8
2	1	2	2	125	8
0	3	0	1	50	3
3	0	4	3	176	32
3	1	6	2	246	8
0	3	0	1	9	32
2	0	6	3	56	4
2	1	2	2	57	4
2	0	7	3	143	32
1	3	6	2	262	4
0	2	0	1	157	3
2	3	1	2	230	32
3	1	1	2	110	4
3	2	4	2	268	8
0	2	0	1	269	3
0	1	0	1	209	32
2	0	1	3	173	8
2	1	7	2	58	4
0	1	0	1	29	8
2	1	7	2	55	4
3	1	5	2	263	32
2	1	4	2	248	3
0	3	0	1	124	3
0	1	0	1	172	3
3	1	4	2	288	4
0	3	0	1	78	4
2	3	5	2	105	8
0	2	0	1	13	32
0	1	0	1	35	4
0	2	0	1	242	3
1	2	1	2	214	4
3	1	5	2	307	8
1	2	7	2	264	8
0	1	0	1	292	4
0	2	0	1	308	3
0	2	0	1	150	4
2	1	2	2	306	8
3	0	3	3	2	32
3	0	1	3	255	32
2	3	5	2	150	32
0	3	0	1	59	8
0	3	0	1	288	4
2	3	4	2	282	32
2	3	5	2	94	32
1	3	1	2	170	3
0	3	0	1	121	3
2	3	4	2	178	8
2	0	6	3	46	4
2	3	5	2	199	32
0	1	0	1	27	8
1	0	6	3	71	32
0	3	0	1	60	3
3	1	7	2	97	32
3	0	1	3	277	8
2	1	6	2	8	4
2	1	5	2	12	4
2	1	7	2	140	32
1	0	5	3	166	32
0	3	0	1	261	32
2	0	6	3	28	32
1	3	5	2	154	4
3	0	5	3	181	8
1	3	4	2	260	32
1	3	1	2	212	8
0	2	0	1	60	3
0	2	0	1	110	3
0	2	0	1	204	8
0	3	0	1	202	4
0	2	0	1	34	8
0	1	0	1	186	3
2	1	6	2	229	8
2	1	6	2	259	32
2	1	4	2	50	3
1	2	6	2	194	8
3	2	5	2	226	8
1	0	6	3	57	3
1	3	6	2	151	32
1	3	5	2	48	8
1	0	1	3	46	4
3	2	1	2	204	3
1	3	7	2	281	32
3	1	7	2	41	32
1	3	7	2	175	8
0	3	0	1	239	32
3	2	7	2	39	4
0	2	0	1	80	3
1	2	3	2	117	8
0	3	0	1	46	32
1	3	4	2	184	3
0	3	0	1	168	3
1	2	6	2	300	4
2	3	5	2	248	3
2	1	3	2	8	8
2	1	6	2	174	32
3	2	6	2	154	32
0	2	0	1	262	3
3	0	5	3	251	3
2	1	7	2	161	3
1	0	4	3	250	4
2	0	1	3	176	8
3	1	4	2	236	4
0	3	0	1	158	4
1	0	5	3	307	4
1	2	4	2	164	4
0	3	0	1	13	4
0	2	0	1	187	8
3	2	4	2	301	4
0	1	0	1	95	3
3	0	4	3	118	32
3	0	5	3	283	3
0	2	0	1	255	4
2	0	1	3	243	3
0	1	0	1	229	4
0	3	0	1	95	3
3	1	2	2	3	4
3	0	2	3	81	3
2	3	5	2	220	4
3	2	3	2	270	3
0	1	0	1	291	4
2	1	4	2	75	8
2	1	5	2	227	8
3	2	7	2	276	8
0	3	0	1	120	3
3	2	5	2	145	4
3	2	1	2	60	4
2	0	7	3	156	32
0	2	0	1	227	8
0	2	0	1	200	3
0	2	0	1	274	32
2	1	7	2	226	4
3	2	3	2	233	3
2	1	5	2	49	3
1	0	7	3	305	4
0	1	0	1	39	4
0	1	0	1	208	4
2	3	6	2	23	4
1	0	6	3	256	32
0	1	0	1	107	4
0	2	0	1	263	3
2	0	6	3	107	8
1	3	1	2	123	32
3	0	4	3	137	3
0	2	0	1	36	32
1	0	7	3	297	3
3	0	2	3	193	3
2	1	3	2	214	4
3	0	3	3	28	3
2	0	7	3	147	3
2	3	2	2	211	8
1	3	4	2	267	3
2	3	7	2	241	4
1	2	2	2	19	8
0	3	0	1	33	3
3	0	5	3	238	32
3	2	4	2	16	3
3	1	6	2	181	8
3	1	7	2	87	32
2	0	3	3	70	4
1	0	1	3	103	4
1	3	2	2	195	4
3	0	2	3	185	32
3	1	3	2	46	32
2	0	3	3	17	32
3	0	5	3	103	3
3	2	2	2	241	3
0	1	0	1	135	8
0	2	0	1	112	32
2	3	5	2	311	3
0	1	0	1	62	4
1	2	5	2	221	8
0	3	0	1	212	32
1	0	4	3	172	4
3	2	6	2	274	4
0	1	0	1	104	32
1	3	5	2	158	4
1	2	3	2	205	4
3	0	2	3	26	32
1	0	4	3	87	4
3	1	7	2	245	4
0	2	0	1	154	32
0	2	0	1	169	3
0	2	0	1	315	3
3	2	7	2	211	32
2	3	4	2	305	8
2	0	2	3	66	32
1	2	2	2	121	3
3	0	5	3	246	4
0	3	0	1	186	32
2	3	3	2	0	4
2	1	1	2	40	32
2	1	1	2	204	4
1	0	7	3	175	32
0	1	0	1	130	3
0	2	0	1	6	8
0	2	0	1	254	3
1	0	1	3	263	4
0	2	0	1	146	4
1	3	7	2	60	3
1	0	7	3	208	4
2	1	2	2	286	32
2	1	7	2	233	3
1	2	1	2	1	4
0	3	0	1	228	8
3	0	5	3	192	3
0	1	0	1	246	32
1	0	6	3	125	8
3	0	4	3	114	32
0	3	0	1	240	32
1	2	7	2	9	4
0	2	0	1	158	8
3	2	7	2	157	3
3	1	3	2	284	3
0	3	0	1	226	32
3	0	2	3	84	8
3	2	6	2	152	8
0	1	0	1	166	32
2	0	7	3	183	3
0	3	0	1	164	4
2	3	2	2	84	3
1	2	6	2	51	4
1	0	7	3	130	4
0	1	0	1	126	8
0	2	0	1	244	3
2	0	7	3	108	3
3	1	5	2	40	8
3	1	1	2	86	3
1	2	7	2	72	4
1	2	3	2	79	32
2	0	3	3	66	32
2	0	1	3	173	32
3	0	5	3	292	4
1	2	6	2	105	32
0	1	0	1	232	3
1	2	5	2	133	4
1	2	3	2	158	32
0	3	0	1	270	4
3	1	5	2	40	8
1	3	2	2	290	8
2	0	7	3	260	3
2	1	4	2	283	8
2	3	7	2	256	3
1	2	6	2	261	4
1	0	5	3	112	32
1	3	2	2	308	4
0	3	0	1	95	32
1	2	7	2	69	4
3	1	1	2	260	3
0	1	0	1	87	3
2	3	6	2	89	32
2	1	5	2	32	3
3	1	1	2	174	8
0	2	0	1	251	32
3	1	6	2	61	8
3	2	3	2	232	4
2	3	6	2	64	4
3	2	5	2	170	32
2	3	2	2	289	8
1	3	1	2	142	8
2	0	1	3	111	3
3	2	1	2	41	4
1	3	7	2	106	32
1	3	7	2	166	8
2	1	1	2	99	4
1	0	6	3	128	4
2	1	2	2	92	8
0	3	0	1	70	32
2	0	6	3	307	8
0	3	0	1	219	3
2	3	1	2	307	8
1	0	4	3	69	3
2	1	3	2	236	32
3	2	5	2	4	32
3	1	6	2	275	32
0	3	0	1	123	8
0	2	0	1	31	3
3	2	6	2	252	8
0	3	0	1	248	32
1	3	5	2	266	4
3	2	3	2	71	4
0	1	0	1	283	8
2	0	1	3	190	8
3	2	6	2	248	8
0	3	0	1	72	3
2	1	5	2	92	8
2	3	1	2	172	4
1	3	6	2	44	8
2	3	1	2	178	8
1	3	6	2	183	3
0	1	0	1	174	4
0	2	0	1	67	3
2	1	6	2	38	3
1	2	4	2	106	3
2	3	6	2	139	8
0	1	0	1	278	4
3	2	2	2	37	4
3	1	4	2	207	3
3	0	5	3	78	4
2	1	3	2	245	32
3	1	3	2	231	3
1	2	2	2	245	32
1	2	6	2	305	3
1	3	2	2	283	3
2	0	1	3	165	32
3	2	3	2	233	4
2	3	3	2	277	8
3	0	3	3	46	8
3	1	7	2	212	32
3	2	7	2	132	32
2	1	3	2	118	32
2	1	2	2	95	4
0	3	0	1	99	8
1	0	7	3	98	4
3	1	4	2	241	3
2	0	1	3	3	4
3	2	2	2	27	3
0	3	0	1	3	8
2	1	4	2	10	8
1	2	1	2	296	4
3	1	6	2	67	3
3	0	5	3	54	3
1	0	1	3	225	3
2	1	5	2	161	3
1	3	3	2	121	32
1	0	5	3	282	4
3	0	4	3	0	8
1	3	2	2	255	32
0	2	0	1	45	32
1	2	7	2	249	8
3	1	7	2	78	8
2	0	2	3	227	8
1	0	5	3	54	3
2	0	1	3	116	4
0	2	0	1	55	4
2	3	6	2	143	8
1	3	4	2	74	8
0	1	0	1	200	8
3	2	3	2	294	4
3	2	6	2	202	8
1	3	6	2	52	3
2	3	5	2	60	8
2	0	1	3	278	4
1	2	3	2	193	8
0	2	0	1	0	8
3	2	1	2	265	3
2	3	1	2	32	32
2	1	5	2	151	3
1	3	1	2	289	3
3	1	2	2	70	32
1	2	7	2	290	4
1	0	7	3	143	32
1	0	4	3	167	32
2	3	1	2	178	32
2	1	5	2	284	4
0	3	0	1	162	8
2	0	6	3	311	4
0	2	0	1	71	4
2	0	7	3	84	32
0	3	0	1	193	4
0	1	0	1	263	4
3	0	5	3	289	8
0	1	0	1	190	32
1	2	4	2	123	8
0	3	0	1	110	3
1	0	6	3	203	3
0	3	0	1	14	4
1	0	6	3	255	8
2	1	3	2	30	4
2	3	4	2	229	8
0	2	0	1	157	4
1	0	7	3	176	3
2	0	6	3	119	8
3	0	2	3	253	32
0	2	0	1	95	3
0	3	0	1	285	32
2	1	3	2	167	4
0	3	0	1	126	8
1	3	2	2	202	3
1	0	1	3	131	3
3	1	6	2	276	8
3	2	4	2	53	4
0	1	0	1	225	8
0	1	0	1	111	32
1	2	4	2	43	4
0	2	0	1	23	3
1	2	6	2	166	3
1	3	5	2	282	3
1	0	4	3	267	3
2	1	7	2	136	8
3	0	4	3	61	3
0	1	0	1	307	8
0	1	0	1	134	32
2	1	6	2	273	3
1	2	4	2	70	4
1	0	7	3	254	8
1	3	2	2	105	8
2	1	1	2	231	32
2	1	6	2	36	8
2	0	1	3	116	32
2	3	6	2	74	32
2	3	2	2	45	3
2	3	1	2	224	3
2	0	2	3	117	4
2	1	3	2	234	8
1	0	5	3	54	32
3	0	3	3	208	3
3	0	2	3	36	4
3	1	6	2	299	8
0	2	0	1	224	3
0	3	0	1	57	8
1	2	7	2	245	8
1	2	7	2	77	32
1	0	4	3	258	32
1	3	4	2	308	3
1	2	5	2	71	3
2	3	5	2	194	3
1	2	3	2	41	3
0	1	0	1	164	32
1	2	3	2	272	3
0	2	0	1	77	8
1	3	2	2	255	32
0	1	0	1	75	8
3	0	4	3	172	4
2	3	1	2	204	8
0	2	0	1	231	32
1	0	6	3	53	8
1	2	4	2	198	3
0	2	0	1	185	4
3	0	3	3	163	8
2	0	2	3	60	4
1	2	6	2	99	32
1	0	7	3	311	8
0	1	0	1	76	8
0	2	0	1	105	3
2	0	1	3	23	3
3	2	4	2	254	8
3	1	3	2	263	4
1	3	3	2	75	32
0	3	0	1	307	8
2	1	3	2	170	3
2	3	7	2	67	8
0	2	0	1	305	4
2	0	2	3	280	4
0	3	0	1	155	32
0	1	0	1	145	32
3	1	1	2	3	4
1	3	5	2	187	8
2	3	1	2	278	3
2	3	4	2	278	4
3	2	2	2	263	4
0	2	0	1	60	8
3	0	1	3	0	8
1	3	5	2	82	8
0	2	0	1	134	8
3	1	7	2	91	32
1	0	4	3	68	4
3	1	5	2	48	8
0	3	0	1	163	8
1	3	3	2	235	4
2	0	6	3	193	8
1	2	4	2	2	4
0	3	0	1	296	4
3	2	3	2	175	3
0	1	0	1	29	3
3	1	6	2	145	4
1	3	6	2	5	3
0	1	0	1	257	3
0	1	0	1	275	8
2	3	4	2	219	8
1	0	5	3	201	3
0	3	0	1	181	8
0	2	0	1	176	8
3	1	1	2	146	3
3	0	2	3	203	8
2	3	5	2	270	8
3	0	5	3	222	32
3	0	5	3	29	4
1	0	1	3	299	3
2	3	3	2	169	3
2	3	7	2	314	3
1	3	4	2	298	3
0	1	0	1	283	8
1	2	4	2	208	4
0	2	0	1	17	32
1	2	3	2	228	32
0	2	0	1	20	3
1	0	4	3	0	4
2	1	7	2	295	3
0	1	0	1	256	8
2	0	1	3	107	32
3	1	6	2	197	32
3	1	2	2	166	3
3	1	6	2	174	8
3	0	3	3	317	3
1	0	1	3	176	4
1	2	1	2	159	32
1	2	1	2	140	8
1	0	4	3	223	8
1	0	7	3	166	32
2	0	6	3	19	3
2	3	1	2	109	32
3	0	4	3	36	32
2	3	1	2	229	8
0	2	0	1	11	4
2	1	1	2	270	32
3	2	6	2	219	4
0	2	0	1	194	8
2	3	7	2	19	32
1	2	6	2	258	8
1	3	1	2	77	32
1	2	5	2	16	8
2	0	1	3	61	4
2	1	3	2	167	4
0	1	0	1	222	8
0	3	0	1	140	4
2	0	6	3	88	3
2	3	3	2	93	8
0	3	0	1	204	4
1	2	5	2	268	32
1	3	5	2	260	8
0	2	0	1	198	4
0	2	0	1	239	8
1	3	7	2	152	8
2	3	4	2	129	32
1	0	4	3	194	4
3	0	3	3	54	3
2	1	2	2	46	3
0	1	0	1	53	3
0	1	0	1	20	3
2	1	1	2	7	4
0	2	0	1	193	32
1	3	4	2	167	3
3	2	7	2	2	32
0	2	0	1	209	32
2	0	3	3	77	32
0	1	0	1	275	3
1	3	3	2	237	4
3	0	4	3	18	4
2	3	1	2	108	8
1	3	7	2	305	4
2	0	1	3	179	8
0	3	0	1	74	3
2	0	2	3	248	4
2	0	2	3	57	32
1	0	7	3	0	8
1	2	6	2	224	4
0	2	0	1	283	8
3	0	4	3	146	8
3	0	4	3	133	4
0	2	0	1	97	8
1	0	6	3	311	8
1	3	5	2	35	3
2	3	4	2	191	4
2	0	1	3	32	8
0	1	0	1	171	4
3	2	4	2	12	3
1	2	5	2	163	8
0	2	0	1	202	3
1	2	5	2	162	8
2	3	3	2	162	3
2	0	2	3	126	3
2	3	6	2	252	32
2	3	4	2	125	3
1	2	1	2	166	4
3	2	7	2	210	32
0	1	0	1	255	4
1	0	4	3	105	4
3	1	7	2	98	8
2	1	7	2	305	3
1	2	5	2	132	4
3	2	5	2	6	8
1	2	5	2	183	32
1	2	4	2	136	32
0	2	0	1	283	3
1	3	6	2	200	4
3	2	6	2	64	32
3	1	1	2	174	32
0	1	0	1	26	8
0	3	0	1	14	8
1	2	6	2	221	32
1	0	6	3	118	4
2	0	3	3	292	3
1	0	6	3	95	8
2	1	3	2	182	32
2	0	1	3	143	8
2	3	1	2	68	8
0	2	0	1	161	8
0	1	0	1	173	8
1	2	7	2	281	8
2	3	5	2	44	4
1	0	4	3	275	4
1	3	3	2	84	8
0	2	0	1	108	8
2	3	1	2	190	4
2	1	4	2	245	4
2	1	7	2	233	32
2	0	7	3	214	3
1	2	2	2	45	3
3	2	4	2	150	4
2	3	3	2	246	3
2	1	7	2	256	3
3	0	3	3	156	32
0	2	0	1	273	3
0	2	0	1	191	8
0	2	0	1	43	8
0	3	0	1	283	8
3	0	2	3	277	3
3	2	3	2	244	4
3	0	4	3	72	3
2	0	7	3	168	3
2	1	7	2	63	4
