0	2	0	1	215	4
3	1	1	2	86	3
2	3	4	2	40	32
3	2	5	2	107	32
3	1	5	2	229	4
3	0	1	3	283	4
1	3	3	2	235	4
1	0	6	3	305	8
2	1	2	2	185	4
3	2	1	2	167	32
2	0	6	3	104	3
2	0	1	3	42	3
3	1	4	2	101	4
3	2	5	2	65	3
2	0	2	3	155	32
1	2	1	2	115	32
0	1	0	1	232	32
3	0	3	3	237	3
0	1	0	1	45	4
3	1	5	2	44	32
1	2	4	2	258	32
0	3	0	1	273	8
0	2	0	1	206	4
2	1	4	2	93	32
1	3	5	2	262	3
2	3	1	2	169	8
1	2	7	2	127	3
2	1	6	2	244	3
1	2	1	2	190	4
3	0	2	3	93	32
0	2	0	1	97	32
3	0	4	3	154	8
0	2	0	1	97	3
1	0	7	3	174	32
1	2	1	2	237	8
2	3	2	2	55	3
1	2	2	2	188	4
1	3	5	2	278	8
0	3	0	1	198	4
0	1	0	1	43	3
1	3	7	2	57	8
3	0	4	3	76	3
0	3	0	1	312	8
3	0	1	3	99	4
3	0	4	3	110	8
1	2	5	2	309	3
3	1	7	2	253	32
0	3	0	1	4	32
1	3	1	2	198	3
2	1	6	2	261	8
1	2	1	2	23	8
1	0	5	3	52	4
0	3	0	1	16	8
2	0	3	3	72	3
2	3	6	2	306	8
3	0	5	3	213	32
2	1	4	2	304	3
3	1	5	2	187	32
0	1	0	1	229	4
3	2	1	2	94	8
3	1	2	2	7	8
1	3	3	2	18	4
1	2	6	2	92	3
3	2	2	2	131	32
2	3	6	2	275	4
3	1	6	2	16	4
1	2	2	2	63	3
1	0	6	3	215	4
0	1	0	1	82	8
3	0	3	3	170	4
0	2	0	1	296	8
0	3	0	1	143	4
1	3	4	2	170	32
0	1	0	1	36	8
2	1	2	2	178	8
1	0	7	3	137	8
2	1	7	2	178	3
1	2	3	2	227	32
2	3	3	2	159	4
2	1	6	2	242	8
3	0	2	3	277	3
1	2	5	2	163	3
2	3	5	2	213	32
0	3	0	1	290	8
1	0	1	3	186	3
0	3	0	1	281	3
2	1	2	2	69	4
3	0	4	3	59	4
3	0	5	3	113	32
0	3	0	1	136	8
3	1	2	2	105	8
1	3	6	2	17	4
1	3	7	2	278	8
2	1	4	2	73	8
1	2	2	2	174	8
3	0	3	3	29	3
1	3	3	2	123	8
3	2	3	2	22	4
3	0	4	3	134	8
3	0	2	3	241	8
1	0	5	3	228	4
0	1	0	1	252	32
1	3	1	2	9	8
3	1	6	2	156	32
2	0	3	3	191	4
2	3	1	2	107	3
3	1	7	2	61	8
3	2	5	2	123	8
0	3	0	1	46	32
2	1	2	2	210	4
0	1	0	1	304	8
2	3	6	2	148	3
2	0	1	3	167	32
2	0	1	3	205	3
0	3	0	1	282	32
0	2	0	1	84	4
2	1	2	2	45	32
1	0	6	3	308	8
3	0	5	3	307	3
0	2	0	1	134	32
3	1	1	2	69	32
2	0	7	3	218	8
3	1	5	2	225	32
1	0	4	3	106	4
0	1	0	1	12	32
0	2	0	1	211	3
2	0	1	3	189	32
3	1	7	2	87	8
2	1	6	2	9	4
0	1	0	1	260	3
0	1	0	1	53	3
2	1	2	2	264	8
0	3	0	1	253	8
2	1	7	2	26	32
0	2	0	1	66	8
1	0	1	3	259	4
0	1	0	1	263	32
0	1	0	1	274	3
0	3	0	1	82	4
0	2	0	1	30	8
1	0	6	3	16	3
3	1	7	2	193	3
2	0	7	3	12	32
3	1	2	2	290	4
0	2	0	1	44	4
0	3	0	1	279	32
2	0	6	3	79	4
3	1	3	2	1	8
2	3	2	2	64	3
1	0	6	3	292	8
1	0	4	3	76	32
2	1	7	2	234	4
1	0	1	3	172	4
0	3	0	1	204	32
2	0	3	3	0	4
0	2	0	1	244	8
1	0	6	3	191	4
3	2	6	2	145	4
3	1	5	2	122	4
3	2	7	2	39	4
2	3	1	2	263	4
0	1	0	1	219	4
2	0	6	3	251	4
0	2	0	1	236	4
3	2	4	2	171	8
1	0	7	3	204	32
0	1	0	1	218	32
0	1	0	1	95	4
0	1	0	1	182	3
0	1	0	1	135	3
0	3	0	1	105	8
0	3	0	1	293	3
2	1	6	2	9	8
3	2	2	2	72	4
2	0	6	3	265	4
0	2	0	1	264	3
3	0	1	3	235	4
1	3	6	2	57	32
2	1	7	2	113	8
1	2	7	2	256	3
0	2	0	1	220	32
0	2	0	1	156	4
3	0	3	3	252	4
0	1	0	1	96	3
3	2	3	2	137	4
0	2	0	1	204	32
3	2	6	2	228	32
0	2	0	1	98	4
3	2	2	2	119	8
3	2	4	2	46	8
3	2	6	2	4	3
2	1	2	2	2	32
2	3	1	2	96	3
3	2	4	2	70	32
0	1	0	1	115	8
0	1	0	1	276	4
3	1	6	2	295	8
1	0	6	3	194	4
2	0	1	3	250	8
3	1	4	2	294	3
3	1	3	2	26	4
3	0	2	3	295	8
2	0	2	3	241	3
2	1	3	2	83	8
2	1	3	2	162	32
1	2	7	2	263	32
1	2	7	2	274	3
1	2	6	2	90	3
3	0	3	3	183	8
2	3	2	2	166	4
3	2	1	2	93	4
2	3	7	2	128	4
0	2	0	1	280	32
0	2	0	1	91	4
1	0	6	3	105	32
2	0	6	3	271	4
1	2	4	2	30	3
2	1	5	2	111	3
1	2	1	2	171	3
3	2	6	2	33	3
3	2	7	2	102	8
0	1	0	1	23	8
0	2	0	1	162	8
0	2	0	1	78	8
0	2	0	1	75	4
3	2	1	2	178	4
0	1	0	1	111	32
2	3	3	2	19	4
2	3	5	2	176	8
2	3	3	2	109	32
1	3	1	2	212	3
2	0	2	3	224	8
2	0	2	3	268	4
2	3	4	2	37	3
3	0	3	3	124	3
0	3	0	1	228	8
0	2	0	1	175	3
3	2	6	2	96	8
1	3	7	2	223	3
0	3	0	1	268	8
1	2	7	2	122	8
2	3	1	2	103	32
3	1	5	2	233	4
0	3	0	1	254	32
3	1	2	2	18	3
3	2	6	2	100	3
1	2	4	2	28	4
0	2	0	1	48	3
2	3	7	2	79	3
1	3	2	2	267	32
1	0	7	3	39	3
3	0	5	3	206	4
3	1	5	2	107	32
0	2	0	1	20	32
0	2	0	1	68	3
2	0	2	3	22	8
0	2	0	1	49	4
2	3	3	2	112	3
2	3	5	2	280	4
1	0	5	3	200	3
3	1	1	2	256	8
0	3	0	1	218	8
1	3	1	2	92	32
3	0	3	3	103	4
1	0	5	3	216	3
2	3	7	2	278	3
3	2	4	2	220	8
3	1	4	2	187	8
2	0	2	3	244	4
1	0	5	3	5	4
1	3	7	2	55	4
0	3	0	1	172	32
2	0	6	3	287	4
1	0	5	3	62	32
2	1	6	2	251	4
2	1	4	2	56	8
3	0	4	3	268	3
3	2	5	2	264	32
0	2	0	1	19	8
3	1	4	2	297	4
2	1	1	2	1	32
2	1	1	2	61	32
2	1	7	2	222	4
3	1	5	2	219	32
3	2	3	2	111	3
3	2	5	2	246	32
2	3	5	2	92	32
1	0	7	3	15	32
0	3	0	1	265	8
3	2	5	2	305	3
3	2	2	2	283	32
1	0	1	3	224	32
0	1	0	1	82	8
2	0	6	3	204	3
2	3	2	2	299	4
3	1	5	2	14	32
3	0	2	3	77	8
0	2	0	1	181	32
0	2	0	1	173	3
0	2	0	1	27	3
2	3	1	2	203	3
0	3	0	1	168	8
1	3	3	2	75	8
2	3	4	2	49	8
0	1	0	1	239	8
0	1	0	1	245	3
1	0	5	3	130	3
3	1	6	2	178	4
2	1	5	2	282	4
0	2	0	1	195	32
3	1	2	2	176	8
0	2	0	1	121	32
0	3	0	1	52	3
3	0	5	3	70	32
2	3	6	2	310	4
1	3	3	2	221	8
1	3	7	2	93	8
0	2	0	1	294	8
1	3	1	2	229	4
1	2	7	2	213	8
2	3	1	2	169	3
1	0	5	3	87	32
3	2	4	2	38	8
1	3	1	2	39	8
1	3	1	2	113	32
0	2	0	1	16	8
2	3	7	2	18	8
1	0	7	3	203	4
2	3	3	2	155	3
1	2	5	2	100	8
3	2	5	2	118	3
3	2	4	2	36	4
0	1	0	1	31	32
1	3	1	2	106	3
3	0	3	3	81	4
2	1	5	2	113	8
2	3	7	2	92	8
2	1	6	2	96	3
1	3	2	2	77	3
3	1	3	2	100	8
1	3	5	2	316	3
3	0	5	3	208	32
1	0	1	3	258	3
0	3	0	1	266	3
0	1	0	1	178	3
1	0	4	3	254	3
3	0	3	3	142	3
3	2	2	2	118	8
1	2	4	2	290	8
1	2	7	2	274	32
0	3	0	1	246	8
0	3	0	1	91	32
0	1	0	1	248	32
1	3	7	2	0	4
0	2	0	1	118	32
2	0	7	3	39	8
0	2	0	1	16	8
2	0	2	3	169	4
2	3	2	2	194	8
2	0	7	3	277	3
3	0	3	3	56	3
0	3	0	1	121	4
0	1	0	1	43	4
2	3	7	2	111	4
2	0	2	3	72	32
2	3	3	2	240	8
2	0	2	3	81	3
1	2	5	2	194	3
2	1	4	2	190	32
2	0	2	3	255	3
2	0	6	3	124	3
3	2	3	2	96	8
0	1	0	1	60	4
3	0	4	3	190	3
2	3	7	2	66	8
2	1	6	2	81	4
1	3	7	2	19	8
1	3	6	2	232	32
2	1	6	2	109	8
1	0	1	3	233	8
3	0	4	3	101	3
1	0	1	3	37	8
0	2	0	1	10	8
3	0	1	3	243	32
0	1	0	1	211	4
2	1	3	2	222	8
2	1	6	2	263	4
2	3	5	2	156	32
0	3	0	1	181	8
3	2	5	2	138	3
3	2	6	2	278	32
0	3	0	1	61	8
2	0	1	3	174	32
3	1	4	2	102	8
1	2	5	2	259	3
3	2	1	2	138	4
3	0	3	3	135	8
2	1	5	2	145	32
0	1	0	1	32	32
3	2	7	2	285	32
3	0	3	3	164	3
1	2	4	2	113	4
0	3	0	1	69	4
3	1	3	2	262	3
2	1	5	2	0	8
2	3	7	2	79	32
3	2	2	2	198	32
2	1	6	2	143	32
1	2	2	2	191	3
0	2	0	1	269	32
0	2	0	1	161	8
0	2	0	1	42	32
2	1	5	2	253	8
3	2	2	2	168	8
3	1	2	2	209	8
2	1	3	2	13	4
2	1	4	2	214	4
1	0	5	3	248	8
1	3	2	2	157	8
1	3	1	2	245	8
1	3	4	2	242	8
2	1	3	2	58	32
3	2	7	2	224	4
0	1	0	1	73	32
3	1	6	2	106	3
2	3	5	2	208	32
0	1	0	1	131	4
1	3	6	2	34	4
3	1	1	2	256	4
1	0	6	3	102	4
1	0	4	3	153	8
1	2	5	2	309	3
2	1	4	2	191	32
2	0	2	3	16	8
2	3	6	2	171	32
1	3	4	2	250	3
0	1	0	1	78	4
1	3	4	2	88	3
2	1	2	2	37	4
0	1	0	1	124	32
2	0	7	3	48	3
3	1	7	2	181	3
2	0	1	3	126	3
3	2	2	2	175	32
0	3	0	1	191	32
3	0	5	3	252	4
2	1	1	2	290	8
0	3	0	1	10	8
1	2	4	2	255	8
3	2	3	2	89	32
1	2	5	2	301	8
0	1	0	1	39	32
3	1	3	2	189	4
2	0	6	3	98	32
2	0	3	3	253	3
3	0	1	3	53	4
3	0	3	3	193	4
0	1	0	1	214	32
1	2	2	2	6	3
0	2	0	1	74	8
0	1	0	1	192	32
3	1	5	2	86	8
2	3	7	2	306	8
3	0	4	3	108	4
1	3	4	2	233	3
0	2	0	1	299	3
2	1	1	2	258	8
0	3	0	1	278	3
2	3	4	2	24	3
2	0	6	3	43	3
0	2	0	1	291	4
1	2	7	2	211	32
2	0	1	3	148	8
0	3	0	1	97	32
0	2	0	1	227	3
1	0	6	3	103	3
0	1	0	1	73	8
3	0	3	3	278	32
2	1	6	2	64	32
3	1	6	2	90	3
2	1	6	2	65	4
0	2	0	1	59	3
0	1	0	1	196	8
0	2	0	1	193	4
0	1	0	1	1	8
0	3	0	1	96	4
0	3	0	1	3	3
1	3	3	2	126	3
0	2	0	1	28	3
0	3	0	1	121	3
3	0	3	3	70	8
1	0	1	3	306	4
1	3	3	2	53	32
0	1	0	1	12	32
2	0	1	3	310	3
1	3	4	2	108	4
0	2	0	1	7	4
2	1	7	2	154	32
2	0	6	3	51	8
3	0	5	3	9	3
2	0	7	3	116	4
0	3	0	1	202	32
3	1	4	2	0	8
2	3	2	2	226	4
3	0	1	3	274	8
1	2	3	2	77	32
0	1	0	1	300	4
3	1	6	2	233	4
2	1	4	2	180	3
2	0	2	3	296	8
0	3	0	1	9	8
0	1	0	1	183	4
3	2	7	2	188	32
3	1	5	2	188	32
3	2	3	2	121	32
0	3	0	1	145	32
1	3	2	2	21	4
0	2	0	1	10	4
2	3	7	2	206	3
0	3	0	1	268	3
3	1	7	2	163	4
2	3	4	2	140	32
3	1	3	2	286	32
2	1	3	2	221	32
0	3	0	1	196	4
0	3	0	1	208	32
2	3	2	2	255	3
3	2	1	2	94	32
0	3	0	1	302	8
1	0	7	3	258	3
1	0	5	3	113	8
0	2	0	1	67	8
0	2	0	1	146	8
0	3	0	1	102	32
2	1	5	2	43	4
3	0	4	3	108	4
0	2	0	1	133	3
3	1	3	2	96	3
0	3	0	1	87	4
3	0	5	3	177	32
3	2	1	2	67	3
2	0	2	3	58	8
2	1	1	2	273	32
0	2	0	1	214	4
3	0	5	3	70	8
2	0	6	3	9	32
3	2	2	2	158	8
2	1	4	2	123	32
2	1	6	2	241	32
1	2	5	2	255	3
3	0	3	3	188	3
1	3	4	2	82	8
3	0	2	3	215	4
2	1	3	2	172	3
1	2	3	2	286	4
0	2	0	1	72	32
2	0	6	3	194	4
1	2	3	2	48	4
3	0	5	3	225	3
3	0	1	3	276	4
1	2	6	2	306	4
0	1	0	1	6	4
2	3	3	2	266	3
2	0	1	3	302	4
1	0	1	3	186	4
2	0	7	3	118	8
1	0	5	3	300	4
0	1	0	1	93	8
1	0	5	3	273	8
1	0	6	3	153	32
3	2	5	2	46	3
3	0	2	3	13	4
2	1	6	2	111	32
2	3	3	2	89	8
2	1	2	2	190	8
1	0	4	3	280	8
0	2	0	1	10	4
3	0	1	3	124	3
0	2	0	1	161	3
2	0	3	3	273	4
1	2	3	2	0	8
0	1	0	1	224	3
2	0	1	3	308	4
0	2	0	1	308	8
1	3	3	2	155	32
1	2	7	2	44	4
3	1	1	2	204	3
3	2	2	2	61	4
2	0	2	3	28	4
3	1	4	2	155	8
3	0	3	3	108	4
1	2	3	2	114	32
2	3	3	2	272	32
2	3	6	2	276	8
2	0	1	3	251	32
0	2	0	1	67	4
0	2	0	1	51	3
3	0	5	3	190	4
2	0	1	3	85	4
3	1	7	2	119	4
2	0	1	3	134	32
2	1	2	2	305	3
3	1	5	2	92	4
0	2	0	1	194	8
1	3	7	2	207	8
1	3	3	2	137	32
3	0	4	3	204	3
3	2	6	2	31	3
0	2	0	1	98	3
3	0	1	3	305	3
0	3	0	1	290	8
1	0	5	3	84	8
1	2	4	2	186	8
2	1	4	2	205	3
2	0	6	3	234	4
3	2	1	2	98	3
2	3	7	2	288	32
2	0	3	3	229	32
2	1	5	2	256	8
0	1	0	1	211	8
1	2	3	2	98	3
0	2	0	1	102	32
3	1	1	2	58	32
3	2	6	2	296	8
1	3	3	2	261	32
0	2	0	1	260	3
1	2	4	2	37	3
2	0	1	3	194	3
2	1	2	2	118	8
0	1	0	1	53	3
0	2	0	1	270	4
2	3	3	2	187	8
2	1	4	2	39	8
3	2	1	2	266	32
2	3	2	2	169	4
3	2	7	2	306	8
1	2	5	2	146	4
1	2	6	2	265	3
1	0	1	3	209	4
3	2	1	2	103	8
1	3	6	2	166	32
1	0	1	3	82	3
0	3	0	1	170	8
3	0	2	3	244	8
2	0	2	3	92	4
3	0	2	3	241	8
2	3	1	2	279	32
3	0	4	3	17	8
0	3	0	1	76	3
0	2	0	1	199	4
3	0	4	3	312	8
1	3	5	2	231	8
0	1	0	1	208	32
0	1	0	1	249	3
2	1	2	2	36	4
0	2	0	1	144	8
3	0	4	3	222	4
1	3	3	2	37	4
0	1	0	1	38	4
1	0	1	3	76	4
2	0	2	3	114	3
1	3	2	2	308	3
0	2	0	1	280	32
3	1	6	2	41	3
2	3	5	2	16	8
3	2	4	2	80	4
1	3	4	2	276	32
0	3	0	1	58	8
2	1	2	2	8	3
2	1	5	2	267	32
3	2	4	2	103	32
1	3	1	2	91	8
2	0	3	3	176	4
3	0	3	3	10	3
1	0	6	3	177	32
1	3	3	2	45	4
3	1	2	2	16	32
0	1	0	1	169	4
2	1	1	2	233	8
0	2	0	1	203	4
3	2	6	2	117	3
3	0	2	3	187	3
0	3	0	1	260	4
1	0	5	3	66	32
0	2	0	1	287	8
1	2	3	2	303	3
0	2	0	1	73	32
3	1	6	2	103	4
2	0	1	3	280	32
2	0	1	3	242	32
3	1	1	2	102	8
2	1	5	2	257	3
0	2	0	1	97	4
0	2	0	1	116	32
1	0	5	3	73	3
1	3	7	2	36	3
0	2	0	1	275	32
0	1	0	1	274	32
0	2	0	1	26	4
1	3	2	2	67	4
2	1	4	2	151	32
1	2	3	2	261	32
2	3	2	2	295	8
2	1	6	2	195	8
0	1	0	1	194	4
2	1	1	2	220	3
0	2	0	1	301	3
3	1	2	2	259	4
1	0	6	3	20	32
2	1	4	2	84	8
3	1	2	2	208	4
3	2	5	2	197	3
1	2	5	2	248	32
0	3	0	1	96	32
1	0	5	3	191	8
3	2	5	2	45	8
2	1	7	2	107	4
0	3	0	1	157	3
3	2	3	2	207	32
1	2	7	2	57	32
1	2	1	2	89	3
1	2	4	2	17	3
2	0	1	3	247	3
0	2	0	1	11	32
1	0	4	3	283	8
1	0	7	3	147	3
2	1	5	2	100	8
3	0	4	3	40	3
0	3	0	1	27	4
3	0	1	3	275	3
2	0	6	3	89	8
1	3	4	2	214	8
2	3	3	2	150	4
2	1	7	2	200	8
1	2	6	2	117	32
0	1	0	1	115	3
1	3	5	2	1	4
0	2	0	1	24	3
3	2	1	2	284	8
1	0	1	3	210	8
2	3	1	2	170	3
3	1	6	2	219	3
3	1	1	2	199	4
3	0	2	3	159	4
2	1	7	2	304	8
3	2	4	2	189	8
3	1	1	2	12	3
0	1	0	1	126	32
2	1	7	2	198	8
1	3	3	2	207	4
0	1	0	1	49	8
1	3	6	2	97	3
0	2	0	1	123	3
1	0	1	3	132	8
2	0	6	3	142	8
0	3	0	1	116	8
3	0	3	3	268	3
3	2	3	2	257	3
1	0	6	3	246	4
2	3	1	2	134	4
3	2	5	2	131	4
2	1	7	2	165	4
3	1	2	2	35	4
3	1	2	2	199	4
2	0	1	3	195	3
3	1	5	2	258	3
1	2	6	2	42	3
0	2	0	1	99	8
2	1	4	2	189	3
2	0	1	3	254	4
0	3	0	1	86	32
1	3	1	2	148	32
2	1	2	2	268	4
0	2	0	1	8	32
1	3	2	2	74	4
0	1	0	1	171	4
3	2	5	2	282	8
0	2	0	1	100	4
2	0	6	3	134	8
1	3	6	2	6	3
1	0	1	3	228	4
0	2	0	1	193	8
0	3	0	1	141	4
3	2	1	2	131	32
1	2	7	2	179	4
2	0	7	3	287	32
0	2	0	1	151	4
2	1	3	2	106	32
0	1	0	1	49	32
2	0	6	3	254	32
1	0	5	3	179	4
0	3	0	1	119	8
2	0	1	3	314	4
3	1	3	2	6	4
1	2	2	2	160	32
3	1	4	2	273	32
3	2	5	2	294	4
2	1	1	2	251	3
1	3	6	2	15	8
2	3	6	2	80	4
3	1	4	2	198	3
2	1	4	2	64	8
1	2	4	2	6	8
1	2	3	2	169	4
0	2	0	1	40	8
2	0	2	3	201	4
2	3	7	2	208	32
1	0	5	3	275	4
1	0	6	3	50	3
3	1	5	2	2	4
1	2	4	2	249	8
0	1	0	1	185	3
2	3	5	2	265	3
1	3	7	2	22	4
1	0	1	3	78	4
1	3	3	2	271	8
1	2	4	2	76	32
0	2	0	1	233	4
3	0	1	3	126	3
3	1	6	2	282	8
0	1	0	1	20	3
0	1	0	1	258	4
1	2	2	2	163	3
2	1	2	2	196	3
2	3	5	2	65	3
0	2	0	1	28	32
0	1	0	1	219	32
2	0	1	3	19	3
3	1	5	2	92	4
3	0	1	3	68	3
2	0	2	3	106	3
2	0	3	3	4	4
1	0	1	3	270	8
1	2	5	2	59	3
2	0	6	3	305	4
2	3	1	2	75	8
1	2	1	2	231	3
3	1	2	2	192	8
3	0	3	3	284	3
3	1	3	2	92	4
2	1	6	2	151	8
3	1	2	2	40	3
0	3	0	1	292	8
3	2	4	2	51	32
0	3	0	1	174	8
1	3	2	2	115	4
2	0	3	3	13	3
2	1	2	2	110	4
1	2	1	2	51	3
1	0	7	3	105	8
2	3	3	2	223	3
0	2	0	1	304	8
0	3	0	1	201	3
3	0	1	3	53	4
3	0	3	3	188	8
3	1	3	2	63	8
3	2	2	2	77	8
0	1	0	1	15	4
3	0	1	3	182	8
3	2	2	2	109	32
2	1	3	2	130	8
2	3	2	2	29	4
2	0	6	3	271	4
2	1	2	2	216	8
0	2	0	1	136	32
0	3	0	1	18	3
1	3	5	2	9	4
2	1	4	2	44	3
3	2	6	2	236	3
0	1	0	1	244	8
3	1	6	2	65	4
2	1	5	2	154	4
3	0	1	3	198	8
0	3	0	1	54	8
0	2	0	1	270	32
2	0	2	3	34	8
2	1	5	2	73	4
0	2	0	1	22	8
0	2	0	1	155	8
1	0	5	3	98	32
1	0	1	3	122	3
0	3	0	1	290	4
2	3	2	2	170	32
3	0	1	3	21	8
1	2	7	2	238	4
2	1	3	2	181	32
2	1	7	2	110	4
2	3	3	2	9	8
2	1	7	2	266	32
3	1	1	2	254	8
0	3	0	1	25	4
0	3	0	1	283	4
2	3	3	2	185	32
0	3	0	1	218	4
1	0	7	3	227	32
1	2	7	2	31	32
0	3	0	1	70	3
3	2	2	2	60	32
1	3	2	2	44	8
0	3	0	1	211	32
1	2	1	2	23	8
0	2	0	1	232	32
3	2	1	2	97	4
1	0	4	3	68	8
1	3	4	2	18	4
3	2	4	2	238	3
3	0	3	3	67	4
3	1	7	2	230	4
0	3	0	1	153	4
0	2	0	1	44	3
0	2	0	1	127	4
3	1	1	2	185	8
0	2	0	1	41	4
1	3	2	2	160	8
1	3	1	2	94	3
1	0	5	3	144	8
0	1	0	1	17	8
3	2	7	2	3	4
1	2	3	2	2	32
3	0	3	3	283	3
2	0	1	3	103	4
0	2	0	1	178	4
0	2	0	1	72	32
2	1	5	2	201	8
3	0	1	3	106	4
1	3	2	2	160	8
0	1	0	1	17	3
3	2	4	2	285	8
3	2	5	2	89	3
3	2	7	2	209	3
2	3	5	2	105	4
2	1	2	2	78	32
0	1	0	1	160	4
3	1	1	2	85	32
2	3	4	2	213	4
2	0	7	3	266	8
0	1	0	1	172	32
3	0	4	3	97	32
0	3	0	1	218	4
3	0	4	3	36	8
2	3	4	2	281	4
3	1	6	2	81	3
3	2	4	2	189	32
2	1	3	2	66	8
0	2	0	1	296	4
0	3	0	1	232	3
0	3	0	1	24	4
2	3	6	2	7	32
3	0	5	3	231	32
2	0	1	3	230	4
0	1	0	1	68	3
0	3	0	1	80	8
3	1	2	2	66	4
0	1	0	1	275	3
3	2	3	2	22	3
0	1	0	1	4	4
2	0	1	3	112	8
2	0	2	3	22	8
2	1	5	2	286	32
0	1	0	1	73	8
1	0	6	3	87	4
3	1	1	2	73	3
3	0	4	3	243	4
1	3	1	2	48	4
1	0	6	3	262	8
0	3	0	1	137	8
1	0	4	3	169	4
0	3	0	1	257	8
0	1	0	1	255	8
3	1	7	2	85	4
3	0	3	3	244	3
0	3	0	1	260	4
1	0	4	3	198	3
3	0	1	3	5	3
3	1	6	2	77	8
0	1	0	1	178	32
1	0	7	3	92	32
1	0	1	3	266	4
1	3	6	2	79	32
0	2	0	1	22	3
2	3	5	2	193	32
1	3	5	2	20	4
1	3	1	2	116	32
0	3	0	1	57	4
0	3	0	1	149	32
1	3	6	2	53	8
1	0	4	3	101	8
1	3	3	2	257	8
3	1	6	2	23	32
1	2	4	2	93	32
2	3	1	2	191	4
0	3	0	1	154	32
1	0	6	3	208	3
3	2	2	2	23	8
2	1	6	2	175	8
2	3	5	2	313	4
3	1	2	2	80	3
0	2	0	1	201	8
3	0	5	3	72	3
2	1	6	2	74	32
2	0	7	3	31	3
0	1	0	1	120	32
2	1	6	2	198	4
0	3	0	1	298	3
2	3	2	2	214	8
0	1	0	1	109	3
0	3	0	1	156	3
3	1	5	2	64	8
1	3	1	2	195	3
3	0	5	3	28	32
1	0	4	3	284	3
3	1	6	2	37	4
0	3	0	1	126	32
2	0	7	3	253	4
0	3	0	1	65	32
0	3	0	1	40	3
3	2	2	2	152	8
1	3	3	2	110	8
0	1	0	1	13	8
0	2	0	1	90	8
1	3	4	2	216	8
3	0	1	3	211	32
0	1	0	1	283	4
3	0	3	3	126	32
0	3	0	1	177	4
1	2	5	2	39	4
2	3	7	2	89	8
1	3	3	2	176	8
3	1	3	2	246	4
2	1	7	2	37	3
0	2	0	1	222	8
0	2	0	1	253	4
1	2	2	2	49	3
3	1	3	2	193	32
3	2	5	2	267	32
3	1	7	2	202	8
0	3	0	1	136	8
0	1	0	1	272	4
3	2	2	2	123	32
3	1	7	2	159	32
1	0	7	3	162	3
2	3	3	2	158	3
0	1	0	1	14	8
0	3	0	1	55	8
2	1	6	2	191	32
0	3	0	1	276	3
1	2	4	2	313	3
2	3	7	2	201	4
3	0	1	3	140	32
0	1	0	1	253	32
1	2	5	2	51	32
1	2	5	2	103	3
3	1	7	2	78	8
1	3	2	2	63	32
0	1	0	1	6	8
1	0	7	3	169	32
0	2	0	1	55	3
1	3	1	2	45	8
0	2	0	1	259	4
2	0	1	3	186	3
1	2	7	2	3	3
3	1	5	2	52	32
2	1	3	2	198	3
0	3	0	1	144	3
1	0	7	3	131	32
0	2	0	1	291	4
1	3	6	2	244	3
1	3	4	2	49	3
2	1	4	2	274	32
1	0	7	3	165	4
3	1	5	2	130	3
1	2	3	2	124	3
0	3	0	1	217	4
0	2	0	1	92	32
0	3	0	1	74	8
3	2	7	2	286	3
2	3	6	2	14	3
1	2	6	2	236	32
1	0	6	3	44	8
2	3	1	2	46	3
2	3	5	2	252	4
1	2	2	2	102	8
1	2	3	2	67	32
1	2	6	2	198	3
0	2	0	1	254	3
1	3	5	2	220	32
1	0	6	3	257	8
0	3	0	1	155	8
0	3	0	1	167	8
3	2	1	2	311	4
1	2	6	2	199	4
0	1	0	1	12	4
0	3	0	1	113	4
2	1	3	2	24	32
1	0	1	3	78	32
2	3	7	2	100	32
0	2	0	1	177	32
0	2	0	1	208	4
3	0	3	3	85	3
2	3	1	2	105	32
1	0	6	3	143	32
2	0	2	3	128	8
0	3	0	1	18	8
1	2	3	2	316	4
2	0	1	3	95	4
1	3	4	2	172	4
0	3	0	1	153	4
1	0	5	3	77	32
2	3	7	2	2	3
1	3	1	2	115	8
1	3	2	2	101	32
0	1	0	1	287	32
1	3	4	2	228	32
2	3	6	2	288	8
1	2	6	2	114	3
0	2	0	1	101	3
0	2	0	1	302	8
2	1	4	2	126	3
0	2	0	1	177	3
0	1	0	1	21	3
3	2	6	2	167	3
2	0	1	3	152	32
2	0	7	3	132	4
0	2	0	1	69	8
1	3	7	2	62	32
0	1	0	1	287	3
3	2	2	2	251	8
2	1	7	2	88	8
3	2	6	2	158	32
2	0	6	3	185	8
2	3	7	2	11	8
0	3	0	1	179	3
1	2	3	2	75	3
3	1	5	2	180	3
1	2	4	2	242	32
1	2	6	2	33	4
1	3	6	2	302	8
2	3	4	2	198	32
3	0	2	3	280	3
3	1	4	2	178	32
3	1	4	2	147	32
1	2	4	2	89	4
0	3	0	1	208	32
3	0	1	3	210	32
1	2	1	2	2	3
1	0	6	3	49	4
3	2	3	2	209	8
2	1	1	2	41	8
2	0	7	3	100	4
2	3	3	2	62	8
1	2	1	2	292	3
2	0	2	3	267	32
0	2	0	1	95	4
3	1	1	2	17	3
3	2	3	2	92	32
2	0	6	3	288	3
1	2	3	2	5	4
2	0	1	3	79	8
2	3	6	2	142	8
1	3	3	2	285	8
1	2	6	2	269	8
0	2	0	1	240	8
3	2	7	2	276	4
1	2	6	2	194	32
0	3	0	1	76	3
0	1	0	1	313	4
1	0	5	3	128	32
1	2	2	2	88	3
0	1	0	1	284	32
3	2	6	2	7	3
3	1	5	2	204	4
3	1	5	2	32	4
3	2	6	2	126	8
2	3	4	2	260	4
2	0	6	3	107	3
0	1	0	1	277	32
0	2	0	1	81	4
3	0	3	3	239	3
3	0	3	3	202	8
3	1	3	2	46	8
2	1	3	2	100	3
2	0	3	3	165	4
2	1	4	2	106	8
2	1	1	2	70	3
0	1	0	1	35	3
0	2	0	1	163	3
2	0	3	3	79	32
0	2	0	1	211	32
1	0	7	3	123	4
2	0	7	3	138	4
1	2	6	2	229	3
1	2	2	2	80	3
1	3	6	2	67	8
3	1	4	2	247	3
3	2	3	2	43	32
3	0	4	3	118	3
2	1	1	2	161	8
3	0	1	3	164	3
3	1	7	2	56	3
0	3	0	1	287	8
3	2	1	2	8	3
3	0	5	3	142	8
1	0	6	3	282	3
2	0	3	3	152	3
1	3	6	2	64	8
3	1	3	2	221	32
3	1	5	2	274	3
3	1	3	2	143	8
3	1	6	2	197	3
3	2	7	2	140	32
2	1	4	2	62	3
0	1	0	1	203	8
2	3	6	2	168	32
0	3	0	1	94	4
2	1	2	2	279	3
2	3	3	2	38	4
1	3	3	2	116	3
3	0	4	3	243	8
0	3	0	1	222	4
2	0	3	3	161	8
3	1	4	2	178	4
1	3	1	2	38	4
3	0	5	3	212	3
2	1	7	2	251	4
1	2	1	2	166	32
0	1	0	1	117	32
1	3	5	2	98	32
3	0	4	3	140	4
1	2	5	2	125	8
3	1	5	2	254	32
3	1	1	2	219	3
2	0	1	3	64	3
1	2	4	2	190	8
2	1	4	2	206	4
0	3	0	1	40	4
1	2	1	2	308	3
0	2	0	1	140	3
2	1	5	2	103	8
0	2	0	1	170	3
2	1	2	2	260	32
0	2	0	1	288	3
2	1	4	2	164	32
1	0	5	3	198	3
1	0	4	3	117	3
1	0	5	3	282	8
1	2	4	2	8	8
1	3	7	2	134	32
0	2	0	1	291	3
1	3	2	2	120	3
2	3	6	2	65	4
3	1	5	2	171	3
0	2	0	1	41	32
3	1	5	2	28	3
3	1	5	2	216	32
0	1	0	1	155	4
2	0	3	3	180	8
0	1	0	1	44	32
2	3	6	2	47	3
2	3	3	2	47	32
2	1	1	2	118	3
1	3	2	2	106	8
0	2	0	1	222	4
0	2	0	1	18	3
2	3	6	2	161	32
2	3	2	2	109	8
3	2	1	2	218	3
2	3	5	2	281	3
2	0	6	3	286	8
0	2	0	1	42	32
0	3	0	1	74	8
1	2	2	2	211	8
0	2	0	1	193	3
0	3	0	1	141	4
0	2	0	1	61	8
0	2	0	1	15	32
3	0	5	3	245	8
1	2	7	2	68	4
3	0	1	3	236	4
2	3	5	2	210	8
0	1	0	1	191	8
0	3	0	1	203	32
3	0	4	3	218	4
0	1	0	1	165	3
1	3	6	2	170	3
2	0	1	3	310	8
2	3	2	2	272	8
1	3	5	2	188	32
3	0	5	3	160	4
1	0	7	3	230	4
2	1	2	2	162	3
0	2	0	1	220	8
1	0	5	3	135	4
3	1	3	2	45	3
1	3	7	2	276	4
3	0	5	3	270	4
1	3	2	2	126	4
2	0	7	3	20	4
1	0	5	3	44	32
2	0	7	3	118	3
0	1	0	1	49	4
0	3	0	1	33	3
0	1	0	1	259	32
3	2	6	2	115	8
3	0	2	3	75	32
3	2	4	2	278	4
0	1	0	1	15	4
0	1	0	1	124	32
0	2	0	1	108	8
1	2	4	2	19	32
1	0	7	3	130	4
0	1	0	1	193	3
3	2	2	2	161	4
1	2	7	2	127	32
3	0	2	3	310	4
1	0	6	3	186	3
2	0	3	3	88	4
1	3	3	2	163	32
0	2	0	1	191	4
0	2	0	1	168	32
2	1	4	2	235	32
2	0	7	3	19	4
0	3	0	1	64	32
1	3	1	2	58	3
0	3	0	1	188	4
1	0	7	3	215	3
2	1	7	2	56	8
3	0	1	3	39	32
0	2	0	1	316	4
2	3	1	2	276	8
2	0	2	3	105	4
3	2	1	2	246	3
1	3	1	2	81	32
2	3	5	2	55	4
2	0	3	3	168	32
1	2	3	2	62	32
2	3	1	2	28	8
2	3	5	2	148	4
0	2	0	1	244	8
1	2	4	2	167	4
2	3	2	2	225	4
2	3	3	2	239	3
2	0	2	3	110	4
1	0	5	3	213	4
0	3	0	1	269	32
1	3	2	2	94	32
1	2	2	2	103	3
3	1	4	2	277	8
1	0	7	3	140	8
2	1	3	2	206	3
1	0	5	3	72	8
0	1	0	1	246	32
0	1	0	1	262	32
0	2	0	1	283	3
0	2	0	1	18	3
1	3	4	2	180	32
1	0	1	3	22	8
3	1	6	2	130	4
0	2	0	1	193	32
0	2	0	1	27	4
2	1	4	2	240	8
2	0	6	3	264	4
0	3	0	1	256	3
3	2	6	2	232	8
2	0	7	3	304	4
2	3	5	2	257	3
0	3	0	1	229	3
1	3	7	2	1	4
2	0	2	3	108	3
1	2	3	2	112	32
1	3	2	2	55	32
1	0	5	3	311	4
0	3	0	1	195	4
3	0	2	3	52	4
1	3	5	2	220	8
3	1	3	2	203	8
0	3	0	1	287	32
2	3	3	2	121	3
3	1	1	2	276	4
3	2	7	2	171	8
1	2	4	2	23	4
0	1	0	1	160	32
1	0	1	3	78	32
2	0	3	3	134	8
3	0	3	3	306	4
2	3	6	2	55	32
2	3	4	2	27	3
1	0	1	3	86	8
2	3	3	2	198	4
1	2	1	2	95	8
3	1	7	2	276	8
0	1	0	1	218	32
1	3	6	2	258	8
1	2	6	2	169	3
3	0	4	3	305	8
3	1	1	2	106	32
1	0	5	3	11	8
0	2	0	1	204	8
1	3	1	2	194	8
0	3	0	1	70	8
3	2	7	2	159	32
3	1	1	2	230	4
2	3	3	2	161	4
3	0	3	3	88	4
0	1	0	1	241	8
2	3	1	2	235	8
0	3	0	1	281	8
2	1	6	2	125	8
1	0	6	3	272	3
2	1	3	2	128	32
2	3	6	2	268	3
0	2	0	1	163	3
2	0	2	3	64	3
1	2	5	2	228	3
2	1	4	2	122	4
1	2	4	2	60	8
0	3	0	1	50	4
0	2	0	1	155	3
0	3	0	1	0	3
0	2	0	1	255	8
1	3	6	2	25	4
1	0	7	3	179	8
0	1	0	1	194	32
2	3	3	2	287	8
0	2	0	1	166	4
1	3	1	2	165	8
2	1	3	2	125	3
0	2	0	1	55	32
1	2	2	2	304	4
2	3	5	2	64	3
2	3	2	2	10	3
0	2	0	1	272	8
3	2	1	2	233	4
0	1	0	1	234	8
3	2	3	2	269	8
0	2	0	1	282	32
0	3	0	1	208	8
1	3	4	2	134	32
1	2	6	2	187	8
1	0	5	3	108	4
0	1	0	1	212	8
1	0	7	3	272	3
2	0	1	3	116	8
0	2	0	1	160	4
2	0	2	3	285	4
1	0	1	3	174	3
3	1	4	2	50	3
1	2	1	2	110	32
0	3	0	1	0	4
3	2	4	2	184	32
2	0	1	3	296	8
2	0	2	3	119	4
0	3	0	1	267	32
3	2	2	2	217	3
2	0	7	3	268	32
2	0	1	3	278	8
2	1	2	2	57	8
0	1	0	1	124	8
2	0	2	3	48	3
3	1	2	2	196	3
2	0	3	3	92	8
0	2	0	1	131	8
0	3	0	1	11	4
0	3	0	1	16	3
2	1	6	2	10	32
1	0	5	3	73	4
2	1	7	2	96	8
3	0	1	3	250	32
2	0	6	3	172	3
0	3	0	1	172	3
3	0	5	3	218	8
0	1	0	1	266	4
3	1	2	2	79	32
2	3	1	2	288	32
2	3	4	2	199	32
0	1	0	1	200	8
2	0	2	3	217	3
3	0	1	3	150	4
1	2	7	2	242	3
0	2	0	1	287	8
2	0	7	3	78	32
0	2	0	1	73	4
3	1	4	2	268	32
3	0	2	3	288	4
0	2	0	1	117	4
0	2	0	1	242	8
3	1	5	2	264	4
0	2	0	1	13	32
1	3	1	2	98	8
1	3	4	2	208	8
0	2	0	1	104	8
0	2	0	1	3	32
3	2	3	2	166	4
2	3	4	2	236	3
2	3	6	2	231	32
3	2	6	2	144	32
1	3	5	2	70	8
2	3	2	2	64	3
0	2	0	1	103	4
3	0	3	3	295	3
1	3	4	2	316	3
1	2	1	2	175	8
0	2	0	1	126	4
0	3	0	1	200	32
1	2	2	2	68	8
0	2	0	1	227	4
3	2	6	2	264	4
3	1	7	2	149	4
3	1	2	2	159	8
0	3	0	1	229	32
2	1	1	2	246	8
2	1	7	2	44	3
0	2	0	1	311	3
2	0	2	3	12	4
1	0	1	3	260	8
0	1	0	1	27	8
1	0	5	3	212	32
3	0	5	3	156	32
0	3	0	1	108	32
2	3	7	2	13	8
3	1	3	2	120	32
1	0	4	3	307	4
0	2	0	1	123	4
3	1	3	2	195	8
0	2	0	1	61	32
0	1	0	1	31	4
3	0	2	3	189	3
1	2	5	2	205	3
0	1	0	1	220	8
3	2	6	2	71	8
3	0	5	3	119	4
0	3	0	1	305	4
3	2	3	2	186	32
1	3	6	2	143	3
3	0	1	3	22	32
3	1	5	2	168	32
3	2	2	2	244	8
1	3	2	2	284	4
0	3	0	1	288	32
0	1	0	1	287	32
2	0	6	3	182	32
3	1	4	2	143	8
0	3	0	1	168	4
2	3	1	2	32	8
1	2	1	2	181	8
2	1	3	2	303	4
0	3	0	1	263	3
1	3	2	2	197	4
0	2	0	1	77	8
0	1	0	1	37	4
0	2	0	1	276	4
0	2	0	1	239	8
0	3	0	1	50	3
0	3	0	1	69	32
0	1	0	1	9	32
3	0	4	3	60	3
3	0	4	3	245	4
3	1	6	2	229	4
1	2	2	2	230	3
3	1	3	2	162	4
2	1	3	2	192	32
0	1	0	1	307	3
3	1	2	2	304	8
0	3	0	1	167	4
1	3	5	2	125	4
3	2	2	2	190	8
0	2	0	1	284	3
0	1	0	1	169	8
0	1	0	1	137	8
3	1	6	2	80	32
3	0	2	3	144	8
3	1	2	2	201	8
3	2	2	2	147	3
2	1	2	2	51	8
2	0	1	3	240	4
3	0	5	3	157	3
1	3	5	2	222	8
2	0	7	3	114	8
0	1	0	1	316	4
2	3	1	2	127	32
1	2	6	2	147	8
0	2	0	1	68	32
1	3	2	2	106	4
2	3	7	2	125	32
1	3	6	2	102	8
3	1	1	2	277	8
1	0	6	3	98	3
1	0	7	3	78	8
0	2	0	1	264	32
1	2	5	2	237	4
2	1	7	2	129	8
1	2	4	2	71	4
3	0	4	3	127	8
3	2	7	2	4	3
0	2	0	1	26	32
2	3	2	2	117	8
0	2	0	1	66	3
3	1	1	2	101	4
2	0	3	3	297	3
0	3	0	1	66	8
0	3	0	1	86	32
3	1	5	2	271	8
0	1	0	1	141	8
0	1	0	1	134	4
2	3	7	2	64	4
0	2	0	1	315	4
2	0	7	3	9	32
1	2	6	2	65	3
0	1	0	1	228	4
1	3	4	2	100	4
1	2	4	2	145	8
2	0	7	3	118	8
3	0	4	3	294	4
2	3	5	2	13	32
2	0	1	3	268	4
3	2	7	2	11	32
1	2	4	2	162	8
3	0	5	3	91	32
1	0	6	3	235	3
2	1	2	2	84	3
2	3	1	2	45	3
3	1	7	2	254	8
0	3	0	1	53	3
3	0	4	3	131	8
2	3	7	2	188	8
2	3	3	2	231	3
0	3	0	1	76	8
3	0	5	3	18	8
1	0	5	3	214	3
3	0	4	3	190	3
0	3	0	1	91	32
2	3	6	2	174	32
0	3	0	1	270	8
3	1	7	2	119	4
1	2	3	2	1	8
1	3	1	2	141	8
1	2	4	2	292	3
2	0	6	3	136	3
3	0	3	3	2	3
0	3	0	1	108	32
1	2	1	2	189	4
3	1	3	2	254	3
3	1	7	2	183	32
2	1	3	2	286	4
0	3	0	1	66	3
3	1	5	2	105	32
3	2	7	2	106	4
1	0	4	3	268	4
1	0	7	3	269	4
3	0	2	3	91	8
0	3	0	1	211	4
0	1	0	1	215	8
2	0	6	3	4	4
2	0	7	3	219	3
3	0	3	3	33	8
2	3	2	2	226	32
2	1	3	2	259	3
1	0	1	3	80	32
0	1	0	1	6	4
3	1	5	2	156	32
1	2	1	2	5	8
2	0	1	3	218	4
0	1	0	1	169	8
3	2	1	2	156	4
1	2	2	2	97	32
3	1	1	2	250	32
2	3	2	2	153	8
0	3	0	1	173	3
1	2	7	2	90	4
1	3	4	2	309	3
3	0	2	3	305	4
0	2	0	1	225	8
1	3	4	2	239	3
0	3	0	1	147	32
1	0	4	3	54	8
1	3	3	2	271	8
3	2	1	2	273	8
0	3	0	1	96	4
0	3	0	1	308	4
0	1	0	1	108	3
2	0	1	3	258	8
2	3	6	2	143	8
2	1	7	2	225	4
1	0	7	3	214	4
3	2	1	2	129	4
2	1	1	2	187	3
0	2	0	1	220	3
2	3	6	2	118	32
3	0	3	3	74	3
0	2	0	1	269	32
0	3	0	1	92	8
2	0	6	3	3	32
1	2	2	2	237	8
2	0	7	3	137	8
2	0	7	3	44	4
0	3	0	1	24	8
1	3	4	2	99	8
2	3	5	2	103	8
1	2	6	2	34	32
3	2	5	2	206	4
3	0	3	3	106	3
2	0	1	3	255	3
1	0	1	3	299	3
1	0	4	3	182	3
0	3	0	1	214	3
0	2	0	1	128	3
3	1	3	2	278	3
3	2	6	2	249	3
2	0	3	3	145	8
3	2	2	2	57	4
0	2	0	1	186	8
0	3	0	1	266	32
2	3	6	2	271	3
1	2	7	2	75	8
3	2	7	2	144	8
0	3	0	1	284	4
2	3	4	2	122	3
3	1	2	2	299	8
2	1	4	2	137	3
2	0	6	3	61	3
2	1	5	2	244	3
0	3	0	1	109	4
0	1	0	1	122	32
2	0	3	3	169	32
3	2	5	2	109	4
2	1	6	2	76	4
0	2	0	1	166	3
2	3	2	2	219	32
1	0	1	3	249	4
2	1	7	2	21	32
2	0	6	3	144	8
1	2	2	2	71	32
1	3	7	2	259	32
1	2	3	2	96	32
1	0	1	3	17	3
2	1	1	2	37	4
0	1	0	1	73	32
1	0	1	3	267	32
1	3	2	2	137	8
1	0	1	3	287	3
3	0	3	3	172	8
3	0	5	3	12	32
3	0	1	3	91	4
0	2	0	1	232	4
1	0	5	3	253	3
1	0	1	3	76	8
3	1	3	2	0	3
1	3	4	2	144	3
0	2	0	1	62	3
1	2	5	2	101	4
1	0	5	3	207	3
2	3	4	2	164	32
2	3	7	2	225	32
2	1	6	2	28	3
2	0	3	3	105	3
1	0	6	3	125	8
0	1	0	1	117	32
2	3	5	2	236	32
3	2	6	2	45	4
0	3	0	1	125	8
3	0	1	3	224	32
1	0	1	3	44	32
2	3	5	2	88	8
1	3	3	2	2	3
0	1	0	1	55	3
3	2	1	2	101	32
0	1	0	1	240	32
1	2	3	2	236	3
0	2	0	1	226	4
1	2	1	2	70	3
2	3	2	2	48	3
2	0	3	3	215	8
1	0	5	3	75	3
3	0	5	3	231	3
2	3	4	2	183	8
2	1	1	2	140	3
1	0	1	3	64	32
0	3	0	1	210	4
0	2	0	1	125	32
0	1	0	1	41	32
0	3	0	1	166	4
1	0	6	3	267	4
0	2	0	1	80	3
3	1	2	2	32	32
2	3	4	2	98	3
2	3	2	2	75	3
3	2	4	2	175	3
2	1	3	2	176	4
2	3	5	2	207	8
2	0	2	3	240	3
2	3	3	2	31	3
3	2	4	2	296	8
0	2	0	1	80	8
1	0	4	3	295	3
0	1	0	1	161	4
2	3	4	2	264	4
1	0	7	3	76	4
1	3	1	2	47	4
3	0	3	3	185	4
0	1	0	1	138	32
2	0	3	3	240	32
1	0	4	3	252	8
2	0	1	3	253	3
2	1	1	2	41	8
2	3	7	2	73	8
3	0	1	3	297	8
2	3	6	2	15	8
3	0	4	3	309	8
2	3	4	2	78	3
1	2	4	2	79	32
0	1	0	1	151	32
1	3	7	2	270	8
2	3	3	2	293	3
0	3	0	1	85	8
1	3	3	2	83	4
2	3	1	2	87	3
2	3	5	2	172	8
2	0	3	3	263	8
2	3	4	2	85	3
0	3	0	1	110	3
3	1	7	2	46	4
2	3	4	2	213	8
0	2	0	1	236	4
2	3	7	2	210	32
2	3	6	2	180	8
2	1	6	2	99	4
1	2	3	2	203	32
2	3	7	2	282	4
1	0	4	3	265	3
2	3	5	2	62	4
0	3	0	1	15	8
1	2	6	2	218	4
0	3	0	1	214	8
2	0	1	3	278	32
2	0	6	3	245	4
2	1	1	2	121	8
2	3	4	2	202	4
3	1	7	2	189	3
0	2	0	1	47	32
1	3	3	2	19	3
2	3	5	2	224	32
3	0	1	3	278	4
1	3	5	2	45	32
0	3	0	1	221	8
1	3	1	2	243	8
2	0	2	3	33	4
2	1	5	2	278	4
3	0	4	3	273	3
2	0	6	3	96	32
3	0	5	3	257	4
2	3	1	2	17	3
3	1	7	2	179	4
1	3	6	2	218	32
2	1	5	2	256	4
2	0	3	3	2	32
2	3	5	2	272	8
1	0	5	3	252	3
1	0	7	3	127	3
2	0	6	3	39	32
2	0	1	3	150	32
1	2	1	2	189	8
1	3	5	2	158	3
3	1	3	2	27	32
0	2	0	1	162	4
1	3	5	2	199	3
1	2	3	2	117	4
1	2	2	2	35	8
0	2	0	1	199	3
0	3	0	1	282	8
1	2	4	2	236	32
3	2	3	2	164	4
1	3	5	2	216	4
1	2	7	2	304	8
1	2	6	2	130	3
1	0	7	3	248	8
3	1	6	2	254	4
1	2	6	2	143	4
3	1	4	2	229	8
1	2	5	2	122	32
3	0	2	3	213	4
3	0	3	3	182	3
0	2	0	1	231	3
2	0	3	3	299	8
3	1	7	2	226	8
0	1	0	1	261	4
1	0	6	3	3	4
0	2	0	1	16	3
2	1	2	2	253	32
3	1	2	2	120	32
3	2	7	2	146	3
0	1	0	1	303	3
3	2	1	2	292	8
3	0	1	3	20	32
3	2	3	2	294	4
3	0	2	3	79	3
3	0	4	3	274	4
1	2	4	2	55	3
2	0	3	3	210	4
2	1	6	2	261	4
3	2	7	2	161	3
1	3	3	2	173	32
1	2	2	2	212	3
3	2	1	2	268	8
0	2	0	1	148	32
3	1	4	2	216	3
0	2	0	1	106	4
0	3	0	1	190	4
3	0	5	3	198	8
2	0	3	3	205	8
3	1	3	2	256	32
2	0	7	3	163	8
2	0	3	3	141	4
3	0	1	3	154	8
3	2	4	2	60	4
1	0	4	3	26	4
2	3	4	2	158	32
1	0	7	3	169	4
0	2	0	1	193	8
1	0	5	3	190	3
0	1	0	1	166	4
1	2	1	2	264	3
2	0	3	3	234	32
1	3	5	2	281	3
2	0	2	3	103	32
1	3	4	2	81	3
2	0	7	3	229	4
3	2	5	2	104	8
1	3	5	2	83	3
2	0	1	3	128	3
0	1	0	1	154	3
2	1	1	2	34	8
1	2	4	2	62	4
2	0	6	3	201	3
1	3	2	2	159	4
1	3	3	2	80	3
3	0	1	3	114	3
1	2	7	2	204	8
2	1	4	2	28	4
2	3	3	2	275	8
3	2	2	2	159	32
1	2	4	2	115	32
2	0	1	3	227	3
2	3	1	2	223	32
1	3	1	2	75	3
2	1	2	2	202	4
0	1	0	1	67	3
2	0	7	3	112	3
0	3	0	1	264	3
2	3	6	2	242	32
1	3	5	2	116	4
1	2	4	2	47	4
3	1	1	2	76	8
0	2	0	1	293	8
3	0	3	3	84	8
1	2	3	2	63	4
2	1	3	2	137	3
1	3	6	2	268	8
0	2	0	1	204	4
1	2	5	2	119	3
1	0	5	3	107	3
0	1	0	1	51	4
3	1	4	2	50	4
2	0	6	3	169	4
0	3	0	1	1	8
0	3	0	1	111	4
1	2	4	2	60	32
0	2	0	1	311	4
0	3	0	1	306	8
0	2	0	1	24	8
2	1	6	2	174	32
2	1	7	2	109	3
2	1	1	2	155	32
1	3	6	2	61	3
1	0	6	3	106	32
0	2	0	1	251	4
0	2	0	1	276	3
3	0	2	3	152	4
3	0	5	3	131	4
3	2	3	2	249	8
1	0	1	3	260	3
3	1	1	2	287	32
0	1	0	1	113	4
0	3	0	1	205	8
1	0	6	3	214	4
1	3	2	2	84	32
0	3	0	1	176	4
0	3	0	1	163	4
3	2	6	2	70	8
0	3	0	1	82	4
2	3	5	2	190	3
1	3	7	2	80	32
3	1	6	2	310	8
1	3	5	2	47	8
0	2	0	1	153	3
3	2	1	2	238	3
3	1	1	2	231	8
1	0	7	3	277	4
3	1	2	2	216	32
1	2	7	2	262	4
2	0	3	3	226	32
1	0	4	3	50	8
2	3	1	2	40	8
1	2	3	2	81	3
1	2	6	2	184	4
1	3	7	2	73	3
2	0	1	3	217	4
2	0	1	3	229	32
3	1	1	2	265	4
2	1	6	2	78	4
3	0	4	3	160	8
3	2	7	2	16	32
2	1	3	2	11	32
2	0	2	3	20	32
2	3	4	2	31	3
0	2	0	1	274	32
0	2	0	1	163	8
1	2	5	2	72	3
3	0	2	3	70	8
2	3	6	2	63	3
1	3	6	2	103	3
3	2	1	2	172	32
3	2	4	2	271	8
0	2	0	1	2	32
3	2	5	2	263	4
0	3	0	1	178	4
0	1	0	1	238	32
0	1	0	1	238	3
1	3	5	2	294	4
3	2	6	2	118	4
0	1	0	1	36	3
1	2	3	2	55	4
3	0	5	3	236	8
3	0	1	3	82	3
1	3	6	2	2	4
2	0	3	3	275	3
3	2	2	2	21	32
0	3	0	1	108	8
3	0	4	3	204	4
0	1	0	1	93	32
0	1	0	1	101	8
2	0	2	3	283	4
0	3	0	1	88	32
3	0	1	3	127	32
2	0	6	3	105	4
0	3	0	1	166	4
2	0	6	3	113	8
3	2	4	2	74	4
0	1	0	1	176	3
0	3	0	1	110	8
3	2	3	2	191	4
2	1	5	2	80	32
2	3	1	2	152	8
0	2	0	1	73	3
2	3	7	2	13	8
1	2	3	2	110	32
2	3	3	2	128	3
3	0	5	3	178	8
1	0	5	3	203	8
1	3	4	2	136	8
3	2	2	2	299	3
0	1	0	1	73	3
1	3	4	2	88	3
3	1	2	2	96	8
1	0	4	3	147	3
3	0	5	3	37	8
1	3	1	2	90	32
0	2	0	1	63	3
3	0	3	3	111	3
3	0	1	3	213	8
2	3	3	2	58	4
2	1	1	2	227	8
1	2	3	2	104	3
1	2	2	2	296	4
2	3	5	2	123	32
3	2	1	2	146	4
0	1	0	1	210	32
1	3	3	2	70	4
1	0	7	3	28	3
2	3	7	2	211	3
0	1	0	1	299	3
3	2	2	2	114	4
0	2	0	1	259	8
2	1	3	2	91	8
2	3	3	2	157	8
2	0	7	3	179	32
2	3	2	2	144	3
2	0	7	3	34	32
3	2	5	2	143	3
0	3	0	1	173	4
3	2	2	2	307	3
2	3	1	2	267	32
0	2	0	1	35	4
1	3	2	2	15	3
3	1	7	2	47	3
0	2	0	1	139	4
1	2	3	2	243	3
2	3	6	2	214	8
2	3	6	2	215	4
3	2	1	2	184	8
3	2	4	2	222	4
3	2	4	2	138	3
3	0	5	3	228	3
3	2	4	2	130	32
2	0	1	3	102	8
2	1	2	2	121	3
0	1	0	1	134	32
3	2	6	2	33	32
0	1	0	1	53	8
1	0	6	3	214	4
0	1	0	1	148	3
2	3	4	2	39	3
3	0	2	3	38	8
2	1	7	2	295	4
2	3	4	2	284	4
1	2	4	2	279	4
0	2	0	1	241	3
1	0	6	3	63	4
1	3	5	2	31	8
1	0	6	3	93	4
2	3	3	2	255	32
0	1	0	1	0	4
2	1	3	2	310	8
1	0	5	3	169	3
2	0	2	3	95	4
3	1	4	2	65	3
0	3	0	1	45	4
1	0	7	3	23	3
2	0	3	3	127	8
2	0	1	3	27	4
0	3	0	1	213	3
2	1	6	2	232	4
1	3	3	2	304	4
1	3	3	2	68	32
0	3	0	1	93	4
1	2	5	2	146	32
2	1	3	2	110	4
0	3	0	1	105	4
2	0	6	3	69	4
1	3	4	2	64	32
3	0	5	3	62	8
2	1	1	2	154	32
1	0	7	3	288	8
0	3	0	1	61	4
1	0	5	3	148	32
3	1	3	2	112	3
2	0	1	3	294	4
1	2	6	2	27	8
0	3	0	1	154	3
0	2	0	1	62	8
1	0	7	3	8	32
0	1	0	1	235	3
1	0	1	3	139	8
0	1	0	1	232	4
1	0	6	3	248	4
2	1	7	2	176	3
2	1	4	2	54	3
1	2	4	2	117	3
3	0	3	3	251	32
0	3	0	1	43	3
3	1	6	2	107	32
1	2	4	2	218	3
1	3	5	2	162	32
2	3	5	2	2	3
3	0	2	3	43	3
3	2	5	2	119	8
2	3	1	2	17	4
2	0	6	3	285	3
3	1	1	2	36	32
2	1	5	2	268	32
1	2	7	2	213	8
0	3	0	1	164	32
1	3	7	2	44	8
0	2	0	1	283	3
0	1	0	1	181	3
3	0	1	3	97	4
1	3	3	2	24	3
1	3	6	2	277	3
0	2	0	1	10	3
2	0	3	3	84	8
0	1	0	1	181	8
3	0	2	3	309	4
2	1	3	2	214	8
2	3	3	2	274	4
1	3	4	2	131	4
2	1	1	2	36	32
0	3	0	1	64	32
3	2	2	2	46	3
2	3	5	2	180	3
1	0	4	3	304	4
2	1	6	2	255	32
2	0	2	3	292	8
1	0	1	3	275	32
1	2	1	2	125	3
0	1	0	1	225	8
1	3	6	2	164	3
3	2	1	2	215	32
1	3	6	2	6	3
2	1	4	2	290	3
2	0	7	3	52	4
2	0	2	3	212	3
2	0	1	3	39	4
2	3	7	2	91	3
0	1	0	1	88	32
3	1	1	2	297	3
2	0	1	3	165	4
0	2	0	1	0	32
2	0	6	3	237	3
3	2	4	2	44	4
3	1	5	2	16	4
2	0	3	3	235	4
1	0	5	3	296	8
0	1	0	1	273	32
0	1	0	1	21	8
1	3	2	2	231	4
2	1	6	2	298	8
2	1	3	2	54	32
2	0	3	3	247	32
2	1	7	2	7	8
0	1	0	1	202	4
0	2	0	1	291	8
1	2	4	2	42	3
2	3	1	2	264	4
0	3	0	1	131	32
2	0	1	3	121	8
1	3	5	2	153	3
0	3	0	1	144	4
2	3	4	2	249	32
3	2	6	2	183	8
2	1	7	2	185	3
1	0	1	3	107	8
3	0	1	3	150	8
1	0	5	3	309	3
3	1	2	2	23	8
2	1	5	2	143	32
1	2	3	2	261	32
1	3	5	2	232	4
1	0	6	3	189	4
1	2	5	2	99	4
1	3	3	2	186	32
2	1	2	2	276	32
1	2	3	2	24	8
0	1	0	1	92	4
3	0	2	3	113	3
3	1	7	2	44	4
1	3	7	2	259	8
2	0	2	3	71	8
1	0	4	3	128	3
1	0	4	3	14	4
0	2	0	1	120	3
2	1	5	2	36	3
0	2	0	1	112	4
1	3	6	2	75	32
0	3	0	1	160	3
1	2	4	2	67	8
2	0	2	3	121	4
3	0	3	3	174	4
1	2	1	2	188	3
1	2	7	2	171	32
0	2	0	1	58	8
3	1	7	2	74	8
3	2	5	2	7	32
3	2	3	2	293	3
1	0	7	3	54	3
0	2	0	1	86	4
1	0	5	3	132	3
3	1	4	2	56	32
1	3	1	2	15	8
3	1	6	2	71	3
1	3	7	2	311	3
0	1	0	1	312	8
2	1	4	2	282	8
3	1	4	2	234	4
3	0	2	3	229	32
2	3	3	2	316	3
0	1	0	1	219	4
2	1	1	2	173	32
1	3	6	2	250	8
0	3	0	1	244	8
0	3	0	1	136	8
3	2	7	2	201	32
3	0	2	3	283	32
2	3	5	2	18	4
1	2	7	2	93	8
0	3	0	1	13	8
1	2	4	2	195	3
1	2	6	2	239	3
2	1	7	2	157	4
3	1	1	2	112	8
1	0	4	3	55	4
2	0	7	3	247	8
1	2	7	2	164	4
1	0	6	3	153	32
1	3	3	2	287	4
2	3	1	2	267	3
0	2	0	1	66	4
3	0	4	3	46	8
3	2	5	2	129	8
1	2	7	2	145	3
2	0	7	3	145	32
1	3	5	2	79	3
2	0	2	3	136	32
0	2	0	1	46	32
3	2	4	2	108	3
0	1	0	1	233	32
0	2	0	1	10	8
1	2	3	2	185	4
2	3	4	2	241	32
2	1	4	2	9	3
2	1	1	2	61	3
2	3	1	2	71	3
0	3	0	1	9	8
1	3	4	2	239	32
2	3	2	2	285	3
0	2	0	1	212	3
2	1	7	2	222	3
1	0	5	3	24	4
1	3	5	2	243	32
0	3	0	1	72	3
2	1	5	2	68	32
0	2	0	1	281	8
3	0	2	3	122	32
2	3	5	2	313	3
2	3	4	2	51	8
2	3	5	2	286	32
1	3	5	2	76	3
2	3	1	2	158	4
3	2	4	2	109	3
2	3	6	2	6	3
0	2	0	1	170	3
0	3	0	1	265	32
1	0	4	3	86	4
1	0	5	3	266	4
1	0	5	3	5	4
1	0	5	3	39	32
2	0	1	3	117	8
0	1	0	1	87	3
3	2	5	2	27	32
1	0	7	3	248	8
3	1	4	2	104	32
1	2	2	2	96	3
1	0	4	3	158	4
1	2	4	2	115	8
3	0	5	3	171	8
0	1	0	1	150	4
0	2	0	1	116	32
2	3	4	2	99	3
0	3	0	1	71	32
1	0	6	3	176	4
1	0	5	3	49	4
0	2	0	1	203	8
2	0	1	3	147	32
3	2	7	2	117	8
2	0	7	3	61	3
3	0	1	3	38	4
2	1	6	2	196	32
0	3	0	1	204	8
0	1	0	1	151	8
2	3	4	2	264	32
1	0	1	3	204	4
0	1	0	1	232	3
1	3	5	2	21	4
0	1	0	1	127	32
1	2	2	2	29	3
3	0	4	3	115	8
0	1	0	1	180	3
0	2	0	1	161	32
2	1	2	2	32	8
2	0	7	3	232	32
3	0	3	3	307	3
0	1	0	1	90	8
0	2	0	1	270	3
1	3	1	2	110	4
0	3	0	1	113	32
1	2	5	2	189	32
3	1	4	2	10	8
1	2	1	2	135	32
3	0	4	3	88	4
1	2	2	2	129	3
0	2	0	1	219	32
3	0	3	3	311	3
2	1	6	2	96	32
1	0	1	3	37	32
0	2	0	1	54	3
1	2	4	2	135	3
0	1	0	1	22	4
0	3	0	1	166	3
1	3	4	2	61	3
2	3	5	2	51	4
0	1	0	1	297	3
1	0	1	3	62	32
2	0	2	3	76	8
0	3	0	1	76	3
0	3	0	1	243	32
2	1	4	2	188	3
1	0	1	3	131	4
3	0	5	3	136	4
3	2	3	2	284	32
2	3	3	2	288	8
3	0	3	3	143	8
0	1	0	1	303	8
3	0	3	3	222	32
1	2	2	2	312	4
2	1	1	2	203	4
3	0	4	3	285	8
0	3	0	1	33	3
2	3	2	2	204	4
3	2	7	2	158	4
2	0	2	3	202	32
3	2	7	2	134	4
3	2	1	2	46	3
1	3	3	2	186	3
3	1	7	2	126	3
0	1	0	1	232	8
3	1	3	2	9	32
2	3	5	2	17	3
0	2	0	1	26	8
3	2	3	2	268	8
3	0	4	3	33	32
2	3	6	2	236	4
0	3	0	1	181	32
1	2	3	2	203	3
1	3	3	2	73	3
1	2	4	2	96	32
0	3	0	1	187	4
2	1	5	2	234	8
2	0	6	3	158	3
0	2	0	1	190	3
2	1	1	2	73	3
1	3	1	2	184	4
1	2	6	2	23	32
3	1	6	2	88	32
0	3	0	1	168	8
3	1	2	2	125	4
3	2	2	2	105	4
0	3	0	1	100	4
1	3	3	2	146	3
0	2	0	1	93	8
0	2	0	1	196	32
0	1	0	1	21	4
0	3	0	1	18	32
2	0	1	3	131	8
2	0	1	3	53	32
3	1	5	2	8	8
3	1	2	2	0	4
3	0	5	3	114	4
1	3	2	2	94	32
0	2	0	1	223	4
2	1	5	2	83	4
3	0	4	3	142	3
2	1	3	2	308	4
3	0	5	3	83	4
2	3	6	2	180	3
0	3	0	1	256	3
2	1	2	2	86	4
2	1	6	2	195	32
0	2	0	1	166	32
1	3	6	2	224	4
2	0	7	3	55	32
0	2	0	1	244	4
3	1	1	2	155	3
1	0	4	3	312	4
2	1	6	2	195	8
2	1	7	2	34	32
3	2	1	2	315	4
0	2	0	1	88	4
0	2	0	1	179	3
1	2	6	2	29	8
2	3	2	2	56	4
3	2	7	2	242	4
0	2	0	1	278	32
3	1	1	2	123	4
3	1	1	2	255	32
3	0	3	3	1	32
3	0	5	3	168	4
2	0	3	3	243	8
2	0	1	3	65	3
2	3	4	2	52	8
0	2	0	1	286	32
2	3	1	2	122	4
3	0	3	3	46	3
1	2	4	2	152	8
1	0	6	3	193	32
0	1	0	1	4	4
0	1	0	1	213	3
0	3	0	1	130	32
1	0	5	3	124	8
2	1	2	2	50	8
3	1	3	2	175	3
3	1	7	2	279	8
1	2	7	2	203	8
2	3	2	2	167	4
0	1	0	1	236	3
0	2	0	1	81	4
3	1	4	2	15	32
1	2	4	2	158	3
3	1	6	2	153	3
1	3	2	2	187	3
3	2	2	2	111	3
1	2	3	2	238	32
3	1	6	2	150	3
1	2	5	2	140	3
1	0	4	3	177	8
2	0	6	3	87	32
3	2	2	2	237	4
3	2	1	2	21	32
1	0	4	3	204	8
1	0	1	3	183	3
2	1	6	2	253	3
0	2	0	1	92	4
2	1	7	2	55	3
0	1	0	1	133	3
1	3	7	2	36	3
3	0	2	3	8	32
0	3	0	1	308	3
2	0	1	3	216	8
0	3	0	1	190	8
1	3	6	2	172	32
3	1	2	2	116	4
1	0	6	3	297	4
1	0	5	3	62	4
3	2	5	2	217	4
1	3	6	2	119	32
3	1	4	2	259	32
0	2	0	1	192	4
2	1	7	2	61	8
0	2	0	1	283	8
0	3	0	1	45	8
3	0	2	3	213	3
1	3	1	2	110	32
0	2	0	1	141	4
0	2	0	1	36	4
3	2	6	2	170	32
2	3	7	2	215	8
1	3	5	2	184	32
0	1	0	1	260	3
0	2	0	1	235	4
0	2	0	1	187	4
3	1	6	2	228	4
0	2	0	1	81	32
3	0	4	3	295	4
0	3	0	1	242	8
1	0	1	3	146	3
0	2	0	1	224	3
3	0	1	3	155	32
1	3	7	2	124	8
1	0	5	3	42	32
3	2	6	2	49	4
0	1	0	1	249	8
2	1	4	2	32	32
0	1	0	1	278	8
1	2	6	2	49	32
0	3	0	1	57	8
2	0	7	3	228	32
3	2	2	2	119	32
3	0	2	3	35	8
1	0	5	3	222	32
2	3	2	2	162	4
3	2	1	2	246	4
0	2	0	1	46	8
3	2	5	2	278	4
2	1	6	2	86	3
0	2	0	1	207	4
1	3	5	2	93	32
0	1	0	1	187	4
3	2	6	2	166	3
3	1	2	2	207	8
2	3	6	2	98	32
0	1	0	1	166	4
3	2	5	2	145	8
3	2	7	2	94	4
3	0	1	3	144	4
3	0	4	3	60	4
1	0	7	3	267	8
3	2	5	2	199	3
0	2	0	1	209	8
0	1	0	1	134	32
0	1	0	1	162	8
1	3	6	2	221	4
3	1	2	2	126	3
0	2	0	1	209	8
1	2	4	2	183	4
2	3	7	2	127	8
2	3	2	2	279	3
2	3	5	2	38	3
3	2	7	2	194	3
2	0	1	3	65	3
2	1	6	2	253	4
1	0	7	3	276	3
0	1	0	1	123	3
3	1	5	2	125	3
0	3	0	1	188	4
3	2	4	2	110	3
0	3	0	1	264	4
2	1	7	2	274	4
1	3	1	2	13	8
3	1	5	2	283	8
3	1	3	2	294	4
0	1	0	1	180	32
0	3	0	1	165	4
3	1	4	2	227	32
2	3	6	2	261	4
0	1	0	1	85	4
2	3	6	2	32	3
1	3	6	2	234	32
1	3	3	2	187	32
1	3	1	2	87	4
1	0	1	3	154	8
0	3	0	1	63	8
2	3	7	2	163	4
0	3	0	1	20	8
1	2	2	2	187	3
0	1	0	1	80	32
3	1	2	2	65	8
1	2	2	2	241	3
0	2	0	1	148	4
1	0	4	3	113	32
0	3	0	1	145	3
1	0	5	3	285	8
3	2	3	2	211	4
3	0	2	3	93	4
2	0	2	3	52	8
2	3	4	2	64	8
2	1	5	2	161	4
2	1	7	2	197	4
0	3	0	1	299	8
0	2	0	1	273	8
2	0	3	3	32	32
1	0	4	3	135	32
2	3	7	2	54	32
2	1	4	2	41	4
3	0	4	3	88	4
0	3	0	1	216	3
0	3	0	1	143	3
0	2	0	1	196	4
0	3	0	1	113	4
1	0	1	3	288	8
1	2	3	2	209	3
3	2	5	2	63	32
0	3	0	1	233	3
3	2	4	2	302	3
0	1	0	1	19	4
0	3	0	1	80	8
2	0	2	3	70	4
1	3	4	2	264	3
2	0	2	3	184	4
0	3	0	1	65	32
0	2	0	1	251	3
2	0	6	3	301	8
2	3	4	2	171	3
0	2	0	1	189	32
2	3	5	2	162	32
0	1	0	1	258	8
3	1	7	2	105	32
3	0	4	3	52	4
1	3	6	2	242	32
1	0	7	3	308	4
2	1	5	2	45	4
0	1	0	1	233	32
3	1	1	2	100	4
3	1	2	2	286	8
3	0	5	3	7	3
1	3	5	2	132	4
3	0	5	3	215	3
1	2	2	2	178	3
0	3	0	1	128	3
1	0	5	3	141	32
2	1	6	2	150	4
0	3	0	1	58	8
0	1	0	1	236	4
0	2	0	1	72	4
2	0	7	3	43	4
0	3	0	1	280	4
3	1	5	2	311	3
2	3	6	2	22	4
0	1	0	1	90	8
3	2	1	2	267	3
3	2	4	2	85	4
3	0	1	3	38	32
2	3	5	2	7	32
2	1	5	2	176	32
1	3	4	2	200	32
3	1	4	2	202	3
2	1	4	2	194	3
3	2	7	2	9	32
1	2	5	2	214	8
2	0	3	3	310	3
1	3	1	2	309	4
3	2	5	2	170	3
3	0	5	3	25	3
2	0	2	3	268	8
1	2	2	2	232	4
3	2	1	2	69	4
0	2	0	1	304	3
0	1	0	1	208	32
3	2	2	2	122	4
1	0	7	3	281	32
1	0	5	3	176	3
2	3	6	2	235	3
3	2	1	2	32	3
1	2	5	2	128	32
1	0	5	3	49	3
0	1	0	1	50	3
1	0	4	3	95	4
3	0	1	3	153	8
0	2	0	1	192	3
2	1	6	2	221	8
0	2	0	1	153	32
3	0	1	3	287	32
0	1	0	1	37	4
1	2	2	2	60	32
3	0	3	3	76	3
3	0	2	3	71	32
0	3	0	1	206	32
2	0	2	3	198	4
2	3	2	2	62	8
2	3	7	2	87	4
1	2	5	2	181	32
1	0	4	3	111	4
0	1	0	1	27	4
0	1	0	1	42	32
0	2	0	1	80	4
3	0	3	3	10	8
1	3	6	2	26	4
1	2	2	2	24	3
0	2	0	1	34	8
2	1	3	2	21	32
2	3	5	2	231	4
2	1	5	2	49	32
0	2	0	1	171	8
0	2	0	1	212	32
3	0	1	3	246	8
2	1	2	2	126	3
1	3	1	2	204	3
3	1	4	2	280	8
2	3	7	2	312	4
2	0	2	3	64	8
2	3	4	2	36	3
2	3	1	2	68	3
1	2	2	2	235	4
0	1	0	1	272	8
0	3	0	1	287	32
1	0	5	3	228	3
0	1	0	1	173	4
0	1	0	1	293	3
1	2	5	2	43	4
2	3	6	2	51	4
2	1	4	2	303	8
2	0	7	3	247	8
0	1	0	1	8	32
0	1	0	1	137	8
1	3	4	2	232	8
0	2	0	1	127	8
2	0	2	3	240	8
3	1	3	2	102	4
0	3	0	1	259	8
2	0	7	3	127	8
1	2	6	2	170	8
0	1	0	1	0	32
1	2	4	2	43	4
3	0	3	3	60	4
3	0	5	3	98	32
0	1	0	1	6	3
1	0	1	3	86	32
0	1	0	1	222	32
0	3	0	1	176	3
3	2	7	2	234	8
3	2	5	2	101	32
2	0	1	3	155	3
2	1	5	2	85	3
0	2	0	1	227	32
1	0	5	3	99	4
0	3	0	1	299	8
3	0	3	3	24	4
2	1	5	2	263	4
2	0	1	3	280	8
0	3	0	1	94	8
1	2	3	2	182	4
1	0	7	3	173	8
3	1	7	2	79	32
0	3	0	1	85	4
0	3	0	1	61	3
0	3	0	1	249	3
2	3	7	2	79	32
0	3	0	1	34	4
3	0	1	3	22	32
0	1	0	1	217	4
2	1	3	2	92	3
2	1	3	2	121	8
2	1	2	2	54	32
3	0	1	3	165	8
1	3	1	2	191	32
3	0	5	3	277	32
1	0	6	3	204	32
1	0	5	3	197	32
0	1	0	1	37	3
1	2	4	2	276	3
1	2	1	2	238	8
3	2	7	2	127	8
1	3	1	2	101	32
1	2	3	2	107	3
2	0	3	3	276	3
1	0	4	3	204	3
1	3	3	2	279	3
1	0	6	3	288	3
1	3	1	2	190	3
2	3	4	2	90	8
1	0	7	3	275	8
1	0	5	3	158	8
2	0	2	3	10	8
3	0	1	3	241	32
2	3	7	2	122	3
1	3	5	2	261	8
3	2	2	2	12	4
0	1	0	1	222	8
3	1	6	2	245	3
0	1	0	1	5	32
3	0	5	3	3	4
0	1	0	1	315	4
0	3	0	1	167	3
1	2	6	2	273	8
2	3	4	2	102	32
2	1	1	2	131	8
0	3	0	1	180	8
1	2	2	2	169	32
3	1	5	2	48	32
1	3	7	2	89	3
0	2	0	1	5	4
1	3	4	2	81	32
1	2	6	2	77	3
1	3	5	2	7	32
1	2	5	2	142	3
2	3	3	2	163	32
0	1	0	1	116	4
1	0	6	3	115	3
3	1	2	2	27	3
3	0	4	3	292	4
1	3	5	2	66	8
0	3	0	1	49	8
1	3	2	2	137	3
2	0	1	3	37	32
0	2	0	1	84	32
2	1	3	2	82	8
3	2	3	2	170	32
3	2	7	2	33	3
2	1	1	2	142	32
1	3	1	2	77	32
1	2	2	2	178	32
0	2	0	1	162	4
2	1	6	2	115	3
0	1	0	1	6	4
0	1	0	1	257	32
0	3	0	1	124	3
0	1	0	1	71	8
1	0	5	3	42	32
1	2	5	2	186	3
0	2	0	1	229	32
2	1	3	2	76	8
3	1	4	2	40	8
3	1	7	2	54	8
1	2	5	2	239	3
0	3	0	1	42	4
1	3	7	2	162	3
0	2	0	1	120	8
1	3	7	2	108	4
3	2	1	2	289	4
0	2	0	1	50	8
0	1	0	1	2	4
2	3	3	2	49	3
3	2	2	2	222	32
0	2	0	1	151	32
3	0	2	3	269	3
2	3	1	2	266	4
3	2	1	2	192	4
3	2	6	2	282	4
1	2	1	2	299	8
0	2	0	1	152	4
0	1	0	1	67	3
3	2	4	2	40	3
0	3	0	1	37	8
2	0	1	3	214	8
1	3	3	2	146	3
0	1	0	1	152	8
3	2	3	2	229	3
0	3	0	1	2	4
2	1	3	2	1	32
2	1	2	2	196	32
1	0	6	3	48	32
1	3	3	2	39	8
3	1	7	2	22	8
1	2	2	2	109	32
0	1	0	1	67	8
2	3	7	2	100	3
0	2	0	1	204	32
1	0	4	3	41	8
1	0	4	3	309	8
3	0	3	3	209	4
3	2	4	2	225	4
3	2	1	2	36	4
3	1	7	2	114	8
1	0	7	3	30	4
0	3	0	1	208	4
1	3	2	2	28	8
2	0	6	3	173	8
0	3	0	1	270	4
3	1	2	2	110	4
2	1	4	2	52	3
1	3	7	2	3	3
0	1	0	1	230	32
1	3	7	2	44	3
1	0	6	3	61	3
3	1	2	2	84	32
1	3	3	2	245	8
2	0	6	3	105	3
0	2	0	1	230	32
0	2	0	1	221	3
3	2	7	2	158	32
0	1	0	1	166	4
1	3	4	2	142	8
0	2	0	1	196	3
2	3	5	2	143	8
2	1	4	2	17	4
2	1	5	2	240	8
2	1	5	2	239	4
3	1	2	2	94	32
0	2	0	1	9	3
2	1	6	2	212	32
0	2	0	1	195	8
2	1	4	2	110	3
2	0	3	3	209	8
2	0	2	3	26	8
3	1	5	2	234	4
2	0	3	3	221	8
2	1	7	2	209	32
1	2	6	2	106	32
2	0	1	3	277	32
1	2	3	2	117	4
1	2	7	2	23	32
1	3	2	2	69	32
0	1	0	1	258	3
2	1	2	2	92	3
3	2	7	2	55	32
3	1	7	2	135	8
1	2	5	2	109	4
3	1	2	2	61	32
0	1	0	1	221	8
0	3	0	1	4	32
0	3	0	1	126	8
3	0	2	3	261	8
3	2	3	2	114	32
1	0	6	3	165	8
3	2	7	2	134	4
2	1	5	2	276	3
1	2	1	2	7	4
1	2	1	2	71	3
2	1	7	2	313	3
1	3	3	2	258	8
2	3	2	2	37	8
1	0	7	3	218	4
0	1	0	1	174	8
1	0	5	3	209	3
1	3	7	2	4	8
2	3	3	2	88	3
2	3	3	2	60	32
1	3	5	2	183	3
3	2	2	2	68	3
3	1	4	2	123	8
0	3	0	1	259	4
1	2	6	2	291	4
1	3	7	2	32	3
1	0	5	3	190	32
1	0	7	3	118	3
3	0	4	3	53	32
1	3	3	2	303	8
0	2	0	1	10	8
2	0	6	3	275	4
1	2	5	2	35	3
1	3	6	2	202	8
0	2	0	1	138	32
3	2	1	2	209	8
2	0	2	3	126	4
1	0	4	3	103	3
0	1	0	1	20	32
0	2	0	1	136	8
2	1	5	2	2	8
3	1	2	2	146	32
2	1	4	2	244	8
0	2	0	1	191	8
3	2	1	2	235	4
1	2	6	2	75	8
2	3	1	2	311	8
0	2	0	1	13	3
2	0	7	3	287	4
3	0	4	3	47	3
3	2	7	2	293	8
1	0	4	3	113	4
1	0	4	3	61	8
2	0	6	3	55	32
2	0	6	3	94	3
3	2	5	2	177	32
0	3	0	1	40	32
1	3	7	2	253	32
1	3	1	2	57	3
1	0	7	3	238	32
3	0	5	3	292	8
0	3	0	1	194	32
2	3	7	2	79	3
0	2	0	1	252	8
2	0	7	3	147	4
3	0	5	3	97	8
1	3	1	2	96	8
3	0	4	3	0	3
2	3	2	2	202	3
2	1	5	2	186	8
3	0	5	3	89	8
3	1	3	2	273	8
3	1	3	2	111	4
2	1	7	2	19	32
3	1	1	2	297	8
1	0	7	3	253	4
2	0	2	3	239	3
0	3	0	1	63	3
0	3	0	1	5	8
0	2	0	1	53	8
1	0	6	3	211	4
0	2	0	1	44	32
0	1	0	1	123	4
2	1	5	2	143	4
1	2	1	2	305	3
0	1	0	1	16	4
3	1	6	2	134	8
0	3	0	1	305	3
0	2	0	1	164	32
3	0	3	3	4	8
0	3	0	1	300	8
0	1	0	1	89	3
3	1	4	2	287	4
2	3	7	2	298	4
1	0	6	3	2	32
2	0	7	3	18	32
0	3	0	1	209	32
3	1	6	2	148	3
1	0	5	3	158	32
3	1	5	2	233	3
3	0	1	3	145	4
3	1	2	2	287	3
0	2	0	1	82	4
1	3	6	2	260	32
2	3	2	2	75	32
3	0	4	3	61	32
1	2	4	2	154	3
0	3	0	1	50	8
2	0	6	3	116	3
1	0	7	3	267	8
0	3	0	1	258	3
1	2	7	2	57	3
2	3	4	2	247	32
2	3	5	2	280	3
3	1	2	2	54	3
2	1	1	2	230	4
3	1	6	2	205	8
0	1	0	1	32	4
0	1	0	1	118	32
3	0	1	3	77	4
2	0	7	3	195	8
1	3	5	2	295	3
3	2	4	2	43	3
3	0	2	3	0	3
3	2	1	2	309	4
2	0	7	3	5	32
1	3	3	2	5	8
1	3	2	2	171	8
0	2	0	1	74	4
1	0	5	3	146	32
2	3	5	2	136	8
2	1	7	2	158	3
3	0	1	3	135	3
2	0	2	3	191	3
0	2	0	1	308	3
3	2	2	2	195	3
0	3	0	1	222	32
2	0	2	3	19	32
0	3	0	1	127	4
1	2	7	2	265	3
1	3	1	2	203	3
2	0	7	3	202	4
0	2	0	1	94	4
2	1	4	2	116	32
2	1	2	2	124	32
1	0	1	3	214	8
2	1	4	2	198	3
2	0	1	3	306	8
3	0	4	3	232	8
0	3	0	1	59	8
2	3	3	2	39	3
0	1	0	1	198	3
2	1	3	2	135	8
3	1	4	2	73	32
0	2	0	1	21	3
1	3	2	2	115	3
0	3	0	1	143	3
3	0	5	3	218	4
3	1	6	2	213	4
3	2	5	2	92	32
0	2	0	1	147	32
3	0	5	3	96	8
2	1	5	2	278	32
1	3	3	2	25	32
3	0	3	3	135	4
2	3	6	2	189	32
2	0	7	3	16	3
1	3	2	2	236	3
0	3	0	1	226	8
1	2	2	2	17	3
2	3	6	2	64	8
2	0	3	3	187	32
1	2	7	2	222	4
2	0	6	3	295	3
3	1	6	2	248	32
3	0	2	3	1	3
0	2	0	1	222	8
2	1	5	2	251	8
0	2	0	1	11	8
1	2	5	2	146	8
0	1	0	1	99	8
3	1	7	2	223	4
2	1	1	2	32	3
3	1	3	2	199	32
2	1	5	2	272	4
3	0	5	3	311	4
0	2	0	1	253	32
1	2	7	2	172	32
3	2	6	2	301	4
3	2	6	2	167	3
3	1	3	2	79	8
3	2	4	2	42	32
3	2	2	2	27	3
1	2	7	2	244	8
0	1	0	1	80	8
2	1	6	2	214	4
3	1	3	2	68	32
0	2	0	1	55	8
3	1	4	2	117	8
1	2	1	2	262	8
3	1	1	2	100	32
2	0	1	3	8	32
2	1	2	2	5	32
3	1	7	2	269	3
2	3	7	2	178	8
2	3	4	2	97	3
2	1	1	2	229	4
2	3	1	2	246	3
3	1	3	2	183	3
1	2	1	2	126	32
0	1	0	1	141	3
3	0	3	3	162	3
3	0	5	3	226	4
3	0	5	3	158	8
2	0	6	3	62	8
3	1	3	2	129	4
2	1	5	2	230	4
2	3	6	2	118	32
1	3	7	2	241	3
1	0	6	3	133	32
0	2	0	1	93	3
2	1	2	2	290	3
1	3	6	2	107	32
3	0	1	3	192	3
3	2	1	2	24	32
3	0	2	3	236	4
0	1	0	1	108	4
2	0	1	3	213	4
3	1	7	2	197	32
1	2	1	2	266	32
2	0	7	3	285	4
2	0	3	3	171	4
1	2	2	2	69	4
2	0	7	3	97	3
3	2	2	2	53	4
3	1	1	2	7	4
3	0	3	3	114	4
1	2	4	2	160	8
2	3	3	2	182	32
3	0	5	3	71	3
3	0	3	3	88	3
0	2	0	1	298	4
0	1	0	1	91	4
3	0	3	3	117	8
1	2	2	2	69	32
0	2	0	1	177	32
1	2	7	2	191	3
3	0	2	3	303	4
2	0	3	3	28	3
3	1	6	2	256	3
3	0	1	3	85	4
2	1	4	2	0	8
1	0	6	3	19	32
1	2	6	2	113	3
1	2	4	2	130	8
1	3	4	2	212	3
1	0	4	3	124	4
2	1	6	2	75	3
1	2	4	2	50	32
1	0	7	3	7	3
3	1	4	2	127	3
1	3	4	2	228	4
1	2	5	2	183	32
1	3	5	2	27	8
3	1	2	2	134	3
1	3	6	2	176	3
2	3	3	2	101	8
1	2	4	2	148	32
1	0	4	3	140	4
2	3	3	2	35	3
3	1	6	2	234	8
3	1	5	2	147	4
0	1	0	1	40	4
0	2	0	1	115	3
0	3	0	1	64	8
2	3	5	2	108	8
2	0	1	3	135	3
0	3	0	1	188	32
0	3	0	1	139	32
0	3	0	1	153	3
0	3	0	1	285	8
2	1	5	2	38	32
1	2	6	2	189	4
0	1	0	1	43	8
0	2	0	1	41	4
1	0	7	3	261	8
2	3	2	2	86	4
1	3	4	2	23	8
3	2	2	2	49	3
1	2	2	2	200	32
0	3	0	1	150	4
3	0	2	3	9	8
2	3	3	2	235	32
1	3	6	2	296	4
3	2	7	2	269	8
1	3	7	2	156	8
3	0	5	3	263	8
3	0	3	3	189	4
1	0	1	3	7	3
1	2	7	2	80	4
0	2	0	1	129	3
1	2	3	2	25	4
2	1	2	2	207	8
1	2	4	2	186	32
3	2	1	2	207	4
1	0	5	3	16	4
3	2	3	2	309	4
0	2	0	1	82	3
3	0	4	3	77	4
2	1	1	2	192	3
0	1	0	1	53	3
1	0	4	3	130	3
0	2	0	1	184	3
3	2	6	2	163	8
3	1	4	2	267	32
3	0	4	3	293	3
3	1	5	2	134	3
2	3	7	2	165	8
2	1	1	2	308	3
1	2	4	2	172	32
2	3	4	2	299	4
1	0	1	3	118	8
0	3	0	1	241	4
2	3	7	2	166	32
0	1	0	1	147	32
3	2	4	2	154	32
2	0	7	3	162	4
0	3	0	1	34	32
0	3	0	1	65	3
1	3	5	2	110	3
0	2	0	1	101	32
1	0	6	3	105	3
3	2	4	2	63	8
1	3	1	2	138	8
1	0	6	3	51	3
3	1	2	2	99	3
0	3	0	1	77	8
1	3	7	2	232	3
1	0	5	3	0	3
0	2	0	1	194	4
1	2	5	2	316	4
3	0	1	3	171	4
0	2	0	1	252	8
0	2	0	1	227	32
0	3	0	1	84	8
2	3	2	2	154	3
2	1	7	2	262	32
3	1	3	2	218	3
3	2	3	2	65	3
1	2	4	2	260	8
0	1	0	1	121	4
3	2	5	2	91	8
2	3	3	2	265	8
1	0	7	3	128	3
0	3	0	1	249	4
2	1	1	2	36	8
3	1	2	2	218	32
3	1	6	2	34	4
1	0	1	3	63	32
0	3	0	1	61	4
1	0	5	3	170	4
0	1	0	1	126	8
1	0	5	3	81	3
1	3	7	2	244	32
2	1	6	2	219	4
2	3	1	2	60	32
2	1	6	2	283	8
0	1	0	1	267	4
0	2	0	1	263	4
1	0	4	3	45	32
0	3	0	1	96	32
2	1	1	2	159	32
2	0	1	3	253	8
3	0	4	3	82	3
3	2	7	2	119	8
2	3	6	2	158	32
0	3	0	1	119	3
3	2	2	2	303	4
1	0	1	3	174	8
3	2	7	2	201	3
0	2	0	1	212	3
2	0	2	3	208	4
0	1	0	1	217	32
0	3	0	1	266	4
1	0	1	3	287	3
2	1	1	2	154	3
2	0	3	3	162	32
1	3	2	2	9	3
0	2	0	1	201	3
0	1	0	1	178	4
2	1	6	2	216	4
2	1	7	2	43	3
2	3	4	2	239	8
2	0	3	3	56	32
1	3	6	2	25	32
3	1	6	2	99	4
3	0	1	3	264	4
1	2	3	2	23	8
2	1	2	2	305	4
3	2	1	2	86	4
2	3	3	2	210	8
0	2	0	1	199	4
2	1	1	2	178	8
0	1	0	1	63	8
0	3	0	1	25	8
3	0	2	3	86	8
3	0	4	3	173	3
0	3	0	1	44	32
0	2	0	1	123	3
0	1	0	1	85	3
2	1	1	2	82	4
3	2	1	2	90	8
3	2	6	2	190	4
3	1	5	2	40	32
1	3	4	2	84	8
0	1	0	1	89	8
3	2	1	2	133	4
3	2	5	2	288	32
0	1	0	1	81	32
1	2	5	2	84	32
0	1	0	1	87	8
0	2	0	1	7	32
0	2	0	1	264	8
0	2	0	1	48	3
2	3	6	2	262	32
2	3	5	2	207	8
0	1	0	1	190	3
3	1	1	2	182	3
2	3	3	2	195	8
2	0	1	3	124	32
0	1	0	1	129	3
3	0	1	3	97	3
2	1	7	2	68	4
3	0	1	3	223	32
0	2	0	1	74	32
1	2	4	2	298	4
1	2	6	2	41	8
3	0	3	3	153	4
3	1	4	2	299	4
0	3	0	1	284	4
0	1	0	1	56	4
2	3	4	2	243	32
0	2	0	1	158	32
3	1	1	2	48	3
2	3	5	2	214	4
0	3	0	1	35	3
3	1	4	2	36	8
1	0	4	3	47	3
2	0	1	3	184	3
0	2	0	1	190	4
3	2	7	2	265	3
2	1	5	2	273	32
0	1	0	1	86	3
0	1	0	1	1	8
1	3	4	2	225	32
0	1	0	1	306	8
1	0	1	3	182	4
0	3	0	1	254	32
3	1	7	2	30	3
1	3	6	2	38	32
3	0	2	3	22	4
1	0	7	3	101	3
0	2	0	1	201	8
0	1	0	1	77	3
3	2	7	2	43	8
1	0	7	3	134	32
3	1	1	2	160	8
1	3	6	2	103	32
1	0	1	3	29	3
1	3	5	2	231	4
2	3	1	2	6	8
0	2	0	1	266	32
3	1	4	2	264	3
0	2	0	1	176	4
1	3	3	2	186	32
1	0	6	3	222	4
0	1	0	1	53	8
3	0	3	3	259	32
3	2	5	2	31	3
3	2	4	2	87	3
2	1	2	2	317	3
0	2	0	1	277	8
0	3	0	1	7	8
1	3	5	2	175	3
1	0	7	3	66	8
1	0	7	3	24	32
2	1	1	2	282	3
3	1	1	2	206	8
0	3	0	1	240	8
0	2	0	1	9	8
0	1	0	1	237	8
2	1	3	2	139	3
2	0	1	3	302	4
2	0	7	3	169	4
0	1	0	1	280	4
2	0	3	3	28	8
2	1	1	2	42	3
3	0	3	3	135	4
0	1	0	1	316	4
1	3	1	2	37	8
0	1	0	1	227	8
3	0	2	3	193	8
3	1	5	2	188	8
1	2	7	2	299	4
2	3	4	2	242	8
1	0	6	3	128	4
0	1	0	1	316	4
0	3	0	1	70	32
1	3	4	2	55	4
1	3	1	2	33	8
3	0	4	3	199	32
2	3	4	2	229	4
2	1	1	2	84	3
0	3	0	1	25	32
1	2	7	2	46	4
3	0	5	3	107	32
1	3	3	2	221	8
1	3	1	2	26	4
2	1	3	2	24	32
0	2	0	1	305	8
1	3	3	2	57	3
0	1	0	1	197	3
0	1	0	1	204	32
1	3	1	2	142	3
2	1	5	2	268	4
2	1	5	2	93	3
2	3	3	2	278	8
1	3	7	2	255	4
3	1	6	2	22	4
1	2	2	2	317	3
2	0	6	3	83	32
1	2	1	2	51	8
0	2	0	1	133	3
2	3	3	2	184	8
2	1	6	2	283	32
3	2	3	2	192	8
0	2	0	1	317	3
3	2	2	2	252	32
0	2	0	1	223	3
2	0	6	3	74	8
2	0	2	3	248	8
2	0	6	3	11	3
1	3	3	2	278	4
1	2	5	2	19	8
1	2	5	2	285	8
2	0	2	3	132	8
3	2	5	2	8	3
1	3	3	2	200	4
0	3	0	1	35	8
3	2	3	2	237	8
2	1	7	2	42	3
3	1	1	2	131	8
3	1	3	2	303	8
0	2	0	1	32	3
3	1	7	2	223	3
3	1	7	2	277	4
3	1	2	2	175	3
1	0	1	3	199	3
