3	2	1	2	92	8
2	1	1	2	128	32
3	0	3	3	221	32
1	3	7	2	161	32
1	3	1	2	257	4
3	0	5	3	140	32
1	2	3	2	225	8
0	2	0	1	168	3
0	2	0	1	50	4
1	0	1	3	252	3
2	1	5	2	33	8
3	0	1	3	146	3
2	1	6	2	280	32
1	0	6	3	22	32
2	1	7	2	252	4
2	1	1	2	68	32
3	1	4	2	137	4
2	0	2	3	173	3
1	0	6	3	220	8
2	3	6	2	223	8
3	2	1	2	70	32
0	2	0	1	36	8
0	3	0	1	125	32
0	1	0	1	282	3
2	0	7	3	137	8
2	0	1	3	128	32
2	1	6	2	82	3
2	0	1	3	111	3
1	0	7	3	158	3
0	2	0	1	312	4
1	3	7	2	280	32
1	3	7	2	86	8
2	3	7	2	251	3
3	1	1	2	49	4
3	1	6	2	161	3
0	2	0	1	97	8
3	2	1	2	39	4
0	1	0	1	189	3
3	2	2	2	77	3
1	3	7	2	297	3
0	3	0	1	292	3
0	3	0	1	261	32
2	3	2	2	278	3
2	1	5	2	60	8
1	3	5	2	153	8
2	0	7	3	153	4
0	1	0	1	282	32
2	0	1	3	67	32
2	0	2	3	8	8
0	2	0	1	18	4
3	1	6	2	215	3
3	0	4	3	67	32
1	0	1	3	202	8
2	0	3	3	36	4
0	2	0	1	86	4
3	0	1	3	81	32
1	2	1	2	17	32
2	1	2	2	248	8
0	1	0	1	211	3
3	1	2	2	188	8
2	0	2	3	118	4
1	2	7	2	294	8
3	2	5	2	81	8
0	2	0	1	62	32
2	3	3	2	192	32
0	1	0	1	236	4
3	0	1	3	176	8
3	1	2	2	238	32
1	2	3	2	97	32
1	3	3	2	39	4
1	2	2	2	153	32
0	1	0	1	200	32
1	2	4	2	189	4
2	3	6	2	70	32
1	2	6	2	214	8
1	2	5	2	143	3
2	0	7	3	124	8
3	2	6	2	151	3
2	1	5	2	50	3
2	3	4	2	121	8
2	1	7	2	213	32
0	3	0	1	53	4
1	0	6	3	77	32
1	2	1	2	88	3
2	1	7	2	150	4
0	2	0	1	306	4
0	3	0	1	206	4
2	1	6	2	190	32
1	2	1	2	57	4
3	2	5	2	194	32
3	0	5	3	50	8
3	0	1	3	271	3
0	2	0	1	297	4
2	1	3	2	210	3
3	2	1	2	197	4
1	2	3	2	260	4
1	2	3	2	160	32
2	1	2	2	258	32
2	3	2	2	149	3
3	0	1	3	23	3
0	1	0	1	146	8
1	0	4	3	92	4
2	1	2	2	253	32
2	1	4	2	164	8
3	1	7	2	210	8
0	1	0	1	14	8
1	3	5	2	52	3
1	3	1	2	202	3
1	2	7	2	202	8
1	0	6	3	68	32
3	2	3	2	23	4
2	3	3	2	52	3
3	0	5	3	256	3
3	2	1	2	103	4
3	0	3	3	272	3
3	2	7	2	27	8
1	3	1	2	66	4
3	1	1	2	213	4
0	3	0	1	17	3
3	2	2	2	84	4
1	2	7	2	130	3
1	0	5	3	186	3
0	2	0	1	120	3
0	3	0	1	153	32
3	1	4	2	43	32
3	2	7	2	205	4
0	2	0	1	178	3
2	3	5	2	246	4
0	1	0	1	233	32
2	0	1	3	138	32
0	3	0	1	74	32
1	2	1	2	54	3
3	1	2	2	185	32
0	1	0	1	21	8
1	0	4	3	197	8
2	1	7	2	20	8
3	2	2	2	1	4
3	2	1	2	243	3
1	3	2	2	204	8
3	2	3	2	266	3
0	1	0	1	293	8
1	2	3	2	306	4
3	2	4	2	30	3
3	2	7	2	1	4
3	2	4	2	81	4
0	2	0	1	106	3
0	3	0	1	230	32
2	1	6	2	283	4
1	3	1	2	215	4
0	2	0	1	179	3
2	0	7	3	134	4
2	0	7	3	111	4
1	3	7	2	197	3
2	3	7	2	243	8
1	2	1	2	86	32
3	1	5	2	224	3
0	1	0	1	140	8
1	2	1	2	279	4
3	0	5	3	216	3
2	1	1	2	259	8
1	2	4	2	12	32
2	1	5	2	156	4
2	1	2	2	151	32
3	2	6	2	83	3
3	0	1	3	116	3
0	1	0	1	108	8
2	1	6	2	194	3
3	1	6	2	250	8
0	3	0	1	33	32
0	3	0	1	17	4
3	2	3	2	65	3
3	2	6	2	46	32
0	2	0	1	101	3
1	2	1	2	13	4
3	0	2	3	173	3
3	2	1	2	172	32
0	1	0	1	202	3
0	2	0	1	169	3
1	2	2	2	248	4
0	3	0	1	112	3
2	0	7	3	198	8
2	1	2	2	12	32
3	0	3	3	43	32
2	0	2	3	136	4
2	0	7	3	55	3
0	3	0	1	190	4
3	2	6	2	0	32
2	0	3	3	61	8
3	2	3	2	118	4
1	2	4	2	165	32
0	1	0	1	307	8
2	1	2	2	254	4
1	0	7	3	135	32
2	0	6	3	288	3
2	1	6	2	207	4
3	1	1	2	45	4
3	2	1	2	65	8
1	2	1	2	117	4
2	1	2	2	36	32
2	3	7	2	125	4
0	2	0	1	297	8
3	0	4	3	267	8
2	3	3	2	42	32
2	1	6	2	68	32
0	2	0	1	124	8
0	2	0	1	252	32
0	1	0	1	121	8
0	2	0	1	142	32
2	3	1	2	265	4
0	2	0	1	128	8
3	0	3	3	227	32
0	2	0	1	268	4
2	0	7	3	179	4
2	1	2	2	29	4
3	0	3	3	198	8
1	3	2	2	87	8
0	2	0	1	169	4
0	1	0	1	178	8
0	1	0	1	11	4
2	0	3	3	48	32
2	0	7	3	78	32
3	2	5	2	218	8
0	3	0	1	269	32
3	0	1	3	161	8
2	0	3	3	316	3
3	2	7	2	235	32
2	1	4	2	52	32
0	2	0	1	81	3
3	1	7	2	203	4
1	0	1	3	173	3
0	3	0	1	174	32
0	3	0	1	183	4
1	0	7	3	249	32
0	2	0	1	294	4
2	0	1	3	184	8
0	3	0	1	50	4
0	3	0	1	48	8
1	2	5	2	172	8
1	3	1	2	287	32
3	1	2	2	162	32
3	2	3	2	174	4
1	2	2	2	94	3
0	2	0	1	203	3
2	1	7	2	186	3
0	1	0	1	279	4
2	0	1	3	296	3
3	2	5	2	63	4
0	2	0	1	173	3
3	0	2	3	91	32
1	2	7	2	26	4
2	1	5	2	235	8
1	0	7	3	63	32
1	2	3	2	157	4
3	1	5	2	120	3
0	3	0	1	164	3
3	0	1	3	181	8
3	2	3	2	303	8
1	3	2	2	18	32
0	2	0	1	90	3
2	3	6	2	39	3
0	3	0	1	163	8
0	2	0	1	69	32
3	2	1	2	104	32
3	2	6	2	179	32
1	0	4	3	272	8
0	1	0	1	46	4
2	3	6	2	243	32
3	0	4	3	253	4
2	1	6	2	188	32
1	0	6	3	132	4
3	2	4	2	1	4
0	1	0	1	249	8
1	2	2	2	157	3
2	1	1	2	165	4
1	0	1	3	233	4
2	0	1	3	43	32
3	1	5	2	173	3
2	3	2	2	36	8
3	1	1	2	161	3
3	1	2	2	234	8
3	0	4	3	104	3
2	1	4	2	21	32
3	1	3	2	31	3
0	1	0	1	41	8
0	3	0	1	239	32
2	3	2	2	142	3
2	3	3	2	207	8
1	3	4	2	249	32
2	0	3	3	277	3
2	3	2	2	200	4
1	3	7	2	167	8
3	1	4	2	146	32
0	3	0	1	294	4
3	0	1	3	277	8
2	1	2	2	172	3
0	3	0	1	223	8
2	1	7	2	303	3
3	0	5	3	254	3
1	0	4	3	243	4
0	1	0	1	262	32
2	1	6	2	6	4
0	1	0	1	197	3
1	2	4	2	4	4
0	2	0	1	68	8
3	1	7	2	164	8
0	1	0	1	160	32
1	3	4	2	257	8
1	3	6	2	158	32
0	3	0	1	105	8
3	2	2	2	309	8
0	2	0	1	172	3
0	2	0	1	168	3
1	2	2	2	241	8
2	1	6	2	250	4
1	2	1	2	301	3
2	3	2	2	128	32
3	0	3	3	302	8
0	3	0	1	143	3
3	0	1	3	231	3
3	0	3	3	186	3
3	0	3	3	300	3
0	2	0	1	165	4
3	2	3	2	268	8
0	3	0	1	304	4
1	0	7	3	251	4
3	2	2	2	198	8
3	0	3	3	301	8
3	0	1	3	53	3
3	0	3	3	9	8
0	2	0	1	75	4
2	0	2	3	67	3
0	2	0	1	177	4
3	0	1	3	166	32
1	2	2	2	193	32
2	1	5	2	298	3
2	3	2	2	240	8
2	3	1	2	14	32
1	2	1	2	150	8
0	3	0	1	68	32
0	3	0	1	185	4
3	0	4	3	179	32
3	2	4	2	120	8
2	0	3	3	288	8
2	1	4	2	19	4
3	0	1	3	173	8
3	1	5	2	103	8
0	1	0	1	2	4
2	3	4	2	64	32
0	2	0	1	58	4
3	1	3	2	121	8
3	1	3	2	262	4
1	0	6	3	49	32
3	1	1	2	25	8
2	3	7	2	163	32
0	3	0	1	206	32
1	0	5	3	40	8
2	3	2	2	190	32
1	0	5	3	86	4
3	0	5	3	36	32
1	0	6	3	220	4
3	0	3	3	266	8
1	0	1	3	308	3
2	0	6	3	252	4
3	2	5	2	6	8
2	1	3	2	102	3
2	3	2	2	179	4
3	2	5	2	73	3
3	1	6	2	51	32
0	2	0	1	194	3
1	2	7	2	294	4
2	0	1	3	92	8
1	3	2	2	131	8
2	3	2	2	152	32
0	1	0	1	151	4
3	2	7	2	258	4
1	3	2	2	289	3
0	2	0	1	183	8
2	1	2	2	100	3
2	1	1	2	13	32
0	2	0	1	132	4
0	3	0	1	214	4
2	0	6	3	241	3
1	2	4	2	108	4
1	2	4	2	93	32
0	1	0	1	197	8
3	0	5	3	296	8
2	1	2	2	49	3
3	1	6	2	65	8
2	0	1	3	171	3
0	1	0	1	47	32
0	1	0	1	128	3
2	0	7	3	292	3
1	2	2	2	222	4
3	0	3	3	296	8
1	3	5	2	153	4
3	0	1	3	239	32
1	0	5	3	45	8
1	0	7	3	273	4
2	0	1	3	50	8
1	2	6	2	49	8
1	3	7	2	43	32
3	1	5	2	177	8
3	0	2	3	159	32
3	0	4	3	199	4
2	1	6	2	177	8
2	0	1	3	288	4
2	3	1	2	281	3
3	0	2	3	29	8
0	2	0	1	166	32
3	0	5	3	199	32
1	2	2	2	110	32
2	1	7	2	12	3
0	1	0	1	65	4
2	3	5	2	258	32
0	3	0	1	116	4
3	0	5	3	205	3
2	0	1	3	253	3
1	3	7	2	163	32
2	3	3	2	303	4
2	3	5	2	305	8
0	3	0	1	264	4
1	3	2	2	167	4
2	0	3	3	122	8
0	3	0	1	221	3
0	1	0	1	122	3
0	3	0	1	281	4
0	2	0	1	71	3
0	2	0	1	61	3
3	0	2	3	129	32
0	3	0	1	124	32
2	3	4	2	183	4
1	3	1	2	160	4
3	1	3	2	125	8
1	2	2	2	248	3
0	1	0	1	311	8
3	2	4	2	55	8
0	1	0	1	33	8
2	3	7	2	280	4
2	3	3	2	167	32
0	2	0	1	120	3
3	2	4	2	39	8
1	0	7	3	68	8
1	2	7	2	304	8
0	3	0	1	49	8
3	1	6	2	267	3
0	3	0	1	61	3
0	2	0	1	21	8
2	0	3	3	245	4
1	0	6	3	75	8
1	2	6	2	88	32
3	0	1	3	229	3
1	2	1	2	100	8
3	1	7	2	66	4
2	3	7	2	121	32
0	1	0	1	153	32
1	3	5	2	113	3
3	0	5	3	72	4
0	3	0	1	208	32
3	1	6	2	211	4
3	1	6	2	189	8
2	1	3	2	118	32
0	2	0	1	43	32
3	0	2	3	48	32
1	2	2	2	71	8
0	2	0	1	258	3
2	0	3	3	137	8
1	3	4	2	103	32
2	3	3	2	102	4
0	1	0	1	113	4
2	3	2	2	57	8
0	2	0	1	68	4
1	2	2	2	17	3
2	0	6	3	257	8
0	2	0	1	220	8
0	2	0	1	142	8
2	0	7	3	126	8
3	1	1	2	5	3
0	1	0	1	124	4
1	0	4	3	205	3
0	1	0	1	71	4
2	3	4	2	7	3
0	2	0	1	117	8
1	3	5	2	201	4
3	1	7	2	187	32
2	1	6	2	1	3
3	1	4	2	217	8
0	3	0	1	123	4
0	3	0	1	163	4
1	0	6	3	26	8
0	2	0	1	147	32
2	1	7	2	262	4
0	1	0	1	60	4
0	1	0	1	190	32
1	0	5	3	199	3
2	0	1	3	275	4
0	1	0	1	147	8
1	2	5	2	212	32
0	1	0	1	74	32
2	1	5	2	46	4
0	2	0	1	200	32
1	0	6	3	152	32
3	0	2	3	293	8
0	3	0	1	124	4
1	2	2	2	31	32
2	3	5	2	295	3
0	2	0	1	73	3
3	2	2	2	127	8
0	3	0	1	115	4
1	0	1	3	1	3
0	1	0	1	160	4
2	1	1	2	209	32
1	3	1	2	88	3
0	2	0	1	211	32
3	2	6	2	234	32
0	1	0	1	181	4
0	2	0	1	255	8
0	1	0	1	56	3
0	1	0	1	26	32
0	1	0	1	195	8
2	0	2	3	300	4
0	2	0	1	71	32
2	0	2	3	196	4
3	1	7	2	27	8
0	2	0	1	226	3
3	2	5	2	11	32
0	2	0	1	114	3
3	0	5	3	37	3
0	2	0	1	284	32
3	1	3	2	300	4
2	1	4	2	296	8
1	0	6	3	107	3
3	2	3	2	9	4
1	3	1	2	265	4
1	3	6	2	166	8
1	2	7	2	15	3
2	3	4	2	300	8
2	1	2	2	155	3
3	2	4	2	258	8
0	1	0	1	258	8
2	0	3	3	84	3
0	3	0	1	62	32
1	3	3	2	210	3
0	3	0	1	240	4
3	0	3	3	198	32
2	0	3	3	36	3
3	1	2	2	42	4
1	0	6	3	270	32
1	3	6	2	172	8
1	3	2	2	87	32
1	2	7	2	223	3
3	2	7	2	39	4
0	1	0	1	96	4
2	3	3	2	85	3
3	1	6	2	46	8
3	2	6	2	202	4
3	1	6	2	219	8
0	2	0	1	279	32
2	1	2	2	289	3
3	1	4	2	296	3
1	3	2	2	135	4
0	3	0	1	211	3
3	1	5	2	55	8
1	3	5	2	203	3
3	0	2	3	253	8
1	3	6	2	20	8
3	2	2	2	11	3
0	2	0	1	246	8
2	0	1	3	105	3
0	3	0	1	263	8
3	1	2	2	110	32
3	1	2	2	32	32
1	0	5	3	8	32
3	1	6	2	48	3
2	1	6	2	214	3
3	2	3	2	186	4
3	0	2	3	138	8
1	2	4	2	161	32
0	2	0	1	103	4
3	0	4	3	185	32
1	3	1	2	219	3
1	2	1	2	210	4
1	2	3	2	229	8
2	3	7	2	55	4
3	1	4	2	311	3
3	0	4	3	81	8
1	2	6	2	302	4
1	0	4	3	43	32
0	3	0	1	23	8
0	2	0	1	27	8
1	3	3	2	160	32
0	1	0	1	132	32
2	3	1	2	98	4
1	0	1	3	200	32
3	0	4	3	0	8
2	3	1	2	9	32
0	1	0	1	296	4
1	0	1	3	237	3
3	2	3	2	215	4
1	0	1	3	212	32
2	1	1	2	195	32
2	1	2	2	83	3
0	3	0	1	115	32
0	3	0	1	48	3
3	1	3	2	172	32
3	1	6	2	119	4
2	3	6	2	164	8
0	3	0	1	75	3
0	2	0	1	98	8
0	1	0	1	243	3
0	2	0	1	82	4
1	2	3	2	87	32
3	1	6	2	262	4
2	0	3	3	132	4
3	0	3	3	213	4
0	3	0	1	129	4
1	2	4	2	185	3
3	1	1	2	17	32
2	1	4	2	225	3
0	2	0	1	122	8
0	2	0	1	160	32
0	3	0	1	134	3
2	3	5	2	44	4
2	1	5	2	264	32
1	2	7	2	168	4
1	0	7	3	294	3
3	0	5	3	258	4
0	3	0	1	222	8
1	2	4	2	141	3
0	2	0	1	257	4
3	2	3	2	273	4
3	1	7	2	142	4
3	0	1	3	136	4
0	3	0	1	187	3
1	0	4	3	312	8
2	1	1	2	145	4
2	0	3	3	106	3
3	0	1	3	79	4
0	2	0	1	121	4
1	2	7	2	113	8
0	2	0	1	16	3
0	2	0	1	105	4
1	0	1	3	42	4
0	2	0	1	71	3
1	0	4	3	280	32
2	0	6	3	245	4
3	1	6	2	4	32
2	1	1	2	44	3
2	0	3	3	54	8
3	0	5	3	6	4
1	0	5	3	24	32
3	2	3	2	206	32
2	1	7	2	305	3
3	0	3	3	57	3
3	0	3	3	304	8
3	0	4	3	273	3
3	1	3	2	52	4
2	0	6	3	72	32
2	0	7	3	270	4
2	3	5	2	28	32
0	2	0	1	130	8
1	0	7	3	86	8
2	1	1	2	283	32
3	2	5	2	115	32
0	3	0	1	294	3
2	1	1	2	247	3
3	0	5	3	81	32
1	0	7	3	111	32
1	2	7	2	91	3
3	2	4	2	141	3
1	2	3	2	248	8
1	2	3	2	260	8
2	3	5	2	225	8
0	2	0	1	315	4
2	1	3	2	68	32
1	2	6	2	70	4
3	2	7	2	145	4
2	1	7	2	285	8
2	3	2	2	189	32
0	1	0	1	299	4
0	3	0	1	113	8
3	2	4	2	115	32
1	2	4	2	311	8
2	1	7	2	220	3
0	3	0	1	183	8
2	0	3	3	247	8
2	0	7	3	106	8
1	0	5	3	169	32
1	3	2	2	162	3
3	0	1	3	111	8
0	3	0	1	98	3
3	1	7	2	182	4
3	0	4	3	101	8
2	0	2	3	60	4
3	1	7	2	250	8
1	0	6	3	148	4
1	3	2	2	172	3
3	2	4	2	142	3
3	0	1	3	265	8
2	1	6	2	101	3
2	3	4	2	31	8
3	1	5	2	281	3
1	3	3	2	8	3
2	3	3	2	87	8
1	0	1	3	223	3
1	0	7	3	187	4
3	2	7	2	182	32
1	0	7	3	291	8
1	0	4	3	26	8
1	0	4	3	168	4
0	3	0	1	281	32
0	2	0	1	162	32
2	1	4	2	83	3
3	1	1	2	154	4
1	3	5	2	79	3
1	0	4	3	174	8
1	0	6	3	199	3
1	3	1	2	252	4
0	1	0	1	197	3
2	1	2	2	75	4
1	3	6	2	12	8
3	0	1	3	112	4
0	2	0	1	316	3
1	0	7	3	131	4
3	0	1	3	124	32
0	2	0	1	89	32
3	2	7	2	223	3
2	1	2	2	198	4
2	3	6	2	133	8
2	3	3	2	129	3
0	1	0	1	37	3
0	3	0	1	297	3
3	2	3	2	113	4
1	2	1	2	166	32
0	1	0	1	280	32
2	3	7	2	21	8
3	0	3	3	244	4
3	1	7	2	210	8
2	3	4	2	76	4
2	1	3	2	35	4
0	3	0	1	24	32
1	3	4	2	55	32
1	2	2	2	191	4
0	2	0	1	118	8
0	3	0	1	225	32
1	0	7	3	299	3
1	0	5	3	216	32
2	0	2	3	240	32
1	0	4	3	225	3
3	0	1	3	144	4
2	1	5	2	52	3
2	3	4	2	279	4
3	0	5	3	222	4
0	3	0	1	298	4
0	2	0	1	8	32
0	1	0	1	166	4
2	0	7	3	20	8
2	1	7	2	299	8
3	0	3	3	295	3
0	2	0	1	206	4
2	1	1	2	176	3
0	1	0	1	283	4
3	1	3	2	299	3
2	0	6	3	296	3
2	1	3	2	47	3
2	1	7	2	63	8
3	0	2	3	204	3
1	0	5	3	201	8
2	3	5	2	0	8
1	3	6	2	233	8
0	3	0	1	191	32
3	2	7	2	241	32
1	0	5	3	245	3
1	2	1	2	138	8
0	1	0	1	42	4
1	0	5	3	256	32
0	1	0	1	12	3
3	2	5	2	261	3
1	0	6	3	91	8
2	0	1	3	150	4
1	2	6	2	220	32
1	3	2	2	9	8
2	1	5	2	73	8
1	0	6	3	49	32
2	0	1	3	269	32
1	3	3	2	122	4
2	0	3	3	183	32
3	1	5	2	86	3
1	0	1	3	153	8
2	1	7	2	188	3
1	3	6	2	29	32
1	2	5	2	116	3
2	1	5	2	66	32
2	1	5	2	179	3
0	2	0	1	100	32
2	1	1	2	108	32
0	3	0	1	306	3
2	3	1	2	135	4
3	0	4	3	154	4
2	3	5	2	136	3
3	1	5	2	283	3
1	0	7	3	67	32
3	1	5	2	69	32
1	2	6	2	170	3
2	0	3	3	77	3
2	0	6	3	9	4
1	2	1	2	174	32
3	2	6	2	242	32
0	2	0	1	122	4
1	2	7	2	315	4
0	2	0	1	144	3
1	2	2	2	26	32
0	2	0	1	9	8
2	3	3	2	147	8
1	2	6	2	43	32
0	3	0	1	304	8
2	0	3	3	130	3
3	2	4	2	129	3
0	1	0	1	172	32
1	3	1	2	52	3
1	0	5	3	287	8
0	2	0	1	86	8
3	1	1	2	159	3
0	1	0	1	295	4
0	2	0	1	256	8
2	0	6	3	91	32
3	2	5	2	99	3
2	1	6	2	124	3
2	3	4	2	212	3
2	3	2	2	270	32
0	1	0	1	201	8
3	1	5	2	261	8
2	0	3	3	191	8
3	1	2	2	75	3
1	0	6	3	0	8
1	2	5	2	144	4
1	3	3	2	86	4
3	0	2	3	41	3
3	2	5	2	10	32
0	2	0	1	93	3
3	2	5	2	15	4
2	0	6	3	250	4
0	2	0	1	297	8
1	3	7	2	182	3
0	3	0	1	173	3
1	2	2	2	27	32
2	1	2	2	168	8
2	1	1	2	159	4
2	1	3	2	223	4
3	2	7	2	123	3
3	1	7	2	263	4
1	3	3	2	131	8
3	1	2	2	85	4
3	0	3	3	302	4
0	2	0	1	210	4
0	3	0	1	216	4
0	1	0	1	152	4
1	0	6	3	32	4
2	3	4	2	261	32
3	2	4	2	214	32
3	2	4	2	94	3
2	1	4	2	283	3
0	3	0	1	130	4
1	0	1	3	131	4
2	0	2	3	82	4
3	0	4	3	161	4
3	2	4	2	272	3
2	1	3	2	160	4
3	2	7	2	60	3
0	3	0	1	286	3
1	2	4	2	81	4
3	0	2	3	143	8
3	0	1	3	34	8
3	2	7	2	41	8
1	3	1	2	283	3
3	0	2	3	230	4
0	2	0	1	244	3
2	3	2	2	139	8
1	0	4	3	94	32
1	0	4	3	147	4
1	0	6	3	279	8
3	2	4	2	5	32
1	3	1	2	304	8
3	0	1	3	295	4
3	0	3	3	166	8
2	0	1	3	159	3
3	1	7	2	62	32
2	0	6	3	38	8
2	3	1	2	209	8
2	0	2	3	269	4
2	1	5	2	182	4
3	0	2	3	285	32
2	3	6	2	242	4
2	3	6	2	230	4
2	0	3	3	180	8
1	3	3	2	128	3
2	3	1	2	185	8
1	0	1	3	149	3
0	1	0	1	14	4
1	2	2	2	140	32
0	3	0	1	18	3
1	2	5	2	166	8
2	3	2	2	145	8
3	1	5	2	76	8
0	2	0	1	219	4
3	2	7	2	53	8
2	0	6	3	15	4
0	1	0	1	196	4
1	3	2	2	224	32
0	2	0	1	183	32
3	0	4	3	260	8
1	3	1	2	281	4
3	0	5	3	276	3
3	2	1	2	139	8
0	2	0	1	268	32
2	3	5	2	112	32
0	3	0	1	268	3
0	3	0	1	274	32
1	2	2	2	45	8
2	3	4	2	97	8
3	0	1	3	255	4
3	2	5	2	61	8
3	2	4	2	83	8
0	2	0	1	257	3
3	0	5	3	307	4
3	1	3	2	10	3
1	0	6	3	272	8
0	2	0	1	151	4
0	3	0	1	110	4
1	0	6	3	213	4
3	1	3	2	10	32
3	1	5	2	126	8
3	2	7	2	62	8
2	1	7	2	158	8
0	2	0	1	228	4
2	1	2	2	202	8
2	1	3	2	87	32
0	1	0	1	87	32
1	3	1	2	8	4
2	3	7	2	68	8
1	2	2	2	180	8
3	0	1	3	139	3
0	3	0	1	31	8
3	0	3	3	128	8
3	2	4	2	283	4
0	1	0	1	308	4
1	0	1	3	96	4
2	3	6	2	233	32
1	0	6	3	11	4
1	2	6	2	59	32
2	3	4	2	27	32
3	2	3	2	132	3
0	1	0	1	148	8
2	0	3	3	139	32
2	1	3	2	131	3
2	3	1	2	20	32
1	2	3	2	159	4
0	3	0	1	106	3
1	3	4	2	148	32
1	2	2	2	156	32
0	3	0	1	29	3
3	2	6	2	86	4
0	3	0	1	260	4
1	2	1	2	122	8
0	2	0	1	38	8
3	2	1	2	93	8
0	1	0	1	223	32
1	2	7	2	178	4
1	2	6	2	167	8
0	1	0	1	44	4
2	0	3	3	200	8
2	1	3	2	214	32
0	3	0	1	182	3
1	0	1	3	116	32
3	2	7	2	123	32
1	3	7	2	301	3
0	1	0	1	78	3
2	0	1	3	20	8
2	0	1	3	260	4
2	0	1	3	35	32
1	0	5	3	248	4
3	2	2	2	232	32
3	2	5	2	185	4
3	2	7	2	39	32
1	0	5	3	217	8
0	3	0	1	30	32
1	0	4	3	279	4
3	0	1	3	139	32
2	0	7	3	193	3
3	2	3	2	91	4
2	0	3	3	227	32
0	1	0	1	178	32
1	3	4	2	186	3
3	0	1	3	205	4
2	1	6	2	192	4
2	3	6	2	248	3
2	1	5	2	174	8
3	2	6	2	241	4
3	2	7	2	33	32
1	2	6	2	222	32
3	2	7	2	14	32
1	3	4	2	69	4
3	0	2	3	237	32
0	1	0	1	31	4
0	2	0	1	292	8
3	2	2	2	207	3
3	0	4	3	1	32
2	1	4	2	67	4
0	1	0	1	139	4
2	0	7	3	98	8
1	2	7	2	250	8
1	3	6	2	213	8
3	0	3	3	162	8
1	2	4	2	201	3
0	2	0	1	73	3
2	1	4	2	21	4
1	2	4	2	158	8
0	2	0	1	207	32
0	1	0	1	49	8
2	0	3	3	287	32
2	1	6	2	216	32
3	1	4	2	265	32
2	1	6	2	151	3
3	2	1	2	168	4
3	0	2	3	188	32
1	0	1	3	86	3
1	0	4	3	220	4
1	2	3	2	267	32
1	0	4	3	24	32
0	1	0	1	290	3
1	2	2	2	311	3
3	0	2	3	85	3
1	3	7	2	52	32
3	0	4	3	51	4
1	0	7	3	164	8
2	1	1	2	311	3
3	0	2	3	290	3
0	2	0	1	186	3
0	1	0	1	127	3
3	0	1	3	298	8
0	1	0	1	153	3
2	0	1	3	220	3
1	3	1	2	94	3
2	1	2	2	107	8
3	0	5	3	158	32
2	0	1	3	75	32
0	2	0	1	248	32
1	0	5	3	214	32
0	1	0	1	256	8
2	3	7	2	175	3
2	3	5	2	116	3
0	3	0	1	126	8
1	0	1	3	105	8
0	2	0	1	188	8
3	1	4	2	179	32
2	0	7	3	269	3
0	2	0	1	188	32
0	2	0	1	237	8
1	0	5	3	276	32
2	3	4	2	58	32
2	0	2	3	73	4
0	1	0	1	245	3
1	3	5	2	289	8
3	1	1	2	285	4
1	0	4	3	147	4
0	1	0	1	11	32
0	3	0	1	117	3
1	2	7	2	228	32
0	2	0	1	265	8
2	1	2	2	87	4
0	3	0	1	40	4
1	0	5	3	177	3
3	2	3	2	151	4
1	0	7	3	77	32
0	2	0	1	312	4
2	1	5	2	194	32
2	0	7	3	208	4
3	1	7	2	7	4
3	0	1	3	6	32
3	0	3	3	310	3
3	1	1	2	118	8
0	1	0	1	117	3
0	1	0	1	90	32
1	3	6	2	169	8
0	3	0	1	288	4
0	2	0	1	25	32
3	1	2	2	150	4
2	3	6	2	132	32
2	3	3	2	283	32
3	1	7	2	293	4
3	2	2	2	298	8
3	2	4	2	183	8
1	2	2	2	193	4
0	3	0	1	56	32
1	0	1	3	285	8
2	3	5	2	137	3
3	0	5	3	26	32
1	3	5	2	194	8
2	1	6	2	274	3
0	2	0	1	169	3
1	2	5	2	77	32
1	3	7	2	122	8
3	1	4	2	217	3
1	0	7	3	6	4
2	0	3	3	189	32
0	3	0	1	142	32
1	3	3	2	205	8
0	2	0	1	130	8
1	0	6	3	287	4
1	3	6	2	315	3
3	0	4	3	75	4
2	0	6	3	67	32
3	2	5	2	205	4
0	1	0	1	141	4
2	1	2	2	173	4
3	2	7	2	311	3
3	1	4	2	110	32
2	1	6	2	136	8
3	1	3	2	22	32
0	1	0	1	156	8
1	2	7	2	78	4
0	2	0	1	259	3
3	1	1	2	120	32
3	1	6	2	164	4
2	1	4	2	224	3
2	0	2	3	68	8
3	0	5	3	158	3
1	3	2	2	277	8
2	1	1	2	111	32
0	1	0	1	120	8
1	3	6	2	14	8
3	0	4	3	250	8
1	3	1	2	247	8
1	3	4	2	64	32
3	2	1	2	190	32
1	2	1	2	4	8
3	1	1	2	236	3
0	1	0	1	28	8
0	1	0	1	292	4
0	3	0	1	112	32
3	2	3	2	229	3
3	2	6	2	247	8
0	1	0	1	297	8
1	0	7	3	157	4
1	2	4	2	273	32
2	0	7	3	239	8
3	1	5	2	119	3
2	3	5	2	3	4
3	1	3	2	97	3
3	1	7	2	74	32
3	1	2	2	305	4
0	3	0	1	162	3
1	3	4	2	313	4
3	1	6	2	169	3
3	2	7	2	56	4
2	1	2	2	217	8
1	0	5	3	44	4
2	0	3	3	82	3
1	0	5	3	164	32
3	2	1	2	251	3
1	3	1	2	145	32
3	0	4	3	229	3
0	2	0	1	268	4
0	1	0	1	134	8
3	0	4	3	195	3
0	2	0	1	112	32
1	3	5	2	10	8
0	3	0	1	291	3
1	2	4	2	131	32
0	3	0	1	49	32
0	1	0	1	262	3
2	0	1	3	189	4
2	3	1	2	253	8
1	3	7	2	108	8
1	0	1	3	240	8
0	3	0	1	26	8
2	3	7	2	242	8
1	2	4	2	148	3
0	3	0	1	300	4
2	3	1	2	214	32
0	2	0	1	245	32
1	2	7	2	80	32
0	1	0	1	215	32
1	0	5	3	86	4
3	0	1	3	254	32
1	3	3	2	272	3
1	3	7	2	10	32
2	3	3	2	81	4
1	2	4	2	220	32
0	3	0	1	287	8
2	3	7	2	61	32
0	1	0	1	98	3
0	2	0	1	13	3
1	2	5	2	285	3
3	2	6	2	124	4
1	2	4	2	233	4
0	2	0	1	247	32
1	0	5	3	117	4
2	3	1	2	243	4
1	2	7	2	146	32
2	0	1	3	276	8
1	2	3	2	70	4
2	0	2	3	114	32
3	0	1	3	251	3
2	0	6	3	160	8
0	1	0	1	132	4
1	3	1	2	196	4
2	3	6	2	141	3
2	3	4	2	306	3
3	2	7	2	123	8
2	1	6	2	85	4
1	2	4	2	129	8
3	1	4	2	125	4
0	1	0	1	25	32
2	1	3	2	238	3
1	3	6	2	67	8
0	1	0	1	290	4
2	1	7	2	224	32
1	3	2	2	142	8
1	3	1	2	54	8
1	0	6	3	304	4
0	2	0	1	32	8
0	2	0	1	209	8
1	0	4	3	70	4
0	3	0	1	58	4
1	0	7	3	162	4
1	0	1	3	53	32
1	0	6	3	23	8
1	0	7	3	100	4
1	0	5	3	13	3
0	2	0	1	277	4
1	0	7	3	200	3
3	0	5	3	10	32
3	1	7	2	99	32
3	1	1	2	276	4
2	3	7	2	55	8
0	3	0	1	59	32
0	2	0	1	298	3
3	1	6	2	118	3
1	3	6	2	249	3
1	3	6	2	274	32
1	0	7	3	158	32
2	1	4	2	215	8
1	0	4	3	75	4
3	0	4	3	177	8
0	2	0	1	114	3
1	0	6	3	103	32
0	2	0	1	254	4
2	0	1	3	211	32
3	0	2	3	217	8
2	3	7	2	312	8
1	0	5	3	16	4
3	2	6	2	136	32
0	3	0	1	135	32
0	2	0	1	176	8
2	3	3	2	270	4
0	2	0	1	134	3
3	1	4	2	130	8
0	3	0	1	165	4
3	0	5	3	44	8
0	3	0	1	191	4
2	0	3	3	109	8
1	0	6	3	281	32
0	2	0	1	150	8
1	2	6	2	31	8
2	0	7	3	215	3
0	1	0	1	181	4
2	3	7	2	238	3
0	2	0	1	151	8
3	1	2	2	172	4
2	1	7	2	166	3
2	0	2	3	35	4
0	2	0	1	22	8
3	0	1	3	214	4
1	3	6	2	182	8
2	3	4	2	22	8
3	2	7	2	112	32
1	3	5	2	281	32
0	1	0	1	220	3
1	3	5	2	224	4
2	0	7	3	281	8
1	3	6	2	218	4
0	3	0	1	81	3
3	1	4	2	154	32
1	0	1	3	17	4
3	2	2	2	109	8
0	1	0	1	182	8
0	2	0	1	211	4
0	3	0	1	77	4
0	2	0	1	191	8
3	2	4	2	113	32
3	2	5	2	168	32
0	3	0	1	50	32
0	2	0	1	257	32
2	3	3	2	123	32
0	3	0	1	25	8
3	2	2	2	223	3
1	0	1	3	10	32
3	0	1	3	275	8
0	2	0	1	127	3
1	3	5	2	137	32
2	1	3	2	165	32
3	2	3	2	114	3
2	3	3	2	259	4
2	0	1	3	94	8
1	3	4	2	73	3
0	3	0	1	69	8
2	0	6	3	224	4
1	3	2	2	167	32
1	2	5	2	301	8
3	2	4	2	57	3
3	2	1	2	121	4
3	2	5	2	282	32
1	3	1	2	128	32
2	0	2	3	242	8
3	0	4	3	46	4
2	3	7	2	163	3
3	1	7	2	46	32
1	3	3	2	14	32
3	2	3	2	256	4
3	2	1	2	98	3
1	0	4	3	138	4
1	2	6	2	210	3
0	3	0	1	161	4
2	1	4	2	165	4
1	0	6	3	248	32
1	2	4	2	130	4
1	2	2	2	5	3
1	3	1	2	6	8
0	2	0	1	260	32
3	0	1	3	152	3
0	1	0	1	77	3
0	1	0	1	167	4
2	1	5	2	30	8
1	0	6	3	202	32
3	2	4	2	23	3
0	2	0	1	249	32
3	2	5	2	19	4
0	2	0	1	106	32
2	3	1	2	6	4
1	3	2	2	96	4
2	1	7	2	21	8
0	3	0	1	284	4
0	2	0	1	88	8
2	3	2	2	160	8
2	3	1	2	167	4
0	3	0	1	234	32
3	0	3	3	186	3
1	3	5	2	307	4
2	1	4	2	206	32
3	1	5	2	170	4
1	0	4	3	40	32
0	1	0	1	275	8
0	2	0	1	195	8
2	0	7	3	3	4
2	3	1	2	159	3
2	0	3	3	13	8
0	3	0	1	6	8
3	0	1	3	45	4
2	1	2	2	50	8
0	3	0	1	156	3
2	1	4	2	147	4
2	3	3	2	165	4
3	2	4	2	314	3
3	1	3	2	312	4
3	1	4	2	293	3
2	3	3	2	150	8
0	3	0	1	75	32
3	2	5	2	129	3
3	0	2	3	15	8
3	1	4	2	310	8
2	3	1	2	32	4
1	0	7	3	44	8
1	2	7	2	182	3
3	2	2	2	51	8
1	3	3	2	116	32
0	3	0	1	175	8
2	3	2	2	8	4
2	3	7	2	179	3
2	3	3	2	178	8
2	1	6	2	36	32
2	0	6	3	296	4
1	0	6	3	34	3
3	0	3	3	235	8
3	2	2	2	180	4
1	2	7	2	48	3
2	0	7	3	186	4
3	0	5	3	272	32
2	0	2	3	92	3
3	2	7	2	32	4
2	3	3	2	180	8
2	3	3	2	71	8
2	3	4	2	169	3
2	0	2	3	192	3
2	0	7	3	129	32
0	2	0	1	14	3
2	0	3	3	142	8
2	3	1	2	185	8
0	2	0	1	111	4
0	3	0	1	214	4
1	2	4	2	303	4
2	1	2	2	114	4
0	1	0	1	280	3
3	0	4	3	13	4
2	0	1	3	203	8
2	3	3	2	116	3
2	3	7	2	117	4
1	2	2	2	174	4
3	0	5	3	36	3
1	3	2	2	30	3
0	3	0	1	141	4
0	1	0	1	255	3
3	1	2	2	174	8
0	2	0	1	177	4
0	1	0	1	52	32
1	2	1	2	308	3
0	1	0	1	57	8
2	3	6	2	206	3
3	1	6	2	229	4
1	2	2	2	78	8
3	0	2	3	240	32
0	3	0	1	158	8
2	3	5	2	2	4
2	3	6	2	23	8
3	2	4	2	23	4
1	2	5	2	114	3
3	2	5	2	241	8
2	0	1	3	34	3
1	2	2	2	7	8
0	2	0	1	11	3
3	0	1	3	208	8
1	3	7	2	66	4
1	2	3	2	8	32
2	0	1	3	22	32
0	3	0	1	150	8
2	3	1	2	245	8
2	1	3	2	281	32
1	3	2	2	217	4
0	3	0	1	135	8
1	0	1	3	192	32
3	0	2	3	304	3
3	0	5	3	189	8
2	0	1	3	106	8
2	0	7	3	301	3
2	1	7	2	311	4
0	2	0	1	222	3
1	0	6	3	31	4
0	2	0	1	137	4
0	3	0	1	94	3
3	1	5	2	56	4
0	2	0	1	221	8
0	3	0	1	49	32
3	2	3	2	154	3
2	0	6	3	285	3
1	2	1	2	129	8
2	0	6	3	248	32
0	3	0	1	16	8
2	3	4	2	282	4
0	3	0	1	242	3
2	3	2	2	32	8
2	1	7	2	159	3
1	0	4	3	180	3
1	2	1	2	15	3
1	3	1	2	197	4
1	2	1	2	125	8
0	3	0	1	155	32
0	1	0	1	198	4
0	1	0	1	226	3
1	0	1	3	307	4
1	3	5	2	78	32
3	2	2	2	193	3
1	3	3	2	101	4
0	3	0	1	59	3
0	3	0	1	307	3
2	1	5	2	271	8
2	0	6	3	156	32
3	0	2	3	98	8
3	2	6	2	285	8
1	0	6	3	22	8
3	1	3	2	231	4
3	0	2	3	284	4
1	2	2	2	77	8
3	1	6	2	181	4
0	2	0	1	248	32
1	2	7	2	46	8
2	1	2	2	220	32
0	3	0	1	221	4
0	3	0	1	213	8
2	3	3	2	238	4
1	0	1	3	268	3
2	1	6	2	301	3
0	3	0	1	208	3
0	2	0	1	129	3
3	1	1	2	122	3
0	2	0	1	44	4
1	0	7	3	90	3
0	3	0	1	52	8
0	1	0	1	214	8
1	2	6	2	274	32
2	1	1	2	173	3
3	2	6	2	257	4
1	0	6	3	239	3
1	3	5	2	173	32
0	2	0	1	4	8
0	1	0	1	285	32
0	3	0	1	84	8
1	2	7	2	99	8
2	3	5	2	5	4
2	0	3	3	3	3
3	0	1	3	28	8
1	0	7	3	177	8
1	0	6	3	89	4
3	1	6	2	286	4
1	2	2	2	169	3
2	3	7	2	20	32
2	3	2	2	76	32
3	0	4	3	94	32
2	0	2	3	179	4
2	1	7	2	290	8
1	0	6	3	58	32
2	0	1	3	120	32
2	1	5	2	45	8
3	2	3	2	277	8
2	0	2	3	106	8
0	1	0	1	211	32
2	3	4	2	272	4
3	0	4	3	74	8
0	3	0	1	53	32
1	2	5	2	193	8
3	2	6	2	83	32
0	2	0	1	130	3
0	3	0	1	241	3
2	1	6	2	136	4
0	2	0	1	128	4
1	0	5	3	187	8
0	3	0	1	36	8
1	3	2	2	18	32
3	2	5	2	205	3
1	0	4	3	310	3
2	1	4	2	34	4
0	3	0	1	81	32
1	0	6	3	93	8
0	1	0	1	268	32
1	2	3	2	33	4
2	0	3	3	220	3
0	1	0	1	21	3
3	0	1	3	214	4
1	0	6	3	187	8
1	0	5	3	106	32
3	0	4	3	190	8
3	0	3	3	87	4
3	0	1	3	248	8
1	3	4	2	239	4
1	3	3	2	190	3
0	2	0	1	48	4
3	2	5	2	199	8
2	1	1	2	213	32
1	0	4	3	83	8
1	2	3	2	278	32
2	3	6	2	205	8
3	0	4	3	138	4
0	2	0	1	87	3
0	2	0	1	145	3
1	2	1	2	7	32
1	0	4	3	159	3
2	0	7	3	126	8
3	2	2	2	309	4
2	3	1	2	219	4
1	2	4	2	102	4
1	2	6	2	33	3
2	0	1	3	264	32
3	0	1	3	235	8
0	3	0	1	169	3
1	0	1	3	7	4
2	1	1	2	23	3
2	0	7	3	51	3
2	0	1	3	111	32
1	2	7	2	53	8
2	0	3	3	275	3
0	1	0	1	186	8
3	1	2	2	15	3
3	1	4	2	183	32
0	2	0	1	79	32
0	2	0	1	94	4
3	2	2	2	156	3
3	0	2	3	257	32
1	3	5	2	112	8
3	2	7	2	235	4
3	0	5	3	189	8
1	0	1	3	6	3
3	2	3	2	79	3
2	0	3	3	227	8
0	1	0	1	68	3
2	3	6	2	179	3
0	1	0	1	98	4
0	3	0	1	56	4
0	1	0	1	35	32
1	0	5	3	8	3
3	0	1	3	70	4
3	2	4	2	185	4
2	0	2	3	89	4
3	2	6	2	227	32
1	0	4	3	122	4
3	0	2	3	312	8
0	1	0	1	65	8
0	1	0	1	269	8
1	2	3	2	108	3
1	0	5	3	44	32
0	1	0	1	217	4
0	2	0	1	302	8
0	1	0	1	210	3
3	1	2	2	101	32
1	0	4	3	118	8
0	2	0	1	18	32
0	3	0	1	146	8
3	1	7	2	38	3
1	0	5	3	30	32
2	1	1	2	271	4
3	0	3	3	267	3
3	1	2	2	192	4
3	1	6	2	125	4
0	1	0	1	213	32
1	0	6	3	29	8
2	3	3	2	303	4
2	0	1	3	312	3
3	0	5	3	293	3
3	0	3	3	79	32
3	0	3	3	188	32
2	3	6	2	64	4
3	1	5	2	18	4
0	2	0	1	236	4
3	0	3	3	89	32
1	0	1	3	254	3
3	2	1	2	276	3
1	0	5	3	165	4
2	0	2	3	125	32
1	3	1	2	124	3
1	2	6	2	129	32
1	3	6	2	284	8
1	0	6	3	277	3
0	1	0	1	122	3
0	1	0	1	106	4
0	2	0	1	117	4
1	0	7	3	88	4
0	3	0	1	266	4
3	0	3	3	216	4
2	1	3	2	184	4
1	2	5	2	97	3
1	0	1	3	119	3
1	3	4	2	294	3
2	3	5	2	85	3
3	2	4	2	77	8
0	1	0	1	151	4
0	1	0	1	175	3
0	2	0	1	173	3
2	3	5	2	180	3
1	2	7	2	116	32
2	0	1	3	19	3
1	2	1	2	309	4
1	3	6	2	3	3
3	1	7	2	190	32
3	1	3	2	211	32
3	1	2	2	262	32
1	3	5	2	240	32
0	3	0	1	193	32
2	0	3	3	112	3
3	0	5	3	251	8
0	2	0	1	308	4
2	0	3	3	147	3
2	1	7	2	314	3
0	3	0	1	3	3
0	2	0	1	56	32
1	0	1	3	31	8
3	2	2	2	129	4
3	2	5	2	88	4
2	0	2	3	181	32
3	2	6	2	226	8
1	0	7	3	239	32
0	1	0	1	107	8
1	0	1	3	144	4
0	2	0	1	38	32
1	3	5	2	163	3
3	0	4	3	19	32
2	3	7	2	203	32
1	2	3	2	249	4
2	0	1	3	138	32
1	0	4	3	191	3
0	1	0	1	183	3
3	0	3	3	240	4
1	0	5	3	221	32
2	1	4	2	166	3
1	0	1	3	302	8
0	1	0	1	18	8
1	3	2	2	68	4
3	2	4	2	197	32
3	0	3	3	225	3
1	3	7	2	230	3
1	2	5	2	229	32
2	1	3	2	68	8
2	3	7	2	282	32
3	0	3	3	130	8
3	2	4	2	155	3
2	1	1	2	33	32
0	1	0	1	210	3
3	1	6	2	267	4
2	0	3	3	43	32
3	2	7	2	140	32
1	3	2	2	290	4
0	3	0	1	312	3
0	1	0	1	218	4
3	1	7	2	266	8
1	3	6	2	9	4
1	3	4	2	28	8
2	3	2	2	294	3
0	2	0	1	174	32
3	2	7	2	145	8
1	3	5	2	255	4
3	1	4	2	299	8
1	0	1	3	36	8
2	3	1	2	166	8
0	3	0	1	79	3
2	0	6	3	60	8
1	2	7	2	2	32
2	3	6	2	8	8
0	2	0	1	28	4
3	1	7	2	286	4
3	2	1	2	221	8
2	3	6	2	183	32
0	2	0	1	252	3
2	0	6	3	146	32
0	3	0	1	132	3
1	2	3	2	259	8
2	0	7	3	21	8
0	2	0	1	197	32
0	1	0	1	126	4
1	0	6	3	293	8
0	2	0	1	134	3
3	0	1	3	236	8
2	3	7	2	181	3
3	2	7	2	264	8
3	1	4	2	55	3
0	1	0	1	255	8
2	0	2	3	239	3
2	3	4	2	289	4
1	2	2	2	307	3
1	0	1	3	143	4
1	3	7	2	248	3
1	3	4	2	178	4
0	1	0	1	107	32
1	2	5	2	115	3
3	2	5	2	88	8
0	2	0	1	287	4
0	1	0	1	76	8
1	0	1	3	75	8
1	2	6	2	53	8
0	3	0	1	305	4
0	1	0	1	201	8
3	0	3	3	105	4
3	1	4	2	186	4
1	3	4	2	282	4
3	2	2	2	222	8
1	3	4	2	152	32
2	1	4	2	120	4
0	3	0	1	281	32
2	0	3	3	65	4
0	1	0	1	271	32
2	0	1	3	214	32
0	2	0	1	218	4
1	0	5	3	173	32
1	0	1	3	145	32
1	0	7	3	288	4
1	0	7	3	61	4
3	1	1	2	98	4
3	0	2	3	259	8
1	0	6	3	128	8
3	2	1	2	219	8
0	1	0	1	75	8
1	2	3	2	211	32
3	2	4	2	128	32
0	1	0	1	71	3
2	1	5	2	238	8
2	0	2	3	85	4
1	3	5	2	220	8
0	1	0	1	298	4
3	1	6	2	85	4
0	3	0	1	215	8
0	2	0	1	235	3
3	0	3	3	306	4
0	2	0	1	137	32
0	2	0	1	54	4
0	1	0	1	146	3
1	0	5	3	241	3
3	1	1	2	124	8
0	1	0	1	303	8
3	0	2	3	17	4
1	0	1	3	11	32
3	2	3	2	277	4
1	2	1	2	276	3
1	3	1	2	303	4
1	0	6	3	204	8
0	1	0	1	273	8
3	1	4	2	39	8
1	3	1	2	20	8
2	1	6	2	130	32
0	2	0	1	213	32
3	1	4	2	18	8
2	0	6	3	155	32
3	1	7	2	274	3
1	0	4	3	250	3
2	1	6	2	237	4
1	3	3	2	30	4
3	1	6	2	218	4
2	3	2	2	104	4
3	0	4	3	198	8
2	3	5	2	147	4
0	1	0	1	223	32
2	3	5	2	89	3
2	0	1	3	186	4
1	2	7	2	100	8
0	2	0	1	219	4
1	0	1	3	176	3
3	2	4	2	298	3
1	3	2	2	245	3
2	3	3	2	227	4
3	2	7	2	275	8
0	1	0	1	43	3
3	0	1	3	271	32
1	0	6	3	128	3
3	2	4	2	207	4
0	3	0	1	210	32
1	0	4	3	209	8
3	1	3	2	247	3
2	1	3	2	57	4
0	1	0	1	234	4
3	1	6	2	57	32
3	1	7	2	100	4
0	3	0	1	130	3
0	1	0	1	271	4
0	1	0	1	113	8
3	1	2	2	214	3
1	3	3	2	137	8
3	0	1	3	237	32
2	0	7	3	193	32
0	2	0	1	79	8
0	2	0	1	105	32
1	0	4	3	304	3
3	0	4	3	278	4
1	0	5	3	151	3
0	3	0	1	275	32
0	1	0	1	9	3
3	0	3	3	267	4
1	0	1	3	187	32
0	2	0	1	249	4
3	0	2	3	190	8
3	1	1	2	23	3
0	3	0	1	308	8
1	0	7	3	140	4
0	2	0	1	120	4
0	2	0	1	301	4
1	3	7	2	32	3
0	3	0	1	54	32
2	1	2	2	259	32
3	2	2	2	190	4
3	0	1	3	111	32
1	2	1	2	78	3
3	1	3	2	26	8
1	0	4	3	90	3
1	0	5	3	47	4
2	3	2	2	148	32
0	2	0	1	52	8
3	0	3	3	53	4
1	2	4	2	1	32
0	1	0	1	237	3
2	0	6	3	299	3
1	3	4	2	289	4
2	1	6	2	250	8
1	0	7	3	117	4
0	1	0	1	117	32
2	1	2	2	191	4
0	1	0	1	249	3
0	2	0	1	292	3
3	1	1	2	63	3
1	3	1	2	109	8
0	2	0	1	44	3
2	0	6	3	268	3
2	3	6	2	118	32
2	1	2	2	194	3
3	1	6	2	258	4
2	3	4	2	214	4
0	1	0	1	221	3
0	1	0	1	284	3
3	1	3	2	185	8
0	3	0	1	284	4
2	3	4	2	259	3
0	1	0	1	61	4
1	2	2	2	142	3
2	1	3	2	316	3
0	2	0	1	138	4
1	2	3	2	110	4
3	1	4	2	183	3
2	3	6	2	188	3
2	3	3	2	265	32
0	3	0	1	165	8
1	3	6	2	246	3
1	0	7	3	177	8
2	0	2	3	123	3
2	0	7	3	20	3
2	1	5	2	308	3
3	0	3	3	93	3
3	2	1	2	125	4
1	0	7	3	178	3
1	3	4	2	186	4
3	1	4	2	162	32
2	3	7	2	103	4
1	2	1	2	70	32
1	0	7	3	175	4
2	1	3	2	249	3
0	1	0	1	12	32
2	1	6	2	202	32
3	2	2	2	238	32
3	2	2	2	261	4
3	0	3	3	11	4
1	3	4	2	162	3
2	3	7	2	196	3
0	2	0	1	10	4
2	3	4	2	253	32
0	2	0	1	198	8
0	3	0	1	162	32
2	0	2	3	245	32
2	3	4	2	0	32
3	2	3	2	70	3
3	1	6	2	122	4
1	3	6	2	78	4
2	0	3	3	56	3
2	0	1	3	54	8
0	1	0	1	264	8
3	0	3	3	212	4
2	1	4	2	112	8
3	1	7	2	198	8
0	3	0	1	187	4
0	1	0	1	145	3
2	3	5	2	231	4
3	1	4	2	235	8
0	1	0	1	271	8
2	0	2	3	65	32
0	3	0	1	256	32
3	2	4	2	227	32
3	0	4	3	133	32
0	2	0	1	147	4
3	2	4	2	224	3
2	0	3	3	219	8
0	2	0	1	67	3
2	3	5	2	116	3
0	2	0	1	49	32
2	3	4	2	183	8
1	2	4	2	247	4
2	3	4	2	154	3
2	0	2	3	134	3
2	3	5	2	81	32
3	1	5	2	242	3
2	1	7	2	66	32
0	1	0	1	279	32
3	0	1	3	292	8
1	2	1	2	49	3
1	0	4	3	161	4
3	2	5	2	64	8
2	3	3	2	60	3
0	2	0	1	126	3
0	1	0	1	199	32
1	2	7	2	72	3
1	0	7	3	314	4
3	2	4	2	26	4
2	0	2	3	228	32
1	2	1	2	211	8
3	2	4	2	203	32
2	0	3	3	45	8
0	2	0	1	247	4
2	0	6	3	210	8
2	1	5	2	167	8
3	1	7	2	313	3
3	1	5	2	236	3
1	0	7	3	123	8
1	3	2	2	263	32
1	2	7	2	169	3
3	1	5	2	5	8
3	1	2	2	304	4
0	3	0	1	47	3
1	2	7	2	116	4
0	1	0	1	2	32
3	2	7	2	257	3
3	0	1	3	162	32
0	2	0	1	268	8
0	2	0	1	133	8
2	0	2	3	64	3
3	2	6	2	305	8
0	1	0	1	291	8
3	2	6	2	259	4
1	0	4	3	14	8
0	1	0	1	186	32
3	2	5	2	170	32
3	2	3	2	205	4
1	3	7	2	138	32
2	0	7	3	48	32
1	2	6	2	184	32
0	1	0	1	217	3
0	2	0	1	128	4
0	3	0	1	42	4
0	3	0	1	64	3
2	0	7	3	14	8
1	2	4	2	26	4
1	0	7	3	214	3
1	2	6	2	20	8
2	0	1	3	45	8
1	2	3	2	296	3
2	1	4	2	222	4
3	1	4	2	58	8
0	1	0	1	23	32
2	0	2	3	78	8
3	1	4	2	303	3
0	2	0	1	208	3
2	0	1	3	247	8
0	1	0	1	2	3
3	2	4	2	96	32
0	1	0	1	6	8
0	2	0	1	182	3
1	2	5	2	182	8
0	1	0	1	15	3
0	3	0	1	49	4
1	2	5	2	149	8
2	1	3	2	288	4
3	2	1	2	211	32
0	3	0	1	23	32
0	2	0	1	179	32
3	1	6	2	37	8
3	2	3	2	65	8
1	0	6	3	94	32
2	0	2	3	19	32
0	2	0	1	89	32
2	1	3	2	105	32
1	3	2	2	120	8
1	3	3	2	175	3
3	1	1	2	111	8
0	2	0	1	285	3
2	1	1	2	136	32
1	0	5	3	305	4
1	2	7	2	220	4
2	1	5	2	150	32
1	3	7	2	232	8
1	2	7	2	282	4
3	1	7	2	211	8
3	2	6	2	154	4
2	0	3	3	213	32
0	3	0	1	26	8
1	3	2	2	131	8
1	2	3	2	123	32
2	1	5	2	21	8
2	0	1	3	93	4
3	2	7	2	264	32
1	0	1	3	27	3
1	2	1	2	217	4
2	0	3	3	158	4
0	2	0	1	91	4
0	2	0	1	77	3
0	2	0	1	168	32
3	2	7	2	277	32
2	1	6	2	234	3
2	3	1	2	174	4
3	2	6	2	21	4
0	3	0	1	130	32
1	0	6	3	95	3
1	2	3	2	30	8
3	0	3	3	275	32
2	0	3	3	215	8
2	3	1	2	250	8
3	0	2	3	151	3
1	2	4	2	221	3
0	3	0	1	206	32
2	3	4	2	136	32
0	1	0	1	183	8
2	3	4	2	282	4
2	0	1	3	114	4
0	2	0	1	311	3
0	3	0	1	112	3
3	1	2	2	159	3
3	1	6	2	152	3
1	0	7	3	98	8
1	0	7	3	144	32
0	3	0	1	14	8
3	2	1	2	158	8
1	2	4	2	145	8
2	1	6	2	142	8
2	0	3	3	251	3
3	0	1	3	212	32
0	2	0	1	129	4
0	2	0	1	234	8
2	3	5	2	236	3
2	0	3	3	88	32
2	1	3	2	199	32
3	1	5	2	152	32
0	2	0	1	266	32
1	0	5	3	77	3
2	1	7	2	165	8
3	0	4	3	287	8
0	1	0	1	231	32
0	1	0	1	242	3
3	0	2	3	80	8
1	3	6	2	171	32
1	0	5	3	292	4
3	0	1	3	39	8
2	3	3	2	18	32
0	1	0	1	12	3
2	3	3	2	78	8
0	3	0	1	104	3
3	2	4	2	24	4
0	3	0	1	263	32
0	2	0	1	201	32
0	1	0	1	204	32
2	1	4	2	135	4
3	2	2	2	162	32
3	0	1	3	182	3
2	3	1	2	89	4
2	1	6	2	279	8
1	0	6	3	15	8
2	3	5	2	7	8
0	3	0	1	142	3
2	0	6	3	156	8
2	0	3	3	269	3
1	0	6	3	95	8
0	2	0	1	208	8
2	3	1	2	52	4
0	1	0	1	108	3
0	1	0	1	31	32
3	2	7	2	223	3
3	1	3	2	302	8
0	2	0	1	130	3
3	0	4	3	242	4
3	2	2	2	75	4
2	0	6	3	91	8
2	1	7	2	122	3
0	1	0	1	142	8
2	0	3	3	109	4
3	1	1	2	151	32
0	1	0	1	91	8
0	2	0	1	10	32
2	3	3	2	42	4
2	3	6	2	51	8
3	1	1	2	180	4
2	3	2	2	269	32
1	2	3	2	134	3
2	0	2	3	195	4
0	1	0	1	119	3
3	0	5	3	287	8
3	2	4	2	140	3
2	3	6	2	198	32
1	2	3	2	258	3
1	0	7	3	227	32
1	3	2	2	289	3
0	3	0	1	40	8
3	2	1	2	12	3
2	1	5	2	20	32
1	3	5	2	217	4
2	0	2	3	169	32
3	1	7	2	33	32
2	3	6	2	18	8
2	0	2	3	58	3
1	2	5	2	137	3
1	2	2	2	268	32
0	3	0	1	87	4
2	0	3	3	180	4
3	0	1	3	55	4
3	2	1	2	2	4
2	1	1	2	153	32
0	1	0	1	262	3
0	2	0	1	304	8
2	3	4	2	285	8
0	2	0	1	116	8
1	3	2	2	220	32
1	0	1	3	298	8
3	1	6	2	244	8
0	1	0	1	195	3
2	1	2	2	225	4
3	2	5	2	41	3
3	0	3	3	311	4
0	1	0	1	150	4
3	2	6	2	64	8
3	0	4	3	14	8
1	2	6	2	0	8
2	0	1	3	242	4
3	2	7	2	5	8
1	0	5	3	90	32
1	2	5	2	195	32
2	1	2	2	105	4
2	3	3	2	256	3
2	0	3	3	132	4
3	0	2	3	91	8
1	2	2	2	105	8
0	1	0	1	152	3
1	0	7	3	106	8
3	1	6	2	68	8
0	2	0	1	260	3
1	2	7	2	273	3
2	1	4	2	71	4
2	3	7	2	274	3
3	2	6	2	185	32
3	1	7	2	257	4
3	1	6	2	268	8
2	1	3	2	18	3
3	0	1	3	139	3
0	1	0	1	2	4
2	0	2	3	189	3
1	3	6	2	162	8
3	0	4	3	65	3
1	0	7	3	309	3
1	2	1	2	177	3
3	1	1	2	75	32
3	1	2	2	61	4
1	2	6	2	124	4
2	3	7	2	86	3
3	1	2	2	102	32
0	3	0	1	31	3
3	1	2	2	260	32
2	0	1	3	82	8
3	2	6	2	219	3
0	1	0	1	17	4
3	1	6	2	80	32
2	1	4	2	210	8
2	3	1	2	103	4
1	2	6	2	295	8
2	3	6	2	183	8
1	2	5	2	11	8
2	1	7	2	146	4
2	1	2	2	53	4
1	3	7	2	64	8
1	2	5	2	16	4
1	2	4	2	266	32
2	0	1	3	0	32
0	2	0	1	299	3
0	2	0	1	6	3
1	0	6	3	273	3
2	1	7	2	195	8
3	2	5	2	167	8
2	1	3	2	146	8
0	1	0	1	17	4
1	0	1	3	295	4
1	0	4	3	84	8
2	0	3	3	105	8
0	2	0	1	96	32
0	2	0	1	127	8
0	2	0	1	219	32
0	2	0	1	59	32
1	0	6	3	97	3
1	3	5	2	204	4
2	3	7	2	196	4
2	0	3	3	210	4
1	3	7	2	125	3
2	0	7	3	281	32
0	2	0	1	256	8
2	0	7	3	97	32
2	3	2	2	223	3
2	0	7	3	176	8
3	2	3	2	258	32
1	0	6	3	28	32
0	3	0	1	186	32
3	0	3	3	302	8
1	3	6	2	3	8
3	2	4	2	177	32
2	1	5	2	139	3
0	3	0	1	57	32
2	0	6	3	91	4
2	1	7	2	290	8
3	2	6	2	99	4
0	1	0	1	66	32
2	1	5	2	135	4
2	3	4	2	100	3
2	0	3	3	296	8
1	0	1	3	5	8
2	3	4	2	153	3
1	0	4	3	314	4
1	2	1	2	315	3
2	0	3	3	71	32
3	2	6	2	33	3
3	0	2	3	190	3
1	3	1	2	234	8
0	2	0	1	207	4
1	3	5	2	153	8
0	2	0	1	313	4
1	2	7	2	169	3
1	2	1	2	29	32
2	1	3	2	99	4
3	2	3	2	168	3
1	2	1	2	61	8
3	2	3	2	52	3
0	3	0	1	278	8
0	2	0	1	44	3
2	1	5	2	146	3
2	1	3	2	54	3
0	2	0	1	24	8
3	2	3	2	315	4
1	2	4	2	266	4
2	3	5	2	12	3
1	3	3	2	85	32
2	1	7	2	258	32
1	0	5	3	99	3
1	2	1	2	148	8
3	1	3	2	270	32
3	1	2	2	243	4
1	0	6	3	86	3
2	3	2	2	236	32
0	1	0	1	64	8
0	2	0	1	67	4
0	2	0	1	156	32
1	2	5	2	88	32
3	0	5	3	155	4
3	0	2	3	142	3
3	1	4	2	71	8
0	3	0	1	29	32
3	1	4	2	220	3
2	0	3	3	229	3
3	2	4	2	275	3
0	2	0	1	64	8
1	3	1	2	121	4
1	2	3	2	252	3
3	0	3	3	118	4
3	0	2	3	158	4
1	3	3	2	305	4
0	3	0	1	98	4
1	0	7	3	239	8
0	2	0	1	161	32
0	2	0	1	35	8
1	3	3	2	142	8
0	1	0	1	88	4
1	2	7	2	277	32
0	3	0	1	33	32
2	0	2	3	201	3
2	3	5	2	135	32
0	3	0	1	26	8
0	3	0	1	76	3
3	0	2	3	286	8
0	3	0	1	149	3
2	1	6	2	160	32
3	1	2	2	76	32
1	2	3	2	276	8
3	2	6	2	172	3
1	0	5	3	156	32
0	3	0	1	41	32
0	1	0	1	230	3
0	1	0	1	122	8
2	3	1	2	284	3
2	0	7	3	287	8
2	1	4	2	209	3
3	0	1	3	108	4
1	2	1	2	121	3
0	1	0	1	233	4
3	0	4	3	153	8
2	1	1	2	64	8
3	2	2	2	168	32
1	2	4	2	121	3
1	0	7	3	161	32
2	1	3	2	126	4
0	1	0	1	203	32
1	3	3	2	48	32
2	0	3	3	187	4
2	1	6	2	251	8
3	2	7	2	222	32
2	1	4	2	217	4
0	1	0	1	128	4
1	0	1	3	195	4
0	3	0	1	64	8
3	2	7	2	217	4
1	0	4	3	223	8
3	0	2	3	112	32
2	3	1	2	55	8
3	0	3	3	142	3
2	3	1	2	228	8
1	0	6	3	190	32
1	3	1	2	210	32
1	3	2	2	196	4
2	1	4	2	220	8
3	1	2	2	70	8
2	1	1	2	22	3
1	0	6	3	40	32
1	0	1	3	110	4
0	1	0	1	314	4
2	0	1	3	37	4
0	1	0	1	101	32
0	2	0	1	123	32
3	2	4	2	308	8
0	3	0	1	270	8
3	0	4	3	171	32
0	2	0	1	196	4
3	2	2	2	6	8
2	3	2	2	274	32
3	2	5	2	176	32
3	2	5	2	242	32
2	3	6	2	129	32
0	1	0	1	120	8
1	2	1	2	249	8
1	3	7	2	178	32
3	0	5	3	5	4
2	0	2	3	109	8
2	0	1	3	308	8
1	0	1	3	278	8
0	2	0	1	237	4
2	0	6	3	193	32
2	0	7	3	144	3
3	1	4	2	137	4
3	0	1	3	84	8
3	2	3	2	164	4
3	1	1	2	138	4
2	3	5	2	263	32
2	3	6	2	252	8
3	2	1	2	176	8
0	1	0	1	8	4
0	1	0	1	60	3
3	2	3	2	221	4
2	0	3	3	173	3
3	2	4	2	163	4
2	1	5	2	114	4
0	1	0	1	222	4
0	1	0	1	203	4
2	1	1	2	172	4
2	3	2	2	116	32
1	3	6	2	200	4
0	2	0	1	71	32
3	2	1	2	34	32
0	3	0	1	125	32
1	2	6	2	199	4
0	3	0	1	202	32
1	3	1	2	80	8
1	3	4	2	38	32
2	3	5	2	2	32
3	0	2	3	3	4
2	0	3	3	235	4
2	0	3	3	278	8
1	2	6	2	233	3
3	0	4	3	108	8
0	2	0	1	4	3
3	2	3	2	193	32
0	2	0	1	253	8
2	0	7	3	308	8
0	3	0	1	261	4
2	3	7	2	53	4
3	2	3	2	8	4
3	0	5	3	53	3
1	2	3	2	110	32
1	2	4	2	14	3
1	0	4	3	236	32
2	1	5	2	90	32
0	2	0	1	49	32
3	2	2	2	221	4
1	0	1	3	189	8
1	3	4	2	262	3
3	2	3	2	200	8
0	2	0	1	188	3
3	0	1	3	24	32
3	2	4	2	272	8
0	2	0	1	17	8
1	3	6	2	114	4
0	3	0	1	188	3
0	1	0	1	163	3
2	3	6	2	235	3
0	3	0	1	245	32
1	3	5	2	304	8
1	3	4	2	11	3
2	0	6	3	259	32
2	3	2	2	146	8
3	0	2	3	141	3
0	1	0	1	282	4
3	2	5	2	68	4
2	3	5	2	41	8
3	2	7	2	58	32
3	2	3	2	197	3
0	3	0	1	1	3
3	1	4	2	178	3
2	0	1	3	12	3
2	3	3	2	205	32
2	3	7	2	22	8
0	3	0	1	32	4
0	3	0	1	218	8
3	2	4	2	247	32
1	3	1	2	201	8
2	1	7	2	83	32
1	0	1	3	181	8
1	3	5	2	274	32
0	1	0	1	156	8
1	2	1	2	115	4
1	2	4	2	223	3
0	2	0	1	221	8
3	2	3	2	224	8
2	0	6	3	18	4
2	0	2	3	155	8
1	2	7	2	270	3
1	0	7	3	127	3
2	3	5	2	115	3
0	1	0	1	60	32
3	2	5	2	108	32
3	2	4	2	115	3
0	3	0	1	75	32
0	1	0	1	148	8
2	0	1	3	280	32
1	2	7	2	190	8
