2	1	4	2	200	4
2	3	3	2	185	4
2	0	2	3	56	32
2	3	4	2	265	3
0	2	0	1	79	8
0	2	0	1	272	8
1	0	5	3	232	3
2	0	7	3	188	3
0	1	0	1	185	4
3	2	3	2	37	3
1	2	7	2	105	4
2	3	6	2	188	8
3	2	7	2	131	4
2	1	4	2	186	4
0	3	0	1	146	3
1	0	6	3	107	8
2	3	2	2	37	32
1	3	5	2	208	3
3	0	2	3	9	32
0	2	0	1	183	4
2	1	2	2	198	32
0	3	0	1	148	4
0	1	0	1	55	4
1	0	7	3	175	8
2	3	4	2	267	32
2	3	5	2	215	3
1	3	5	2	10	3
3	1	7	2	17	8
1	3	6	2	231	4
1	2	6	2	95	4
0	2	0	1	92	4
1	0	1	3	240	32
2	1	3	2	92	8
0	2	0	1	83	8
1	0	7	3	41	8
0	2	0	1	114	32
2	3	2	2	109	3
1	3	3	2	34	3
2	1	1	2	239	32
3	1	4	2	309	8
3	2	2	2	43	3
1	3	3	2	64	8
1	2	3	2	238	32
3	1	4	2	140	3
3	2	1	2	128	4
1	3	6	2	125	4
2	3	5	2	235	8
0	3	0	1	14	4
2	3	2	2	215	3
2	0	1	3	188	32
1	0	5	3	31	8
1	0	7	3	144	4
1	3	6	2	133	4
1	2	2	2	213	32
0	3	0	1	206	8
2	0	7	3	243	3
2	0	1	3	18	3
0	3	0	1	240	8
3	1	4	2	188	32
3	1	7	2	97	4
1	0	1	3	246	32
1	0	6	3	273	4
0	1	0	1	72	4
1	2	1	2	260	8
2	0	3	3	297	4
0	3	0	1	284	8
0	2	0	1	174	3
1	2	7	2	203	8
0	1	0	1	27	32
0	1	0	1	2	3
1	0	4	3	74	3
0	3	0	1	174	8
2	0	2	3	173	8
0	2	0	1	142	32
1	3	6	2	265	8
1	3	1	2	240	4
0	2	0	1	196	3
2	0	2	3	151	4
1	0	4	3	246	3
1	2	7	2	236	4
2	3	3	2	25	8
3	1	4	2	248	8
1	0	7	3	190	32
2	3	4	2	49	8
1	2	6	2	240	8
3	2	3	2	233	4
2	1	6	2	88	32
1	2	6	2	155	4
1	2	7	2	275	4
3	2	5	2	31	4
3	1	7	2	31	8
0	1	0	1	30	8
2	1	2	2	203	3
0	1	0	1	81	32
3	1	2	2	32	8
3	0	5	3	84	4
3	1	3	2	15	4
0	3	0	1	239	32
2	1	6	2	122	3
3	1	5	2	200	4
0	1	0	1	153	3
2	0	1	3	15	32
2	0	7	3	180	3
1	3	2	2	281	3
3	0	1	3	186	4
1	0	6	3	53	8
3	0	2	3	303	3
0	1	0	1	182	32
3	0	5	3	1	8
1	0	4	3	23	8
3	2	1	2	52	3
0	2	0	1	59	4
1	0	6	3	143	32
3	2	2	2	111	3
0	3	0	1	222	4
3	1	2	2	154	32
0	2	0	1	101	4
1	2	3	2	217	4
2	1	3	2	310	8
0	3	0	1	21	32
1	2	1	2	50	8
1	3	1	2	269	32
3	1	1	2	48	4
2	0	6	3	203	32
1	3	4	2	316	3
2	0	6	3	124	3
1	2	1	2	159	8
2	0	3	3	108	4
1	0	7	3	31	8
2	1	4	2	98	3
2	1	3	2	93	3
1	3	3	2	16	3
2	1	1	2	257	8
0	3	0	1	290	3
1	0	6	3	288	32
1	2	2	2	258	4
1	2	6	2	138	32
0	2	0	1	17	32
2	3	6	2	76	4
2	3	2	2	283	3
0	2	0	1	134	4
3	0	4	3	260	8
2	0	2	3	163	3
2	3	6	2	109	8
3	1	5	2	108	32
1	3	1	2	276	32
2	1	7	2	284	4
3	1	4	2	108	8
2	1	7	2	120	4
1	3	3	2	262	32
0	1	0	1	49	3
3	2	4	2	304	4
2	0	6	3	147	3
3	2	5	2	23	8
1	0	6	3	283	8
3	2	1	2	175	3
2	1	5	2	21	32
0	1	0	1	51	3
3	1	5	2	278	8
0	2	0	1	35	4
3	2	3	2	232	8
3	0	1	3	299	4
3	1	6	2	260	8
2	1	5	2	241	32
1	0	6	3	171	3
1	2	5	2	88	4
3	2	5	2	27	3
0	1	0	1	173	32
0	1	0	1	206	4
0	3	0	1	232	4
1	2	2	2	186	4
3	2	5	2	155	32
2	0	2	3	90	4
1	3	7	2	162	4
0	3	0	1	281	8
0	2	0	1	120	8
3	2	3	2	222	4
1	2	4	2	152	4
3	0	5	3	26	32
0	2	0	1	83	3
1	2	6	2	206	4
0	2	0	1	300	8
0	3	0	1	46	4
1	0	6	3	93	32
3	0	3	3	274	4
3	2	5	2	212	3
1	3	1	2	193	8
2	3	7	2	269	3
1	0	5	3	120	3
2	1	2	2	96	32
1	3	5	2	304	3
0	2	0	1	33	8
0	1	0	1	61	4
3	0	2	3	251	3
0	3	0	1	77	3
3	0	4	3	106	3
3	2	6	2	75	8
1	0	4	3	229	8
1	2	3	2	58	3
0	1	0	1	290	4
0	1	0	1	31	3
2	3	4	2	267	8
3	0	1	3	85	4
1	3	6	2	172	3
2	1	3	2	223	3
3	0	4	3	76	3
2	1	7	2	24	4
1	3	5	2	91	3
1	0	1	3	170	4
0	2	0	1	61	32
2	1	3	2	270	4
2	1	4	2	281	3
2	1	3	2	127	4
0	2	0	1	283	8
3	0	3	3	120	3
3	0	2	3	270	32
3	2	2	2	173	32
3	1	5	2	81	32
0	1	0	1	244	8
1	2	7	2	285	32
3	1	5	2	255	32
2	3	5	2	81	32
2	3	2	2	307	3
0	1	0	1	281	8
3	2	7	2	85	3
2	0	3	3	200	4
1	2	3	2	260	3
3	1	4	2	218	3
0	2	0	1	208	3
2	0	6	3	154	32
2	1	6	2	221	32
3	2	5	2	230	32
3	1	4	2	61	4
2	0	7	3	191	32
3	1	6	2	160	32
1	3	3	2	68	32
2	1	1	2	106	3
0	3	0	1	53	8
0	2	0	1	182	3
1	2	2	2	150	3
2	0	6	3	11	32
1	0	7	3	65	32
0	1	0	1	164	32
0	2	0	1	51	32
1	2	7	2	122	8
3	0	5	3	132	32
3	1	3	2	20	4
0	1	0	1	107	4
2	0	7	3	46	32
1	0	5	3	286	4
0	1	0	1	124	8
3	0	3	3	41	3
0	2	0	1	90	32
2	3	6	2	81	8
2	3	2	2	120	32
1	2	3	2	103	8
0	2	0	1	100	8
2	3	1	2	144	3
0	2	0	1	152	4
1	2	6	2	97	4
1	2	4	2	187	4
0	2	0	1	250	3
1	3	5	2	114	3
3	0	2	3	146	3
1	3	7	2	2	4
3	1	4	2	57	3
0	1	0	1	304	3
0	1	0	1	194	8
1	3	5	2	226	3
2	1	6	2	147	3
0	3	0	1	146	3
2	0	3	3	288	4
0	3	0	1	131	32
3	0	5	3	30	4
1	2	5	2	214	4
2	3	2	2	296	4
1	0	6	3	285	4
2	1	3	2	84	32
0	1	0	1	185	8
3	2	6	2	259	4
3	2	1	2	107	3
3	2	5	2	304	4
0	1	0	1	63	3
0	2	0	1	141	8
0	2	0	1	143	8
2	1	3	2	203	32
1	3	1	2	253	8
3	0	2	3	181	32
0	3	0	1	191	4
3	0	3	3	60	3
0	3	0	1	28	4
0	3	0	1	4	32
0	3	0	1	26	3
2	1	5	2	169	8
2	0	3	3	188	8
1	3	6	2	167	3
3	2	7	2	155	4
1	2	4	2	15	4
0	3	0	1	108	4
2	1	2	2	69	3
3	0	3	3	185	4
0	1	0	1	290	3
3	1	7	2	185	4
1	2	7	2	263	32
3	0	4	3	244	8
0	1	0	1	94	8
2	1	6	2	214	4
2	0	7	3	151	32
0	3	0	1	149	4
2	3	3	2	59	32
0	2	0	1	194	3
0	2	0	1	116	4
1	0	4	3	254	3
3	2	2	2	116	3
1	0	4	3	11	3
3	1	2	2	122	32
3	1	7	2	251	3
0	1	0	1	75	8
1	2	2	2	216	8
1	3	4	2	251	32
1	0	1	3	130	4
2	1	2	2	299	4
0	2	0	1	18	3
3	1	1	2	238	4
3	1	4	2	247	32
2	3	7	2	224	4
2	0	3	3	195	8
3	2	2	2	28	32
0	2	0	1	84	8
0	1	0	1	203	32
1	2	4	2	303	3
2	3	5	2	31	3
1	0	5	3	240	4
2	0	6	3	21	8
0	2	0	1	240	8
3	1	4	2	175	8
3	2	5	2	100	4
2	3	1	2	135	8
0	2	0	1	260	3
0	1	0	1	160	3
0	3	0	1	214	4
0	1	0	1	114	8
3	1	2	2	74	32
3	0	4	3	220	8
3	2	2	2	117	8
2	1	6	2	112	8
3	2	5	2	235	4
0	3	0	1	291	8
1	2	7	2	119	4
3	2	1	2	271	4
3	1	5	2	41	4
2	0	1	3	82	32
0	2	0	1	26	4
2	3	2	2	73	4
3	2	5	2	250	3
0	2	0	1	268	8
3	2	2	2	99	32
0	3	0	1	283	3
3	0	1	3	54	8
1	0	5	3	164	4
1	3	4	2	155	32
0	3	0	1	213	32
2	1	5	2	113	32
2	0	3	3	250	8
3	2	3	2	170	3
3	2	1	2	125	32
0	3	0	1	150	3
3	0	5	3	3	3
3	1	1	2	229	8
3	0	1	3	159	4
1	3	1	2	93	8
1	0	7	3	180	4
2	1	5	2	102	3
2	3	5	2	288	3
2	1	4	2	187	3
3	0	5	3	276	32
2	3	2	2	122	8
2	0	6	3	141	8
2	3	6	2	289	4
2	3	4	2	270	32
2	0	6	3	260	32
1	2	4	2	94	4
2	1	5	2	66	8
0	2	0	1	40	4
2	3	5	2	73	4
2	1	4	2	5	3
1	0	4	3	246	32
2	1	2	2	167	4
0	2	0	1	21	4
3	2	5	2	295	8
0	2	0	1	207	3
1	3	4	2	226	4
2	3	4	2	147	3
0	2	0	1	114	32
2	1	1	2	41	4
1	2	2	2	7	3
1	0	7	3	94	8
2	3	3	2	283	32
2	0	7	3	173	32
3	1	1	2	195	8
2	1	7	2	199	8
2	1	2	2	260	3
0	3	0	1	262	3
2	1	7	2	96	32
3	2	6	2	131	32
3	1	2	2	205	32
0	1	0	1	61	4
3	0	1	3	97	8
0	2	0	1	73	4
0	3	0	1	201	8
3	0	4	3	80	32
2	1	5	2	254	4
0	2	0	1	296	3
3	1	3	2	158	32
0	1	0	1	7	32
3	2	1	2	259	32
2	0	6	3	225	32
0	3	0	1	12	32
0	3	0	1	44	3
3	1	5	2	208	4
1	2	7	2	204	4
0	3	0	1	184	3
3	0	5	3	210	4
0	3	0	1	286	3
1	0	5	3	314	3
2	0	1	3	234	3
0	1	0	1	90	8
3	0	3	3	294	8
0	2	0	1	18	3
2	3	5	2	129	8
2	3	4	2	183	3
1	0	4	3	259	3
0	3	0	1	312	4
1	3	2	2	218	8
1	3	7	2	128	4
0	1	0	1	37	8
0	2	0	1	210	3
0	3	0	1	250	4
0	2	0	1	95	4
2	3	7	2	70	3
2	0	1	3	4	4
1	2	6	2	166	32
2	0	1	3	95	8
1	0	4	3	136	32
0	3	0	1	111	32
2	1	5	2	211	3
0	3	0	1	204	4
0	3	0	1	299	8
3	0	1	3	256	4
1	2	3	2	254	32
1	2	2	2	254	3
1	2	6	2	222	3
1	2	5	2	27	8
1	2	2	2	217	32
1	0	5	3	173	8
3	2	6	2	165	32
1	3	1	2	158	32
1	2	5	2	248	32
2	0	1	3	238	4
3	0	2	3	235	4
0	1	0	1	186	8
1	0	7	3	269	4
2	3	4	2	125	8
0	1	0	1	268	8
0	2	0	1	178	3
2	1	1	2	142	3
0	1	0	1	31	32
0	1	0	1	12	4
3	0	4	3	295	4
0	1	0	1	82	4
2	0	3	3	173	3
1	3	6	2	130	3
1	3	1	2	38	3
0	3	0	1	112	4
2	0	7	3	121	8
2	3	4	2	54	32
2	3	4	2	94	32
1	0	4	3	33	4
3	1	5	2	174	4
2	0	7	3	95	8
1	0	4	3	74	32
0	2	0	1	47	8
2	0	1	3	294	4
3	2	6	2	284	8
2	0	3	3	150	4
0	2	0	1	28	8
0	1	0	1	82	32
0	2	0	1	107	8
1	0	4	3	165	8
2	1	3	2	67	32
1	2	7	2	254	8
2	3	4	2	130	32
0	1	0	1	222	3
1	3	4	2	220	8
1	2	1	2	169	32
1	0	5	3	275	8
2	3	3	2	219	32
1	3	7	2	123	4
2	3	6	2	229	32
0	2	0	1	262	3
2	0	3	3	303	8
1	3	5	2	34	4
0	3	0	1	286	8
2	1	2	2	108	3
1	0	6	3	13	32
0	1	0	1	149	32
2	0	1	3	160	4
3	2	5	2	72	32
0	3	0	1	131	3
2	1	3	2	145	4
1	0	7	3	289	3
2	3	1	2	307	3
3	0	2	3	258	32
2	1	4	2	296	8
1	3	6	2	16	32
2	3	1	2	13	3
0	3	0	1	163	8
2	0	1	3	173	4
1	2	2	2	245	4
2	1	1	2	312	3
1	0	1	3	200	8
0	1	0	1	261	3
1	2	6	2	113	3
2	0	1	3	109	4
3	0	3	3	33	3
3	0	1	3	42	32
3	2	4	2	77	4
3	0	5	3	47	32
2	3	6	2	293	3
1	3	1	2	193	8
3	2	7	2	38	3
2	0	2	3	192	32
1	0	6	3	109	32
1	0	7	3	19	4
0	2	0	1	144	4
3	0	2	3	198	3
2	0	2	3	81	32
0	3	0	1	154	3
1	2	7	2	70	3
2	3	6	2	124	4
1	0	5	3	164	3
2	3	2	2	258	4
2	0	2	3	24	32
0	1	0	1	188	8
3	0	1	3	2	4
1	3	3	2	18	4
2	3	5	2	64	8
1	3	6	2	20	32
0	3	0	1	176	32
1	0	4	3	249	3
3	1	4	2	237	32
0	2	0	1	50	8
2	1	6	2	36	4
0	2	0	1	138	3
0	3	0	1	120	8
0	1	0	1	256	32
1	2	4	2	295	8
3	2	1	2	164	8
1	0	5	3	212	4
1	0	7	3	149	32
1	0	5	3	58	8
0	2	0	1	38	32
0	2	0	1	53	32
2	0	2	3	313	3
1	0	6	3	197	8
3	2	2	2	63	4
0	2	0	1	64	4
0	2	0	1	102	32
0	2	0	1	260	32
2	0	7	3	190	4
0	1	0	1	160	8
1	0	4	3	7	32
2	1	6	2	218	8
3	0	1	3	284	8
2	1	1	2	104	32
1	3	2	2	311	8
2	0	2	3	231	3
2	0	2	3	165	8
1	3	2	2	300	4
1	2	6	2	298	4
1	2	2	2	221	3
2	0	1	3	64	8
1	2	6	2	129	8
2	3	7	2	215	32
3	2	4	2	34	8
1	2	3	2	181	3
1	3	4	2	248	32
0	2	0	1	58	3
0	2	0	1	231	4
2	1	1	2	219	4
0	1	0	1	123	4
0	3	0	1	130	32
1	3	4	2	177	32
0	2	0	1	258	8
1	3	3	2	180	32
0	1	0	1	270	4
0	3	0	1	186	32
1	3	7	2	206	32
1	2	3	2	122	4
3	2	3	2	23	3
0	1	0	1	230	3
2	1	4	2	161	32
3	2	2	2	87	4
0	2	0	1	193	3
3	2	7	2	198	4
2	1	7	2	227	8
2	0	6	3	124	3
0	2	0	1	177	3
2	0	3	3	211	3
2	1	2	2	27	3
1	3	7	2	195	3
3	2	3	2	137	32
2	1	7	2	269	32
0	1	0	1	137	32
0	1	0	1	17	8
3	2	7	2	244	8
3	1	4	2	223	4
2	3	5	2	152	3
3	0	4	3	96	32
1	0	5	3	190	32
3	0	3	3	245	3
0	1	0	1	73	32
0	1	0	1	310	4
1	3	3	2	53	8
3	1	6	2	45	3
0	1	0	1	59	4
3	0	3	3	8	32
1	2	7	2	265	3
3	0	4	3	248	4
1	2	4	2	169	4
0	2	0	1	13	8
1	3	2	2	199	3
3	1	6	2	213	32
3	0	2	3	261	32
0	2	0	1	28	32
1	3	1	2	117	32
0	1	0	1	39	3
3	0	5	3	270	4
1	3	5	2	45	3
3	1	3	2	156	4
2	1	7	2	175	32
1	0	1	3	156	4
0	2	0	1	39	4
1	0	1	3	73	3
3	1	2	2	21	8
3	0	4	3	170	3
0	1	0	1	57	4
2	1	3	2	159	8
2	0	2	3	131	4
1	2	6	2	140	8
2	3	5	2	234	4
2	3	2	2	232	32
0	2	0	1	146	32
1	0	4	3	34	8
3	2	4	2	173	32
0	3	0	1	37	3
1	0	7	3	187	32
1	0	1	3	0	8
2	1	7	2	266	3
1	3	7	2	200	4
2	1	5	2	212	32
2	0	6	3	263	8
1	3	6	2	36	8
0	1	0	1	220	3
2	3	4	2	222	32
2	3	7	2	103	3
3	2	4	2	41	32
1	2	4	2	126	32
0	3	0	1	77	4
0	3	0	1	24	32
1	0	1	3	71	4
1	2	6	2	137	3
1	2	6	2	159	32
2	1	1	2	186	4
3	1	1	2	286	8
2	3	7	2	51	4
1	3	7	2	95	4
1	2	2	2	296	4
1	0	4	3	198	3
2	3	4	2	75	3
2	1	1	2	299	4
0	1	0	1	147	8
3	1	6	2	38	32
0	3	0	1	251	3
3	0	1	3	253	32
2	3	6	2	34	3
2	1	6	2	252	8
1	3	1	2	16	8
0	1	0	1	215	3
2	1	4	2	36	8
0	3	0	1	218	3
1	0	7	3	217	3
1	0	6	3	103	3
1	3	7	2	300	3
2	0	3	3	153	3
2	0	7	3	186	4
3	0	3	3	37	3
3	1	1	2	159	4
3	0	5	3	246	8
3	2	5	2	276	32
2	1	4	2	15	8
0	1	0	1	279	3
2	1	3	2	104	4
1	0	5	3	146	32
3	0	5	3	175	8
0	3	0	1	211	4
0	3	0	1	117	32
2	0	1	3	194	3
3	0	2	3	29	32
0	1	0	1	65	3
0	2	0	1	140	8
2	1	7	2	214	32
0	1	0	1	236	32
0	2	0	1	284	32
1	0	6	3	285	3
2	0	3	3	88	3
1	0	4	3	13	4
0	3	0	1	134	3
3	2	7	2	236	4
1	0	1	3	187	3
2	1	7	2	247	32
3	1	3	2	176	32
0	3	0	1	37	8
0	3	0	1	9	8
1	2	3	2	64	3
1	0	6	3	315	4
0	3	0	1	91	32
1	0	6	3	139	32
1	3	7	2	221	4
0	1	0	1	143	4
0	1	0	1	229	8
0	2	0	1	86	8
2	0	1	3	127	32
3	2	2	2	88	8
2	3	3	2	181	8
1	3	7	2	268	3
3	2	7	2	302	8
3	1	3	2	160	8
1	2	2	2	164	3
1	2	3	2	29	3
3	2	5	2	90	4
1	2	4	2	11	3
1	2	3	2	47	8
1	3	5	2	296	8
2	3	7	2	114	32
3	2	5	2	141	8
0	3	0	1	260	32
2	1	7	2	175	32
0	1	0	1	64	32
1	3	2	2	121	3
1	3	5	2	40	3
1	3	6	2	225	8
0	1	0	1	291	8
0	2	0	1	242	4
1	2	5	2	146	8
0	3	0	1	259	8
0	2	0	1	27	4
1	0	1	3	291	8
1	0	6	3	2	8
3	1	2	2	202	4
1	2	1	2	87	8
0	2	0	1	124	8
2	0	6	3	0	8
2	1	7	2	300	4
0	1	0	1	29	4
1	3	1	2	230	32
0	1	0	1	193	3
1	2	3	2	220	32
0	3	0	1	184	3
1	2	3	2	24	3
1	3	1	2	157	8
1	0	5	3	147	3
1	0	1	3	218	32
0	1	0	1	301	8
2	3	6	2	189	32
3	1	6	2	44	8
1	3	1	2	187	4
3	2	5	2	73	8
0	1	0	1	49	4
0	3	0	1	203	32
2	1	1	2	72	32
3	0	3	3	202	4
3	0	1	3	32	4
2	1	4	2	3	32
2	1	6	2	153	3
2	0	7	3	73	32
1	0	4	3	12	4
0	2	0	1	58	32
0	3	0	1	1	4
0	1	0	1	211	3
3	2	4	2	168	3
3	1	7	2	167	3
0	1	0	1	225	3
1	2	3	2	134	4
0	3	0	1	229	8
0	2	0	1	253	4
1	2	2	2	245	32
1	2	3	2	310	3
2	0	7	3	207	8
3	2	4	2	263	8
0	1	0	1	255	8
1	0	4	3	197	32
2	0	6	3	30	8
0	2	0	1	21	8
2	1	1	2	273	4
2	0	1	3	35	3
2	1	5	2	232	8
0	2	0	1	3	8
3	2	5	2	266	8
1	2	7	2	77	32
2	3	1	2	269	8
2	1	1	2	170	32
1	0	4	3	12	8
2	1	4	2	258	32
1	3	1	2	98	32
3	2	4	2	36	8
3	1	1	2	223	32
2	1	4	2	30	8
1	3	5	2	55	32
3	0	1	3	106	3
0	3	0	1	261	4
2	0	3	3	193	3
3	0	1	3	78	3
1	2	1	2	112	3
1	0	1	3	146	32
3	2	2	2	118	3
1	2	2	2	62	32
3	0	3	3	68	3
0	3	0	1	169	32
0	2	0	1	52	8
0	3	0	1	126	3
3	2	5	2	185	8
1	3	4	2	284	4
0	1	0	1	0	8
2	3	3	2	144	32
2	1	2	2	249	32
0	1	0	1	91	4
3	0	5	3	250	8
3	0	2	3	101	4
1	3	4	2	8	8
0	2	0	1	36	3
2	3	5	2	150	4
3	2	5	2	159	8
2	0	3	3	19	4
1	0	6	3	315	3
0	3	0	1	238	8
0	1	0	1	175	8
2	1	1	2	244	3
2	3	2	2	151	8
0	2	0	1	97	8
2	3	3	2	49	32
3	0	4	3	75	32
1	0	7	3	279	4
2	3	2	2	269	4
1	0	5	3	88	4
1	0	6	3	24	8
3	1	6	2	123	32
0	3	0	1	57	32
3	0	3	3	90	32
0	2	0	1	209	4
0	3	0	1	104	32
1	0	7	3	11	32
0	3	0	1	186	3
3	0	5	3	271	8
0	3	0	1	88	3
3	0	4	3	285	4
3	0	3	3	102	32
1	3	6	2	79	3
0	3	0	1	306	3
3	1	5	2	304	4
3	2	4	2	256	32
2	3	3	2	254	3
0	3	0	1	97	8
3	2	3	2	132	8
2	3	5	2	269	4
0	2	0	1	188	32
1	2	1	2	99	32
3	0	3	3	305	8
0	1	0	1	103	3
0	1	0	1	20	8
0	2	0	1	171	3
3	1	4	2	281	3
3	2	6	2	216	8
1	0	5	3	45	8
3	2	7	2	302	4
0	1	0	1	201	32
1	3	6	2	284	3
3	0	5	3	224	8
2	1	3	2	110	8
0	1	0	1	285	8
3	2	6	2	50	8
0	1	0	1	262	4
1	2	3	2	183	32
2	3	3	2	202	3
2	0	1	3	237	8
1	3	1	2	190	3
2	1	6	2	209	4
2	0	7	3	54	4
3	2	1	2	99	32
1	0	4	3	169	4
2	0	2	3	300	3
0	3	0	1	271	32
3	1	4	2	316	4
3	1	4	2	129	4
3	2	2	2	145	8
2	3	6	2	253	4
0	1	0	1	285	32
1	0	4	3	67	4
1	0	7	3	195	32
0	3	0	1	224	8
3	1	5	2	159	8
3	2	2	2	108	3
1	2	7	2	268	4
1	0	6	3	110	4
0	2	0	1	281	3
3	0	3	3	123	32
1	3	4	2	283	4
3	1	7	2	151	3
3	1	6	2	302	3
3	0	3	3	3	3
3	0	5	3	56	3
1	2	6	2	208	3
1	2	7	2	230	3
2	1	6	2	55	32
2	0	2	3	299	3
2	0	6	3	1	8
0	3	0	1	25	4
2	0	3	3	201	32
0	2	0	1	148	32
0	1	0	1	232	8
2	0	7	3	297	8
2	0	3	3	148	32
3	1	6	2	200	8
2	1	2	2	271	3
1	3	6	2	284	3
1	3	1	2	153	8
0	3	0	1	194	3
0	1	0	1	141	3
3	0	2	3	81	3
0	3	0	1	287	8
0	2	0	1	15	3
0	1	0	1	188	32
3	1	5	2	78	32
0	2	0	1	96	8
1	0	6	3	240	4
2	1	7	2	4	4
2	0	3	3	235	3
1	0	7	3	148	32
0	3	0	1	33	8
3	2	2	2	73	4
2	0	1	3	299	4
3	0	2	3	234	4
2	1	5	2	179	4
0	3	0	1	56	32
0	2	0	1	254	3
3	2	3	2	4	4
3	2	6	2	39	8
1	3	2	2	307	4
2	0	6	3	125	3
1	2	6	2	181	8
1	2	1	2	252	32
2	3	3	2	291	8
0	1	0	1	302	4
0	3	0	1	302	3
0	3	0	1	136	3
0	3	0	1	65	4
3	2	6	2	155	3
0	2	0	1	40	8
0	2	0	1	250	8
0	1	0	1	99	8
2	1	1	2	192	8
1	2	7	2	82	4
0	3	0	1	262	8
0	3	0	1	52	8
1	2	3	2	289	3
0	3	0	1	310	8
1	2	5	2	212	8
2	1	6	2	105	3
2	1	6	2	262	8
1	0	4	3	189	8
0	2	0	1	186	32
0	1	0	1	39	4
1	3	1	2	217	3
2	1	6	2	154	32
0	2	0	1	124	32
1	3	4	2	49	3
1	0	7	3	233	3
1	3	2	2	272	4
2	0	6	3	136	4
0	1	0	1	138	32
0	3	0	1	85	3
2	0	1	3	70	4
1	3	7	2	76	4
3	2	2	2	229	32
0	2	0	1	0	8
0	3	0	1	5	8
2	0	1	3	41	8
2	1	5	2	287	8
2	0	7	3	255	3
2	3	3	2	71	8
0	1	0	1	62	3
3	1	7	2	52	8
0	1	0	1	165	32
2	3	5	2	275	32
2	1	3	2	47	8
0	1	0	1	228	4
1	0	4	3	202	32
2	0	2	3	102	3
1	2	4	2	83	3
3	2	5	2	115	8
3	1	3	2	135	8
1	0	1	3	219	8
2	3	1	2	311	3
3	2	1	2	25	3
2	1	2	2	102	3
0	1	0	1	103	4
2	0	2	3	154	8
3	2	3	2	116	3
0	1	0	1	237	3
0	3	0	1	102	3
0	2	0	1	136	32
3	0	5	3	68	3
2	3	6	2	104	8
3	2	5	2	202	8
0	3	0	1	153	4
0	1	0	1	99	32
0	3	0	1	200	4
2	1	4	2	281	8
2	3	6	2	249	32
2	1	6	2	158	3
3	0	5	3	170	4
2	3	4	2	238	8
1	3	7	2	199	4
2	0	6	3	168	3
3	0	2	3	223	8
0	1	0	1	308	4
2	1	3	2	50	3
0	1	0	1	158	4
3	0	5	3	159	8
1	2	4	2	10	32
0	2	0	1	252	3
2	3	5	2	192	3
3	0	4	3	267	32
2	1	3	2	263	4
1	2	2	2	17	8
1	3	3	2	179	4
2	3	1	2	182	3
1	0	4	3	147	32
3	0	3	3	240	32
2	1	5	2	284	3
0	1	0	1	295	8
0	1	0	1	234	3
1	3	7	2	38	4
1	0	4	3	282	4
2	1	3	2	173	8
0	1	0	1	229	32
2	3	5	2	59	32
3	1	7	2	43	32
3	0	5	3	245	8
0	3	0	1	103	3
0	1	0	1	56	32
1	3	3	2	305	8
0	3	0	1	125	4
3	0	2	3	234	32
1	0	6	3	69	4
3	0	1	3	64	8
1	2	5	2	129	32
0	2	0	1	199	4
1	3	7	2	199	3
0	2	0	1	105	8
2	1	4	2	120	4
1	3	7	2	46	3
3	1	3	2	298	8
1	2	6	2	229	32
2	3	1	2	253	32
2	0	1	3	64	4
3	0	1	3	18	4
0	2	0	1	7	8
0	1	0	1	195	4
1	0	4	3	108	32
0	2	0	1	2	32
1	3	1	2	131	32
0	3	0	1	109	3
1	3	7	2	263	3
2	1	2	2	153	32
0	1	0	1	27	32
1	0	4	3	272	4
1	0	6	3	205	8
0	2	0	1	71	8
1	3	7	2	189	32
3	1	5	2	291	4
0	1	0	1	27	32
0	2	0	1	42	4
3	1	1	2	115	32
1	3	7	2	126	8
3	1	2	2	239	32
0	1	0	1	162	4
1	2	6	2	67	4
1	2	4	2	23	4
3	1	4	2	1	32
0	2	0	1	241	4
0	1	0	1	103	3
3	1	5	2	185	32
0	3	0	1	99	4
2	1	5	2	91	3
2	0	1	3	213	3
0	2	0	1	233	3
3	2	7	2	71	3
1	2	5	2	27	4
3	0	1	3	29	32
2	0	6	3	263	4
3	0	3	3	297	3
3	0	4	3	149	3
1	0	6	3	210	8
0	3	0	1	218	4
2	1	7	2	26	4
2	1	5	2	141	8
1	2	4	2	202	32
0	3	0	1	283	3
1	2	3	2	204	4
3	2	1	2	220	8
0	2	0	1	111	4
2	0	1	3	18	32
0	1	0	1	133	32
1	3	6	2	30	3
0	3	0	1	63	8
0	3	0	1	292	4
3	0	5	3	6	8
3	1	6	2	23	8
2	0	1	3	130	8
2	3	7	2	16	4
2	3	6	2	198	4
1	3	6	2	72	8
3	0	5	3	62	3
3	0	2	3	225	8
0	3	0	1	59	32
0	1	0	1	207	4
2	1	6	2	236	8
2	0	6	3	106	8
2	3	6	2	119	8
2	1	1	2	285	3
0	1	0	1	261	32
3	1	7	2	40	3
1	2	1	2	213	8
2	3	4	2	93	8
2	1	1	2	236	8
2	1	1	2	227	8
0	3	0	1	49	4
2	0	6	3	20	8
0	2	0	1	80	3
2	1	4	2	200	3
0	1	0	1	278	4
2	0	1	3	284	32
2	0	1	3	72	3
3	1	6	2	97	4
0	3	0	1	48	32
0	1	0	1	192	4
1	3	3	2	269	32
2	0	7	3	139	4
1	0	6	3	24	3
1	0	1	3	133	4
2	3	1	2	154	8
3	1	5	2	79	3
2	0	6	3	238	4
2	0	3	3	133	32
0	1	0	1	221	3
0	3	0	1	157	32
2	0	6	3	203	3
0	3	0	1	310	3
2	3	3	2	284	3
2	3	7	2	218	3
3	0	5	3	210	3
1	2	5	2	62	4
2	1	7	2	124	8
3	2	2	2	252	32
3	2	2	2	233	32
0	1	0	1	91	8
0	3	0	1	59	8
1	2	1	2	14	4
2	1	3	2	181	3
3	0	1	3	229	8
2	3	3	2	114	32
0	2	0	1	184	8
1	3	1	2	41	4
2	3	1	2	141	8
2	3	3	2	72	8
2	3	5	2	83	32
2	1	5	2	82	3
3	0	5	3	136	8
1	3	2	2	144	8
0	3	0	1	41	32
0	2	0	1	38	3
2	1	7	2	63	3
0	3	0	1	170	32
1	0	6	3	11	32
0	3	0	1	285	32
1	2	3	2	253	32
1	2	2	2	303	3
0	1	0	1	300	4
1	0	7	3	28	32
2	3	2	2	314	3
2	3	5	2	59	8
2	3	6	2	104	3
0	3	0	1	240	3
2	0	3	3	84	3
0	3	0	1	285	3
0	2	0	1	60	32
0	3	0	1	160	32
1	3	3	2	207	32
2	3	7	2	115	32
2	1	3	2	158	8
3	1	7	2	139	4
3	0	1	3	149	3
3	1	5	2	148	32
2	0	1	3	100	32
2	3	5	2	86	32
1	0	4	3	37	3
0	1	0	1	149	3
0	1	0	1	56	32
0	1	0	1	70	4
1	0	1	3	60	8
3	0	2	3	131	32
0	3	0	1	181	3
2	1	4	2	28	3
1	3	6	2	110	32
0	3	0	1	157	4
2	0	6	3	40	4
3	2	7	2	285	32
2	3	7	2	273	32
1	2	1	2	139	8
1	2	7	2	231	32
3	2	6	2	24	3
2	1	6	2	101	4
3	0	4	3	211	3
0	1	0	1	182	4
1	2	3	2	295	4
3	1	1	2	46	8
0	3	0	1	197	3
3	0	3	3	133	8
3	0	1	3	32	3
2	1	1	2	37	3
3	1	6	2	16	3
2	3	2	2	120	8
0	2	0	1	62	32
1	3	5	2	269	32
1	2	2	2	77	32
0	3	0	1	202	8
1	3	6	2	295	4
2	0	6	3	202	3
1	2	2	2	81	8
2	3	2	2	255	3
2	3	2	2	148	32
0	1	0	1	278	8
1	2	1	2	52	32
2	3	4	2	36	3
2	0	7	3	29	8
2	1	4	2	219	3
1	0	7	3	80	3
0	2	0	1	91	3
3	1	1	2	4	4
1	0	4	3	10	4
1	3	4	2	200	4
2	1	5	2	203	3
1	0	6	3	45	4
0	3	0	1	118	32
0	2	0	1	136	8
2	1	1	2	62	3
2	3	3	2	79	32
1	0	5	3	216	8
0	3	0	1	60	8
2	1	3	2	89	8
0	1	0	1	35	8
2	1	3	2	155	32
3	1	2	2	107	3
0	2	0	1	137	32
0	1	0	1	242	32
0	1	0	1	183	8
3	0	4	3	235	8
2	0	1	3	152	3
3	1	5	2	258	32
2	0	2	3	44	4
2	1	7	2	299	3
3	1	6	2	156	8
1	3	4	2	186	4
0	3	0	1	273	3
1	2	5	2	246	3
3	0	4	3	65	32
0	3	0	1	285	32
3	2	2	2	33	4
1	2	2	2	133	32
2	3	1	2	135	3
0	1	0	1	12	32
2	0	7	3	284	8
3	0	1	3	209	8
0	1	0	1	39	3
2	0	6	3	158	32
3	2	4	2	85	32
3	0	5	3	131	3
3	1	2	2	199	8
3	1	5	2	60	32
0	2	0	1	25	8
1	3	7	2	47	32
1	3	2	2	281	3
1	0	6	3	139	8
2	0	3	3	246	32
2	3	3	2	121	8
3	0	3	3	121	4
3	1	2	2	96	8
1	2	1	2	183	32
3	0	1	3	97	4
1	0	5	3	87	3
2	1	5	2	66	8
1	2	7	2	123	32
2	1	2	2	269	8
2	3	5	2	168	8
0	1	0	1	249	4
1	2	6	2	191	8
2	3	7	2	256	3
1	2	2	2	129	8
1	3	3	2	131	32
2	0	3	3	108	3
3	0	4	3	279	3
3	0	5	3	147	4
0	2	0	1	148	8
3	0	1	3	307	4
0	2	0	1	70	4
3	0	1	3	232	32
1	0	7	3	142	32
0	3	0	1	76	32
1	3	2	2	10	4
2	1	1	2	90	4
1	0	4	3	18	4
3	1	4	2	12	3
2	3	7	2	273	3
3	2	2	2	34	4
1	3	3	2	295	4
0	2	0	1	168	3
0	3	0	1	98	4
1	3	6	2	314	4
1	0	4	3	45	32
1	0	4	3	50	4
0	2	0	1	136	3
3	1	7	2	125	4
0	2	0	1	100	32
3	0	1	3	33	4
0	3	0	1	94	4
3	1	4	2	63	4
2	0	2	3	268	32
3	1	6	2	180	8
3	0	5	3	90	8
2	1	7	2	138	8
3	0	5	3	191	3
3	2	2	2	89	8
2	0	1	3	177	3
0	2	0	1	270	3
0	1	0	1	37	4
0	1	0	1	186	8
1	2	7	2	215	3
3	2	3	2	85	32
2	1	3	2	5	3
2	0	6	3	269	3
3	2	7	2	260	8
0	1	0	1	140	8
1	2	1	2	78	8
2	0	2	3	109	8
3	1	4	2	208	32
2	1	1	2	268	8
0	3	0	1	288	4
2	1	7	2	31	4
3	2	4	2	228	3
3	1	3	2	144	8
2	1	3	2	185	32
2	1	7	2	253	32
3	0	4	3	208	3
2	3	5	2	181	8
3	0	4	3	66	3
1	0	1	3	74	8
0	2	0	1	277	32
0	1	0	1	195	32
0	3	0	1	19	8
3	1	7	2	211	8
3	2	7	2	73	3
0	1	0	1	302	3
2	1	2	2	24	32
2	1	2	2	113	32
1	0	7	3	145	4
3	1	4	2	245	8
0	1	0	1	153	4
2	3	1	2	249	3
2	0	2	3	203	32
3	1	5	2	221	8
0	3	0	1	22	4
1	0	5	3	286	8
2	3	4	2	107	4
1	0	1	3	72	3
3	2	5	2	264	32
0	3	0	1	262	4
2	1	1	2	191	4
2	3	5	2	245	32
3	2	5	2	53	32
3	1	3	2	221	8
1	3	3	2	132	3
2	1	1	2	99	4
2	1	2	2	20	32
0	1	0	1	144	8
3	1	2	2	119	32
1	3	6	2	118	3
1	2	6	2	241	8
0	2	0	1	266	4
0	1	0	1	249	3
3	0	2	3	177	8
1	0	5	3	94	32
0	2	0	1	140	3
0	2	0	1	127	3
0	3	0	1	13	4
0	3	0	1	245	4
2	1	1	2	181	8
2	0	7	3	4	4
2	1	7	2	23	8
3	0	1	3	181	8
2	0	7	3	140	4
1	3	4	2	284	32
1	0	5	3	86	3
2	3	1	2	83	32
1	0	4	3	274	32
1	2	3	2	227	3
1	2	6	2	270	8
1	2	6	2	127	3
1	3	3	2	11	4
0	3	0	1	238	3
0	2	0	1	108	4
3	1	5	2	238	3
1	2	3	2	252	3
1	3	7	2	156	4
0	1	0	1	103	32
2	0	6	3	62	3
3	0	1	3	160	3
3	0	3	3	234	3
3	2	5	2	124	3
2	1	2	2	101	4
3	2	3	2	208	3
0	1	0	1	232	32
3	1	5	2	221	8
0	1	0	1	31	4
3	1	5	2	137	8
1	2	1	2	172	3
2	1	6	2	121	32
2	3	5	2	226	4
1	2	7	2	310	3
0	3	0	1	51	4
3	1	2	2	169	3
1	0	7	3	133	4
1	0	1	3	213	8
3	2	1	2	264	32
3	1	4	2	87	3
3	1	6	2	192	8
2	3	7	2	297	8
2	0	3	3	88	4
1	0	1	3	116	8
2	0	1	3	129	8
0	3	0	1	124	8
2	3	1	2	127	3
0	1	0	1	259	3
2	0	1	3	226	32
1	0	6	3	100	3
3	0	2	3	296	3
3	0	3	3	239	3
2	3	7	2	118	32
2	1	4	2	135	32
2	3	7	2	235	32
1	0	1	3	155	8
3	2	5	2	137	3
0	2	0	1	195	32
2	1	6	2	7	8
3	2	3	2	173	8
1	0	6	3	116	32
0	3	0	1	277	3
2	1	3	2	168	8
1	2	4	2	139	8
3	1	4	2	172	4
3	2	4	2	174	3
0	1	0	1	223	32
0	2	0	1	4	32
0	2	0	1	27	4
0	1	0	1	204	32
1	3	7	2	233	4
1	2	3	2	116	8
1	0	6	3	244	32
1	2	1	2	165	3
3	1	1	2	131	32
1	3	1	2	12	8
1	0	5	3	226	32
0	2	0	1	93	32
2	0	2	3	186	32
3	2	3	2	47	3
1	3	7	2	115	3
3	1	3	2	34	4
3	1	1	2	279	8
1	3	1	2	111	4
3	0	2	3	251	32
2	3	7	2	144	32
0	3	0	1	95	3
2	0	7	3	131	32
2	0	2	3	58	4
3	2	4	2	205	8
2	1	6	2	156	4
3	0	2	3	161	3
0	1	0	1	237	8
3	2	5	2	174	3
0	1	0	1	258	4
3	1	3	2	52	32
0	3	0	1	47	4
2	3	1	2	226	4
0	2	0	1	195	8
0	2	0	1	40	32
2	3	4	2	239	3
0	1	0	1	128	3
2	0	3	3	114	4
3	2	3	2	103	8
2	0	3	3	130	8
1	0	1	3	22	32
0	1	0	1	239	3
1	3	1	2	152	32
2	0	7	3	273	3
3	2	3	2	107	32
1	3	1	2	294	3
2	1	4	2	6	8
0	3	0	1	15	4
0	1	0	1	245	8
2	3	3	2	204	3
3	1	1	2	253	3
0	1	0	1	164	3
1	2	6	2	71	8
1	2	5	2	254	8
3	2	4	2	198	4
3	1	6	2	55	4
2	1	4	2	248	4
1	3	4	2	15	8
1	2	2	2	118	3
3	2	5	2	248	32
2	0	3	3	29	4
0	2	0	1	87	8
2	0	3	3	139	3
2	0	6	3	213	4
2	3	4	2	13	4
1	3	3	2	63	4
3	2	4	2	75	8
2	0	6	3	105	32
2	1	7	2	273	3
2	3	3	2	256	32
2	0	1	3	197	32
2	1	6	2	232	3
2	3	1	2	61	8
3	1	2	2	202	8
3	1	6	2	233	3
1	3	7	2	17	8
3	1	2	2	116	32
2	0	3	3	115	4
1	3	4	2	304	8
3	1	7	2	55	3
0	3	0	1	34	32
0	1	0	1	229	4
2	0	7	3	225	4
0	1	0	1	237	3
2	3	5	2	99	32
2	1	4	2	45	32
1	3	3	2	74	8
2	3	3	2	194	3
2	1	3	2	86	4
0	2	0	1	281	8
3	2	4	2	156	3
1	3	2	2	276	8
3	2	4	2	278	32
0	3	0	1	126	8
1	3	6	2	184	3
0	1	0	1	196	3
2	3	3	2	11	3
3	1	1	2	98	4
0	2	0	1	167	32
1	3	7	2	255	4
3	1	5	2	201	4
0	2	0	1	112	4
0	3	0	1	184	3
2	1	6	2	65	8
1	0	5	3	141	32
1	3	2	2	46	8
1	2	5	2	237	32
1	0	7	3	298	3
1	0	4	3	179	32
2	3	6	2	138	32
0	3	0	1	223	8
1	2	1	2	65	8
3	0	3	3	167	3
1	2	7	2	130	3
0	2	0	1	33	4
0	2	0	1	159	8
3	2	2	2	136	4
1	0	4	3	16	3
0	1	0	1	69	4
1	3	6	2	173	8
0	3	0	1	272	3
0	1	0	1	254	4
3	1	1	2	220	4
1	2	1	2	149	32
3	2	1	2	267	3
1	2	7	2	167	8
3	2	2	2	248	8
3	0	2	3	197	32
1	0	1	3	53	32
1	0	7	3	313	3
1	2	1	2	100	3
1	2	1	2	250	3
1	0	7	3	244	8
2	1	7	2	140	8
0	1	0	1	156	8
3	0	1	3	23	4
1	2	6	2	261	3
3	2	7	2	30	8
2	0	7	3	43	4
0	2	0	1	311	8
0	1	0	1	145	3
0	2	0	1	11	4
1	3	7	2	293	8
2	1	7	2	76	8
2	1	4	2	148	3
0	2	0	1	291	4
2	3	3	2	153	3
3	1	6	2	153	8
3	1	5	2	45	4
0	2	0	1	95	8
1	0	4	3	285	8
3	1	1	2	131	3
0	3	0	1	76	4
2	0	2	3	101	32
2	0	1	3	198	4
1	3	6	2	197	3
2	3	4	2	48	8
1	2	3	2	244	8
3	2	1	2	256	4
3	2	1	2	234	8
0	1	0	1	11	3
1	0	6	3	276	3
3	1	3	2	267	8
0	3	0	1	98	3
3	0	3	3	290	3
1	0	1	3	21	4
1	3	4	2	199	32
0	3	0	1	4	8
3	1	6	2	278	3
2	1	5	2	225	32
0	1	0	1	66	3
0	3	0	1	197	3
2	1	1	2	71	32
0	2	0	1	219	3
3	1	4	2	128	3
1	0	6	3	178	32
1	2	2	2	253	32
2	1	7	2	306	4
0	1	0	1	60	32
1	2	4	2	178	8
1	3	6	2	229	8
0	3	0	1	304	8
3	0	2	3	141	32
3	0	1	3	107	32
3	1	6	2	132	8
2	3	3	2	158	32
1	0	1	3	214	4
3	0	3	3	185	4
2	1	4	2	244	4
0	3	0	1	59	4
2	3	4	2	194	4
3	2	2	2	93	4
1	2	3	2	83	8
2	0	6	3	236	32
3	1	7	2	207	8
3	1	7	2	275	4
0	3	0	1	176	32
1	0	4	3	85	8
2	1	4	2	284	8
3	2	5	2	152	32
0	1	0	1	239	3
2	3	2	2	112	8
3	2	3	2	287	3
2	1	3	2	139	4
0	2	0	1	93	32
3	0	1	3	87	3
1	3	6	2	3	32
0	2	0	1	9	8
0	1	0	1	269	3
3	0	2	3	159	3
2	0	6	3	250	8
0	3	0	1	138	4
3	2	5	2	139	3
3	2	4	2	188	3
1	3	1	2	2	4
3	1	5	2	256	8
1	2	1	2	108	3
2	3	5	2	204	32
0	3	0	1	206	8
1	0	1	3	71	4
1	0	1	3	1	32
2	0	1	3	1	4
1	0	4	3	69	32
3	2	7	2	26	8
1	3	7	2	89	8
2	1	4	2	72	8
3	1	3	2	156	32
2	1	6	2	96	3
2	1	5	2	272	3
3	0	1	3	159	4
3	0	2	3	85	4
3	2	1	2	215	32
0	3	0	1	301	4
0	3	0	1	170	32
1	2	2	2	162	8
0	3	0	1	181	4
3	0	4	3	182	32
3	0	1	3	71	32
3	0	3	3	9	3
1	2	5	2	187	3
3	0	3	3	221	8
1	0	4	3	277	32
1	0	4	3	141	8
0	3	0	1	273	3
3	0	1	3	176	4
1	0	4	3	197	8
3	1	6	2	226	3
3	1	6	2	36	32
1	0	4	3	283	32
0	1	0	1	232	8
1	0	1	3	43	8
2	3	3	2	80	4
0	2	0	1	146	4
1	0	1	3	228	3
0	3	0	1	240	3
2	3	6	2	59	3
0	1	0	1	37	3
2	0	7	3	202	4
2	0	1	3	170	8
3	2	4	2	292	8
0	1	0	1	259	4
1	3	1	2	65	3
1	3	4	2	148	8
3	2	5	2	168	8
0	3	0	1	262	4
2	1	3	2	222	32
1	0	6	3	239	8
3	1	6	2	62	4
0	3	0	1	195	8
3	0	3	3	137	4
