1node1	2node2	3port	4operation	5startwave	6bandwidth
2	0	3	3	16	2
2	1	3	2	255	1
1	2	6	2	294	1
0	1	0	1	260	2
3	2	3	2	134	3
3	0	4	3	46	3
3	0	3	3	292	2
0	2	0	1	167	1
2	1	1	2	132	2
3	0	4	3	299	2
3	1	4	2	66	1
0	1	0	1	161	3
2	0	6	3	127	3
2	1	6	2	315	1
1	3	1	2	26	3
1	3	5	2	203	3
1	3	6	2	269	3
1	3	2	2	60	1
1	0	5	3	304	3
1	2	7	2	302	3
2	1	2	2	48	1
3	2	5	2	310	1
0	3	0	1	296	1
0	1	0	1	140	2
1	2	6	2	10	1
2	3	3	2	111	1
3	1	6	2	247	2
2	1	4	2	13	3
2	0	3	3	261	3
0	3	0	1	150	3
3	0	5	3	273	3
1	3	1	2	123	3
3	2	1	2	254	3
0	3	0	1	144	2
3	2	1	2	240	2
3	2	5	2	25	1
2	1	2	2	63	2
2	1	2	2	294	1
2	3	5	2	19	2
3	2	2	2	193	3
0	2	0	1	238	3
0	1	0	1	26	2
0	3	0	1	112	3
0	3	0	1	268	3
0	1	0	1	169	2
1	3	6	2	58	2
0	1	0	1	156	3
2	0	6	3	287	2
3	2	2	2	94	1
3	1	1	2	60	2
0	2	0	1	282	3
0	1	0	1	59	3
0	2	0	1	304	3
3	2	6	2	90	1
0	2	0	1	271	3
0	2	0	1	199	2
0	3	0	1	44	1
1	3	4	2	213	2
1	2	4	2	222	2
3	2	4	2	112	1
3	0	1	3	278	3
2	1	5	2	19	1
2	1	5	2	231	1
2	1	3	2	250	3
3	0	4	3	26	3
0	2	0	1	196	1
0	1	0	1	235	3
3	0	4	3	215	2
2	3	5	2	317	3
3	0	1	3	145	1
3	1	3	2	266	3
0	3	0	1	142	1
0	1	0	1	175	2
3	0	3	3	138	2
2	0	7	3	128	3
3	1	2	2	258	3
1	2	6	2	110	2
3	0	2	3	55	2
1	2	5	2	149	2
3	2	3	2	159	1
0	1	0	1	187	2
3	1	7	2	127	1
1	3	5	2	28	3
3	0	3	3	116	3
3	2	3	2	104	3
1	3	7	2	293	1
2	3	1	2	2	1
1	3	4	2	206	1
3	1	6	2	35	1
1	0	1	3	68	1
2	3	2	2	127	1
0	2	0	1	296	2
2	1	4	2	208	2
2	1	5	2	105	3
2	0	3	3	97	2
0	1	0	1	6	1
0	2	0	1	163	1
3	0	4	3	119	2
1	3	5	2	310	3
3	0	5	3	145	1
0	2	0	1	9	2
2	3	5	2	289	1
2	3	6	2	132	2
0	2	0	1	43	1
3	0	2	3	260	1
3	2	3	2	69	1
3	0	2	3	205	3
3	2	1	2	11	2
3	0	3	3	200	1
1	3	5	2	318	1
0	1	0	1	298	2
1	0	6	3	129	3
1	0	7	3	307	2
2	1	5	2	275	2
1	3	3	2	107	1
0	1	0	1	244	1
1	3	1	2	184	2
1	2	1	2	63	2
0	2	0	1	283	3
2	0	3	3	275	2
1	2	3	2	253	2
1	0	4	3	136	2
2	3	4	2	266	1
3	0	2	3	9	3
2	0	1	3	317	2
3	1	7	2	284	3
2	0	2	3	175	2
3	2	5	2	91	1
1	3	4	2	109	3
2	0	1	3	88	1
1	2	2	2	75	2
0	3	0	1	9	3
0	1	0	1	87	2
0	1	0	1	22	3
0	3	0	1	56	1
0	2	0	1	45	1
3	2	1	2	179	3
1	3	7	2	271	3
1	2	2	2	269	1
0	3	0	1	148	3
0	2	0	1	267	1
0	3	0	1	175	3
2	1	7	2	78	3
2	1	6	2	176	3
2	1	6	2	132	2
0	2	0	1	270	1
0	3	0	1	58	1
3	2	7	2	270	1
0	2	0	1	139	2
1	3	3	2	290	2
2	0	6	3	148	2
3	1	1	2	7	1
3	2	1	2	291	2
2	0	3	3	253	3
2	1	3	2	206	1
0	1	0	1	28	2
0	2	0	1	305	3
2	3	4	2	226	2
3	2	2	2	264	2
0	1	0	1	87	3
1	2	3	2	123	1
3	1	1	2	106	3
0	3	0	1	187	3
1	3	2	2	53	2
2	3	6	2	181	1
3	2	4	2	264	3
0	2	0	1	153	2
2	3	7	2	208	2
2	0	2	3	228	3
2	0	6	3	87	2
2	0	2	3	244	3
1	3	3	2	307	3
2	3	5	2	108	1
0	2	0	1	316	3
2	1	5	2	273	1
0	2	0	1	31	3
0	3	0	1	292	3
1	0	5	3	142	2
1	3	1	2	190	1
2	3	2	2	49	2
3	1	1	2	120	3
1	3	3	2	264	1
2	0	3	3	137	2
3	1	2	2	1	2
0	3	0	1	176	2
1	3	7	2	180	3
0	1	0	1	187	2
0	3	0	1	233	3
3	1	1	2	80	2
3	0	2	3	178	3
1	2	7	2	217	2
3	0	1	3	174	3
0	1	0	1	283	2
0	3	0	1	43	1
3	0	5	3	239	2
3	2	6	2	64	3
1	2	1	2	92	1
0	2	0	1	280	1
2	0	2	3	218	3
1	2	1	2	3	1
1	2	4	2	24	1
1	2	1	2	117	2
1	0	5	3	117	3
0	3	0	1	93	1
1	0	4	3	271	1
1	2	3	2	280	3
3	2	3	2	194	1
3	2	3	2	84	1
3	2	3	2	239	1
3	0	2	3	72	3
2	3	6	2	88	2
0	2	0	1	291	1
0	1	0	1	101	1
2	1	7	2	10	2
3	1	2	2	317	2
1	2	1	2	271	2
1	0	6	3	49	1
3	0	4	3	291	1
2	3	5	2	120	2
0	2	0	1	160	1
0	1	0	1	8	2
2	1	6	2	261	1
0	2	0	1	92	3
2	3	6	2	224	3
2	0	3	3	219	3
3	1	1	2	142	2
0	3	0	1	234	2
1	3	6	2	118	1
3	1	5	2	134	3
2	1	1	2	192	1
0	3	0	1	297	1
0	3	0	1	161	1
3	1	5	2	214	3
0	3	0	1	43	2
0	3	0	1	61	1
1	0	6	3	20	3
1	0	4	3	76	1
2	1	7	2	14	1
0	1	0	1	281	3
1	3	1	2	65	3
2	1	7	2	198	2
2	0	2	3	120	3
2	1	1	2	288	3
2	0	1	3	54	2
3	0	1	3	150	1
2	1	2	2	31	1
1	2	2	2	162	1
0	1	0	1	135	3
1	2	2	2	63	3
3	1	3	2	230	2
0	3	0	1	276	1
1	0	1	3	174	1
2	3	6	2	151	3
1	0	1	3	41	2
0	1	0	1	115	1
3	1	2	2	5	2
3	0	4	3	138	3
3	1	5	2	294	1
3	2	2	2	84	2
3	1	7	2	209	3
3	1	3	2	249	1
1	3	3	2	185	3
0	3	0	1	181	1
0	3	0	1	275	2
0	2	0	1	293	2
0	2	0	1	181	1
2	0	1	3	51	3
2	1	3	2	128	1
2	1	7	2	50	3
1	2	6	2	246	1
2	3	7	2	43	2
2	1	3	2	267	2
1	2	7	2	272	1
1	2	2	2	182	1
1	2	6	2	24	1
0	3	0	1	152	3
3	1	5	2	25	1
3	0	1	3	153	3
0	2	0	1	286	2
1	3	4	2	285	2
1	0	6	3	205	3
2	3	3	2	299	2
2	1	4	2	171	1
2	1	6	2	90	3
1	2	3	2	240	3
2	1	2	2	21	1
1	0	1	3	251	1
0	3	0	1	224	3
2	0	1	3	85	2
2	1	3	2	212	3
3	0	2	3	252	1
2	3	4	2	317	1
1	2	2	2	229	1
1	0	7	3	63	1
0	3	0	1	170	3
0	2	0	1	14	3
0	2	0	1	12	2
2	1	2	2	96	1
3	2	5	2	29	3
0	2	0	1	221	2
2	0	1	3	150	3
3	2	5	2	110	1
1	0	6	3	88	3
2	0	3	3	40	1
0	1	0	1	120	3
0	3	0	1	67	1
0	1	0	1	238	1
3	1	1	2	293	1
2	3	5	2	290	1
3	0	3	3	134	2
1	0	1	3	1	3
2	0	3	3	29	3
2	3	1	2	182	2
0	2	0	1	182	3
3	1	7	2	243	2
1	3	2	2	60	3
3	0	5	3	106	3
2	3	2	2	261	2
1	3	3	2	290	3
1	2	7	2	179	3
1	2	2	2	109	2
0	1	0	1	251	1
2	1	2	2	116	3
2	0	3	3	74	2
3	0	3	3	18	2
0	1	0	1	160	3
2	1	7	2	132	1
3	1	4	2	207	2
0	2	0	1	243	2
1	2	7	2	106	1
0	1	0	1	63	3
1	0	4	3	147	1
3	0	2	3	292	3
0	2	0	1	187	3
2	0	2	3	312	2
1	2	7	2	86	3
2	0	1	3	16	2
3	2	4	2	22	2
2	1	4	2	54	2
2	1	2	2	136	1
3	1	7	2	58	3
2	3	3	2	16	1
1	2	5	2	171	1
2	1	3	2	40	2
2	1	5	2	18	1
3	0	2	3	75	3
3	0	3	3	82	1
3	0	1	3	23	3
0	2	0	1	231	3
3	2	5	2	196	3
3	0	3	3	189	3
0	3	0	1	307	3
1	0	5	3	106	1
2	0	6	3	291	3
3	2	4	2	99	1
2	1	4	2	158	2
2	3	6	2	123	2
1	2	1	2	118	1
3	1	2	2	67	1
1	0	7	3	135	2
2	1	2	2	244	1
2	1	2	2	251	3
1	3	1	2	234	1
1	2	4	2	260	1
0	3	0	1	87	3
1	2	2	2	243	3
2	1	7	2	266	3
3	0	3	3	91	2
2	0	6	3	3	1
0	2	0	1	166	2
0	1	0	1	219	3
1	0	5	3	65	3
2	1	6	2	23	3
3	2	6	2	99	3
1	2	3	2	104	2
3	2	2	2	162	3
1	2	2	2	174	1
3	2	6	2	276	2
3	1	4	2	138	3
2	3	4	2	27	3
0	2	0	1	212	2
3	2	4	2	195	1
0	1	0	1	315	2
1	2	3	2	137	1
3	2	6	2	47	2
2	1	6	2	139	1
2	1	5	2	211	3
2	1	2	2	297	3
0	2	0	1	169	2
3	0	1	3	238	3
3	1	2	2	308	1
2	0	7	3	18	3
2	0	7	3	190	2
3	2	2	2	206	2
3	1	2	2	267	1
1	3	6	2	297	3
0	2	0	1	264	2
3	2	6	2	122	2
3	2	7	2	316	1
1	2	6	2	76	3
3	0	5	3	113	2
0	3	0	1	13	2
2	1	2	2	127	2
1	3	3	2	147	2
3	0	2	3	290	2
2	1	7	2	86	2
2	0	2	3	243	2
3	2	4	2	234	2
2	0	2	3	169	2
1	0	7	3	116	2
1	2	2	2	314	1
3	1	7	2	231	1
1	2	4	2	286	1
2	1	7	2	223	1
2	1	6	2	306	2
3	0	5	3	271	1
1	2	2	2	293	1
2	3	5	2	6	1
3	2	1	2	163	3
3	0	1	3	103	2
1	3	3	2	191	2
2	1	1	2	184	1
1	2	2	2	140	3
2	3	7	2	157	1
3	2	2	2	295	3
3	1	2	2	317	2
0	2	0	1	109	3
1	2	5	2	85	1
2	1	1	2	312	2
0	3	0	1	147	3
2	1	4	2	159	1
1	2	4	2	211	1
3	1	6	2	121	1
2	3	3	2	20	1
0	1	0	1	60	1
2	3	6	2	300	1
3	1	4	2	299	2
2	0	7	3	259	2
2	1	5	2	311	1
2	3	3	2	36	3
3	2	2	2	297	2
1	2	6	2	228	3
3	0	1	3	256	3
3	0	5	3	209	2
2	1	2	2	136	3
2	3	7	2	229	2
0	1	0	1	120	1
1	3	7	2	118	1
2	0	1	3	158	1
1	0	5	3	244	1
3	2	6	2	113	3
3	1	4	2	123	3
0	1	0	1	175	2
1	3	2	2	165	3
0	1	0	1	91	3
3	1	6	2	11	1
1	0	1	3	129	1
0	3	0	1	29	2
2	1	6	2	8	3
0	3	0	1	283	1
0	3	0	1	198	2
2	3	4	2	36	3
2	3	2	2	227	3
0	1	0	1	89	2
3	1	7	2	4	2
0	3	0	1	197	2
0	2	0	1	6	2
1	3	6	2	178	1
3	0	2	3	15	1
2	3	7	2	299	2
3	1	6	2	289	1
2	0	7	3	151	1
2	3	4	2	267	1
3	1	7	2	272	1
1	2	5	2	122	3
3	1	5	2	20	2
2	0	3	3	174	2
1	3	4	2	35	3
2	1	3	2	313	2
2	0	3	3	182	2
1	3	6	2	202	2
2	0	6	3	131	3
3	1	6	2	41	1
3	0	5	3	205	2
1	2	6	2	231	3
2	3	5	2	240	2
3	0	3	3	307	1
0	1	0	1	216	2
3	2	1	2	65	2
3	0	5	3	194	2
2	3	3	2	90	1
3	1	7	2	222	3
3	0	3	3	295	2
0	1	0	1	292	3
1	2	6	2	256	3
2	3	6	2	193	1
3	0	3	3	10	2
0	2	0	1	182	1
2	1	7	2	64	3
1	3	6	2	38	2
2	3	1	2	289	3
1	0	7	3	284	1
2	0	2	3	271	1
3	2	1	2	276	1
0	1	0	1	128	3
3	1	5	2	22	1
0	3	0	1	80	1
2	3	7	2	25	1
2	3	5	2	26	2
1	0	4	3	174	1
2	3	5	2	265	3
2	3	3	2	46	3
0	1	0	1	295	3
1	0	5	3	138	2
3	0	3	3	265	1
2	3	4	2	221	3
3	2	1	2	116	2
3	1	4	2	260	1
0	3	0	1	218	3
2	3	7	2	18	1
0	2	0	1	275	2
2	1	1	2	286	2
3	2	7	2	239	3
1	2	3	2	153	2
2	3	6	2	156	3
1	0	4	3	34	2
0	1	0	1	227	3
0	3	0	1	167	2
2	3	6	2	222	2
0	2	0	1	13	3
0	2	0	1	134	2
0	1	0	1	222	2
1	0	1	3	29	1
3	1	7	2	157	1
3	0	1	3	153	3
1	0	7	3	275	1
0	2	0	1	280	3
2	0	3	3	294	2
1	0	1	3	107	2
0	2	0	1	160	2
1	0	5	3	188	1
3	0	5	3	30	1
1	3	2	2	295	2
1	0	1	3	56	2
2	0	6	3	153	3
3	2	6	2	286	1
2	3	7	2	171	3
0	2	0	1	55	3
3	0	1	3	93	1
3	1	1	2	178	2
2	3	3	2	222	1
3	1	5	2	233	3
0	2	0	1	85	2
3	2	7	2	214	1
3	2	1	2	249	1
3	1	2	2	61	3
2	0	6	3	173	3
0	3	0	1	196	2
1	3	6	2	13	2
3	0	5	3	252	1
0	1	0	1	81	1
1	3	7	2	133	3
1	3	1	2	195	2
3	1	4	2	8	2
2	1	4	2	253	2
2	0	2	3	243	1
2	1	5	2	71	2
3	2	1	2	49	2
3	0	5	3	192	3
2	0	3	3	207	3
0	1	0	1	93	1
3	2	1	2	159	3
1	0	1	3	166	2
1	3	3	2	13	2
3	1	4	2	188	3
2	3	6	2	112	1
1	3	2	2	266	2
3	0	1	3	220	3
3	1	7	2	270	2
0	1	0	1	97	3
1	3	5	2	262	1
0	1	0	1	246	1
1	0	4	3	297	3
0	3	0	1	197	1
0	2	0	1	102	1
2	3	5	2	34	2
3	0	3	3	202	2
1	3	3	2	133	1
1	2	4	2	42	3
0	1	0	1	185	2
0	2	0	1	97	1
2	1	7	2	292	2
2	1	6	2	30	3
0	1	0	1	107	1
3	0	3	3	299	3
2	3	2	2	3	2
3	1	6	2	250	2
0	3	0	1	136	2
0	1	0	1	260	2
3	2	5	2	178	1
3	0	2	3	201	2
3	2	2	2	82	1
3	2	7	2	46	2
1	0	6	3	220	3
2	1	1	2	148	1
1	0	4	3	125	1
3	2	1	2	131	1
1	2	5	2	152	2
1	0	1	3	80	1
3	0	4	3	26	2
2	1	3	2	51	2
0	2	0	1	225	3
3	1	7	2	39	2
3	2	2	2	254	2
0	1	0	1	86	3
1	2	5	2	168	2
3	2	2	2	308	3
2	1	6	2	24	3
1	2	6	2	290	3
2	3	2	2	228	3
1	2	1	2	226	3
0	2	0	1	160	2
1	3	3	2	107	1
1	2	7	2	169	2
1	2	7	2	54	3
0	1	0	1	83	1
3	2	4	2	121	3
0	3	0	1	316	3
0	1	0	1	106	2
3	0	2	3	189	2
0	2	0	1	132	1
1	3	1	2	217	2
3	1	5	2	196	1
3	1	1	2	225	1
3	0	3	3	2	3
3	2	1	2	102	1
1	0	1	3	29	2
1	0	6	3	139	1
1	0	7	3	236	1
3	2	5	2	315	1
1	3	5	2	313	2
2	3	3	2	65	3
2	1	7	2	10	1
1	3	5	2	298	3
0	1	0	1	187	1
0	3	0	1	288	1
3	0	5	3	121	2
1	0	7	3	61	1
0	2	0	1	162	3
1	3	7	2	313	2
0	1	0	1	164	3
3	2	1	2	34	2
0	2	0	1	179	1
1	3	5	2	293	1
2	1	5	2	97	3
3	0	4	3	18	1
3	2	7	2	116	2
2	1	3	2	14	2
0	1	0	1	233	3
1	2	5	2	18	2
2	0	7	3	107	2
2	1	3	2	305	3
2	3	7	2	178	2
0	3	0	1	281	2
3	0	2	3	48	2
0	3	0	1	283	2
3	1	2	2	64	2
2	0	6	3	183	2
1	3	5	2	197	2
1	2	4	2	302	3
3	2	4	2	84	3
0	3	0	1	183	1
2	1	1	2	131	3
1	2	1	2	283	3
3	1	7	2	26	1
2	0	2	3	305	3
1	2	7	2	261	3
0	3	0	1	1	2
0	3	0	1	39	3
1	2	7	2	29	2
0	3	0	1	165	2
2	1	4	2	303	3
2	3	1	2	86	2
3	2	6	2	136	3
1	0	6	3	199	3
2	1	2	2	14	1
2	1	3	2	46	1
0	2	0	1	134	1
3	2	6	2	156	1
3	2	4	2	220	2
1	2	7	2	27	1
3	1	6	2	280	1
0	2	0	1	312	2
0	1	0	1	77	3
1	0	7	3	69	2
1	2	5	2	273	3
3	0	5	3	312	2
2	1	1	2	27	1
3	2	1	2	65	1
2	1	3	2	218	3
2	3	2	2	260	3
2	1	2	2	297	3
0	3	0	1	115	2
3	0	1	3	92	3
0	1	0	1	33	1
1	3	3	2	207	3
2	1	1	2	16	2
3	0	3	3	142	1
1	3	1	2	229	1
1	2	1	2	258	2
3	2	5	2	236	2
3	1	4	2	110	2
0	1	0	1	60	3
0	3	0	1	243	1
2	1	6	2	137	2
2	3	1	2	200	1
3	1	1	2	310	2
2	0	1	3	254	2
1	0	4	3	66	1
2	3	7	2	300	1
0	3	0	1	285	2
3	1	2	2	202	1
0	3	0	1	124	1
1	3	5	2	42	2
1	2	1	2	50	1
3	1	1	2	282	2
3	1	2	2	42	2
3	0	5	3	59	2
1	3	6	2	233	3
2	0	7	3	204	1
3	2	4	2	79	1
0	3	0	1	54	3
0	1	0	1	45	1
3	2	5	2	258	3
0	1	0	1	199	3
0	2	0	1	135	3
1	2	1	2	112	3
3	1	6	2	30	1
3	0	2	3	46	2
0	3	0	1	24	2
1	3	7	2	248	1
3	2	2	2	11	3
1	3	4	2	250	3
1	3	3	2	213	3
0	3	0	1	256	1
0	1	0	1	136	3
3	2	5	2	112	2
1	2	5	2	245	1
3	1	6	2	61	1
0	3	0	1	111	1
1	3	6	2	107	3
0	3	0	1	65	1
3	0	5	3	20	3
3	2	1	2	67	3
0	1	0	1	209	3
1	0	5	3	207	2
1	2	7	2	195	2
0	2	0	1	266	2
1	3	7	2	221	1
2	0	6	3	52	3
1	0	6	3	290	1
3	2	6	2	32	3
0	2	0	1	225	1
0	3	0	1	164	3
2	1	7	2	133	2
1	3	5	2	113	1
1	0	7	3	132	2
1	0	6	3	283	1
1	3	1	2	271	1
1	0	1	3	288	3
2	1	5	2	78	3
2	1	3	2	93	3
2	0	3	3	280	1
2	3	3	2	144	3
1	3	2	2	213	3
3	1	4	2	87	3
2	0	6	3	207	1
2	3	1	2	167	2
2	0	1	3	205	1
3	1	4	2	211	2
1	3	1	2	102	2
1	3	1	2	43	3
3	2	1	2	223	3
0	1	0	1	147	2
2	0	1	3	135	3
0	3	0	1	164	2
1	2	5	2	50	3
1	0	6	3	121	3
1	0	1	3	94	2
3	2	6	2	31	3
0	3	0	1	7	3
1	0	4	3	287	3
2	1	6	2	123	1
1	3	6	2	43	3
2	1	5	2	97	1
3	0	5	3	164	1
0	2	0	1	139	3
3	2	6	2	304	3
1	3	7	2	293	3
3	2	4	2	187	2
2	1	3	2	67	1
1	3	2	2	202	2
2	1	7	2	251	2
0	1	0	1	276	1
1	2	5	2	295	3
3	1	3	2	106	1
0	1	0	1	59	3
1	3	1	2	283	3
1	3	6	2	311	2
3	1	4	2	97	1
0	1	0	1	266	2
2	3	4	2	300	3
1	0	4	3	60	1
3	0	2	3	201	2
1	0	6	3	189	2
1	0	7	3	86	3
1	3	6	2	108	1
3	0	3	3	120	2
1	0	6	3	117	2
3	1	2	2	155	1
0	1	0	1	164	2
3	2	6	2	316	2
3	0	5	3	171	1
2	1	6	2	94	1
2	3	4	2	121	1
0	2	0	1	210	3
1	2	4	2	259	1
3	1	2	2	86	2
2	0	1	3	258	3
1	2	4	2	169	2
0	3	0	1	140	1
1	2	7	2	161	3
0	3	0	1	297	2
3	0	5	3	176	1
3	2	2	2	202	1
0	3	0	1	21	3
0	1	0	1	305	1
3	0	3	3	89	1
0	1	0	1	108	1
2	3	7	2	197	3
0	2	0	1	259	1
1	3	1	2	280	1
2	1	1	2	120	2
0	1	0	1	72	3
2	3	5	2	161	3
3	1	7	2	317	3
0	1	0	1	153	1
0	2	0	1	153	3
3	0	4	3	311	2
0	1	0	1	224	1
2	0	7	3	109	1
3	2	1	2	41	2
1	0	6	3	173	3
2	1	3	2	130	2
0	3	0	1	254	3
2	3	6	2	207	1
2	0	3	3	96	3
3	1	1	2	180	2
0	2	0	1	240	1
0	1	0	1	248	1
3	0	5	3	231	2
3	2	5	2	289	3
3	2	1	2	214	2
3	2	1	2	113	1
0	3	0	1	120	2
3	2	1	2	21	3
2	0	6	3	81	1
1	3	3	2	127	2
0	3	0	1	94	3
3	0	2	3	198	1
0	1	0	1	221	2
0	3	0	1	231	2
1	2	6	2	1	2
0	3	0	1	233	3
1	0	7	3	91	3
1	0	4	3	261	3
1	3	4	2	118	3
0	3	0	1	218	3
3	0	3	3	116	1
0	1	0	1	267	1
2	3	6	2	255	3
0	3	0	1	86	2
0	3	0	1	280	1
0	1	0	1	49	2
1	0	1	3	160	2
2	3	4	2	16	3
1	3	6	2	132	1
0	3	0	1	26	1
1	0	5	3	82	1
1	3	4	2	227	1
0	1	0	1	34	1
1	2	6	2	266	1
2	3	6	2	126	2
0	2	0	1	256	3
1	2	6	2	5	3
1	3	1	2	103	2
2	1	7	2	194	1
0	1	0	1	134	2
3	0	4	3	85	1
2	1	5	2	122	1
2	3	2	2	88	2
0	3	0	1	142	1
2	0	1	3	184	3
1	3	5	2	120	1
3	0	4	3	79	3
2	0	3	3	2	1
0	2	0	1	18	1
1	2	2	2	153	1
1	3	2	2	205	1
1	0	4	3	131	2
3	1	6	2	54	3
3	2	4	2	258	3
0	2	0	1	302	2
1	3	2	2	259	3
1	3	1	2	243	2
1	2	1	2	216	2
0	3	0	1	88	1
1	3	2	2	188	1
0	3	0	1	140	3
0	2	0	1	164	3
3	0	4	3	241	1
3	1	3	2	150	2
2	0	2	3	15	3
1	2	1	2	83	3
1	0	7	3	209	1
0	2	0	1	193	1
1	2	1	2	294	1
3	2	1	2	274	3
3	2	7	2	137	1
2	3	5	2	22	3
2	3	2	2	28	3
1	2	1	2	156	3
0	2	0	1	121	3
3	1	7	2	245	1
2	0	1	3	233	2
2	3	1	2	105	2
1	3	7	2	141	1
1	0	4	3	191	1
3	0	4	3	159	2
3	2	1	2	56	3
0	1	0	1	49	1
0	1	0	1	222	3
2	0	1	3	193	3
1	3	2	2	217	3
1	0	6	3	306	3
2	0	2	3	252	3
3	2	3	2	41	3
2	1	7	2	227	1
1	2	2	2	275	1
0	2	0	1	262	2
3	1	5	2	94	2
3	0	5	3	249	2
0	2	0	1	82	2
2	0	6	3	160	2
2	3	4	2	306	3
0	3	0	1	249	2
1	0	7	3	275	1
1	2	1	2	129	3
2	3	6	2	297	2
0	3	0	1	220	3
3	0	2	3	187	1
2	3	3	2	299	1
1	2	6	2	30	3
1	2	7	2	104	1
1	0	5	3	231	1
1	0	7	3	15	2
0	1	0	1	226	3
0	3	0	1	281	3
3	1	6	2	300	1
2	1	1	2	102	3
3	0	3	3	140	1
1	2	5	2	70	1
0	1	0	1	310	1
2	1	1	2	109	3
3	0	3	3	218	3
1	0	4	3	315	1
2	1	5	2	138	1
1	0	7	3	127	3
3	2	1	2	265	3
0	2	0	1	276	3
1	0	6	3	240	2
3	2	3	2	66	3
1	0	5	3	247	3
2	0	1	3	81	2
1	0	7	3	196	1
1	0	7	3	247	1
2	0	3	3	256	1
0	1	0	1	268	3
1	0	6	3	285	1
2	3	4	2	281	3
2	0	2	3	286	3
1	0	6	3	276	1
0	2	0	1	206	2
3	1	2	2	273	3
3	2	4	2	300	3
2	3	6	2	225	2
3	0	3	3	0	1
0	3	0	1	301	1
3	0	4	3	251	2
2	3	2	2	23	2
0	1	0	1	141	2
3	2	4	2	288	1
3	0	4	3	120	1
2	1	4	2	202	1
0	2	0	1	25	1
1	2	7	2	51	1
1	2	2	2	3	1
3	2	3	2	210	2
1	2	3	2	2	1
1	2	5	2	226	3
2	1	1	2	130	3
0	2	0	1	125	1
3	1	4	2	179	3
3	0	5	3	13	2
1	0	4	3	212	3
0	1	0	1	264	2
0	2	0	1	91	1
2	0	1	3	199	1
2	3	2	2	3	3
0	1	0	1	254	3
1	3	7	2	59	3
1	2	5	2	134	1
0	3	0	1	191	1
1	0	5	3	102	2
0	1	0	1	145	2
0	3	0	1	302	2
3	2	3	2	76	2
1	0	1	3	271	2
0	1	0	1	35	3
1	0	1	3	106	2
3	0	1	3	294	2
0	3	0	1	224	3
0	1	0	1	95	2
3	1	2	2	148	1
2	3	7	2	169	1
3	0	5	3	48	1
1	0	6	3	301	2
2	1	4	2	24	2
3	1	3	2	124	3
0	3	0	1	34	2
1	3	4	2	289	2
0	1	0	1	52	1
1	2	7	2	153	1
0	3	0	1	52	1
3	2	3	2	25	3
1	2	2	2	99	3
0	3	0	1	125	1
1	0	4	3	62	3
0	3	0	1	179	3
2	0	7	3	111	3
0	2	0	1	38	3
0	2	0	1	208	1
1	3	7	2	94	2
3	2	6	2	226	1
3	2	3	2	187	3
3	2	4	2	176	3
0	1	0	1	76	1
1	3	4	2	51	2
2	0	3	3	17	2
3	0	5	3	312	1
3	0	2	3	126	1
3	1	1	2	188	3
1	2	4	2	210	2
3	0	4	3	184	2
1	2	3	2	197	1
2	1	6	2	158	3
3	2	3	2	78	1
3	0	2	3	13	2
0	1	0	1	138	3
2	3	2	2	186	2
3	1	6	2	202	1
3	2	7	2	49	2
1	0	4	3	136	2
3	2	3	2	259	1
0	2	0	1	253	3
0	2	0	1	24	2
0	3	0	1	70	3
2	1	7	2	185	2
0	1	0	1	9	2
0	1	0	1	133	2
3	1	3	2	286	1
0	3	0	1	194	2
2	0	6	3	172	3
0	1	0	1	110	3
2	0	2	3	113	3
1	0	4	3	273	1
3	1	7	2	319	1
2	3	5	2	268	1
3	1	3	2	69	3
0	2	0	1	45	3
2	1	2	2	173	1
3	1	4	2	210	2
0	3	0	1	126	3
1	2	4	2	194	3
1	0	6	3	28	1
3	0	2	3	298	3
2	3	6	2	148	2
2	3	3	2	32	3
0	2	0	1	143	1
1	2	7	2	152	1
2	1	4	2	178	2
3	0	1	3	71	2
0	2	0	1	178	1
3	1	4	2	73	3
0	1	0	1	281	3
3	1	4	2	233	2
3	2	2	2	293	2
3	0	2	3	238	2
0	2	0	1	43	3
2	0	7	3	261	3
1	2	3	2	184	1
0	3	0	1	319	1
1	3	4	2	300	1
0	3	0	1	122	2
1	2	7	2	311	2
1	3	5	2	164	3
1	2	4	2	137	2
3	1	3	2	244	3
3	2	3	2	132	3
2	0	2	3	62	2
0	3	0	1	147	2
1	0	4	3	178	1
1	0	4	3	179	1
0	1	0	1	18	2
0	2	0	1	118	2
1	3	5	2	75	2
2	1	1	2	122	1
0	1	0	1	68	1
0	3	0	1	226	3
3	1	4	2	70	2
1	3	4	2	175	3
1	3	2	2	128	3
1	2	1	2	286	3
3	2	4	2	220	1
3	2	5	2	163	1
3	0	1	3	256	1
3	0	1	3	150	3
3	0	3	3	256	2
2	1	2	2	166	1
3	0	1	3	307	1
3	0	5	3	294	3
1	0	7	3	230	1
3	1	7	2	19	1
0	1	0	1	91	1
2	3	2	2	101	3
2	1	7	2	204	2
3	0	5	3	96	3
2	3	4	2	85	2
2	3	7	2	113	2
1	2	2	2	72	2
3	1	2	2	53	2
0	1	0	1	304	3
0	2	0	1	258	2
1	2	6	2	114	1
2	3	4	2	20	2
2	3	6	2	7	2
1	0	6	3	234	3
0	1	0	1	29	1
3	1	5	2	0	1
0	1	0	1	192	3
2	1	7	2	218	1
0	3	0	1	168	2
1	2	6	2	13	3
2	1	3	2	86	3
2	3	2	2	265	1
1	2	5	2	295	2
3	0	1	3	217	2
3	2	2	2	208	1
1	2	7	2	52	3
1	0	7	3	225	1
0	3	0	1	207	2
3	2	6	2	94	1
1	3	4	2	17	3
1	0	7	3	131	3
0	1	0	1	57	1
1	2	5	2	158	2
3	2	4	2	88	2
3	1	1	2	151	2
3	2	5	2	0	2
3	2	6	2	268	2
1	2	5	2	107	2
0	1	0	1	288	1
2	3	1	2	249	1
3	2	2	2	122	1
1	2	3	2	209	3
3	0	5	3	253	3
1	3	2	2	18	1
1	2	2	2	199	3
1	2	6	2	40	2
2	1	7	2	142	1
1	3	5	2	193	2
2	0	7	3	171	3
1	0	7	3	261	3
1	2	1	2	93	2
2	0	7	3	237	3
0	1	0	1	122	2
3	1	1	2	191	3
2	0	6	3	178	2
2	3	5	2	68	2
3	2	4	2	26	1
3	1	3	2	57	1
2	1	4	2	267	3
2	1	2	2	168	2
0	2	0	1	84	2
3	1	1	2	32	3
2	1	7	2	226	2
0	2	0	1	43	2
0	3	0	1	255	2
3	1	6	2	229	3
0	3	0	1	175	3
1	0	7	3	225	1
2	3	5	2	151	2
3	2	1	2	38	3
1	3	2	2	3	2
2	1	5	2	263	2
1	2	1	2	154	1
1	0	4	3	273	2
2	3	6	2	142	1
2	1	6	2	136	1
3	2	6	2	121	1
0	3	0	1	227	1
1	0	7	3	306	1
3	2	6	2	87	1
1	0	5	3	82	3
0	1	0	1	177	1
0	3	0	1	222	2
0	3	0	1	16	3
1	2	4	2	314	1
0	2	0	1	296	3
1	2	3	2	183	1
2	3	3	2	151	1
0	2	0	1	287	1
0	3	0	1	21	2
2	0	1	3	233	1
2	3	4	2	118	3
0	2	0	1	173	2
3	1	5	2	217	3
1	3	7	2	131	3
0	3	0	1	135	3
1	3	6	2	186	2
0	1	0	1	183	1
2	0	1	3	111	2
1	3	5	2	155	1
1	0	5	3	273	3
2	0	1	3	228	1
2	0	6	3	246	3
3	2	6	2	5	1
2	1	7	2	218	2
2	3	4	2	124	2
0	3	0	1	78	3
1	2	5	2	165	3
1	2	7	2	272	2
1	0	6	3	10	3
2	1	6	2	122	3
3	2	5	2	219	1
0	1	0	1	3	1
3	0	3	3	312	2
1	2	1	2	250	2
3	2	3	2	133	3
0	2	0	1	59	3
2	0	3	3	220	2
3	0	2	3	206	2
3	1	7	2	301	2
2	1	1	2	312	2
0	3	0	1	295	2
3	0	1	3	284	2
0	2	0	1	18	1
0	3	0	1	27	1
0	2	0	1	203	1
1	0	5	3	28	1
3	2	6	2	249	3
0	1	0	1	38	3
2	3	4	2	223	2
2	1	7	2	306	1
1	0	6	3	43	2
1	3	2	2	307	3
0	3	0	1	227	1
3	0	5	3	41	2
0	3	0	1	183	3
1	0	4	3	240	1
3	0	4	3	72	1
0	1	0	1	246	3
2	3	4	2	67	1
1	0	4	3	12	1
0	1	0	1	95	1
3	1	3	2	301	1
0	1	0	1	263	2
1	0	6	3	300	3
1	0	4	3	23	1
2	0	7	3	45	3
2	0	7	3	31	2
3	1	2	2	173	3
1	3	1	2	221	2
1	2	2	2	2	1
0	2	0	1	102	3
2	0	7	3	225	3
1	2	1	2	255	2
3	0	4	3	40	2
0	2	0	1	222	1
0	3	0	1	127	3
2	0	2	3	242	2
1	2	5	2	220	3
0	2	0	1	42	2
1	0	6	3	233	2
3	0	3	3	302	3
3	1	6	2	126	3
3	1	4	2	146	1
3	1	1	2	45	3
0	3	0	1	27	3
0	3	0	1	149	1
3	0	1	3	132	1
0	2	0	1	7	1
3	1	6	2	162	2
2	1	5	2	318	2
0	2	0	1	217	1
3	0	3	3	117	1
2	0	2	3	86	3
3	2	7	2	190	1
2	0	3	3	36	1
3	2	5	2	45	1
0	2	0	1	319	1
1	2	6	2	126	3
1	0	7	3	187	3
3	0	4	3	253	1
0	1	0	1	27	1
2	0	1	3	33	3
3	0	2	3	191	2
2	3	3	2	290	2
2	3	7	2	124	3
2	0	7	3	80	2
1	0	7	3	236	1
1	3	4	2	145	3
2	1	2	2	211	2
0	2	0	1	280	2
3	0	4	3	52	3
3	0	3	3	193	2
1	0	5	3	216	1
1	2	7	2	37	3
3	2	6	2	101	1
3	2	1	2	67	1
0	2	0	1	21	1
2	0	7	3	121	2
3	0	2	3	228	3
0	2	0	1	96	3
2	3	3	2	202	2
3	0	1	3	196	2
2	1	4	2	262	2
2	1	7	2	309	1
3	1	1	2	44	1
0	2	0	1	86	2
1	0	6	3	132	1
2	0	2	3	205	2
3	2	5	2	118	2
2	0	1	3	41	1
0	1	0	1	67	2
3	0	5	3	129	2
1	3	1	2	28	2
1	2	3	2	171	1
1	0	6	3	136	1
0	3	0	1	36	3
0	2	0	1	265	1
3	2	5	2	58	2
0	2	0	1	1	3
1	3	1	2	138	2
0	3	0	1	216	1
0	3	0	1	301	2
0	3	0	1	179	2
1	3	5	2	67	1
2	3	6	2	45	2
1	0	6	3	177	2
0	1	0	1	24	2
0	2	0	1	105	3
2	3	3	2	198	1
2	3	7	2	196	3
0	3	0	1	259	1
1	3	3	2	232	1
1	2	5	2	59	3
1	3	6	2	244	3
0	2	0	1	316	1
0	1	0	1	288	1
0	2	0	1	275	2
1	0	4	3	66	1
0	2	0	1	203	2
2	3	2	2	209	1
2	3	7	2	151	1
2	1	3	2	22	2
2	3	7	2	119	2
2	1	3	2	95	3
3	0	4	3	3	3
0	1	0	1	42	3
0	2	0	1	221	1
1	0	5	3	310	3
2	3	5	2	47	1
2	1	2	2	159	3
2	1	7	2	7	2
1	2	7	2	65	1
2	1	6	2	197	3
3	1	1	2	14	2
1	3	2	2	193	3
2	0	1	3	155	3
1	3	7	2	267	3
3	2	6	2	136	1
1	0	1	3	164	2
0	3	0	1	132	2
2	3	1	2	161	3
0	1	0	1	229	3
3	0	4	3	303	3
3	2	4	2	154	3
1	0	7	3	262	1
1	0	5	3	5	1
0	2	0	1	107	1
0	1	0	1	275	1
0	3	0	1	205	2
1	2	7	2	165	1
1	0	6	3	70	1
2	3	3	2	81	3
1	3	5	2	206	1
3	2	7	2	8	1
2	3	7	2	55	1
3	0	3	3	5	2
2	3	6	2	30	3
1	0	7	3	23	2
0	1	0	1	132	2
0	1	0	1	15	1
1	3	6	2	290	3
0	1	0	1	40	1
3	0	1	3	179	2
3	1	7	2	208	1
3	0	4	3	102	1
0	2	0	1	36	2
1	3	1	2	247	1
0	3	0	1	121	1
1	2	2	2	42	3
0	3	0	1	59	3
3	1	3	2	86	3
0	3	0	1	214	2
3	2	6	2	183	2
3	0	4	3	10	1
2	3	6	2	57	3
0	3	0	1	269	1
0	2	0	1	207	1
1	3	5	2	299	2
2	0	3	3	127	2
3	0	3	3	209	2
2	0	7	3	301	1
1	3	7	2	295	1
1	0	5	3	201	2
1	0	5	3	50	2
3	2	3	2	50	1
2	0	3	3	49	3
2	0	6	3	124	3
1	0	7	3	93	3
3	2	7	2	132	2
0	1	0	1	314	3
2	0	3	3	208	3
3	0	3	3	305	1
3	1	6	2	85	3
0	1	0	1	258	1
0	3	0	1	243	3
0	3	0	1	10	3
3	0	5	3	191	3
0	2	0	1	302	3
1	0	4	3	292	3
3	1	7	2	131	3
1	2	1	2	88	1
2	0	2	3	137	1
3	0	2	3	254	2
1	0	6	3	142	2
1	0	1	3	36	3
1	3	3	2	296	3
2	0	6	3	158	1
0	2	0	1	31	3
0	2	0	1	32	2
0	1	0	1	50	2
1	0	6	3	58	1
3	1	1	2	225	3
0	3	0	1	291	2
0	1	0	1	30	2
2	3	1	2	270	1
1	0	4	3	44	3
2	3	4	2	73	1
3	1	2	2	133	1
2	1	6	2	4	2
2	3	3	2	278	2
3	1	4	2	86	2
0	1	0	1	281	1
2	1	2	2	134	3
3	0	3	3	119	1
3	0	2	3	158	1
2	0	6	3	4	2
1	2	3	2	286	2
1	3	2	2	233	1
1	0	1	3	91	2
1	3	6	2	144	3
3	0	4	3	175	2
0	2	0	1	212	3
0	3	0	1	58	3
3	1	3	2	100	1
0	3	0	1	120	3
0	2	0	1	140	3
1	0	1	3	126	3
2	0	2	3	232	2
3	0	2	3	227	3
2	1	4	2	292	3
2	0	2	3	5	1
2	0	1	3	2	2
3	1	3	2	182	1
2	1	6	2	124	2
2	1	4	2	229	1
0	1	0	1	303	1
1	3	2	2	281	3
2	3	4	2	105	2
2	1	7	2	80	2
1	0	7	3	215	2
0	2	0	1	262	2
2	3	4	2	251	3
0	2	0	1	211	2
2	1	2	2	190	3
0	3	0	1	316	1
2	1	6	2	283	1
1	3	1	2	232	1
3	0	5	3	251	1
1	2	1	2	71	3
3	1	7	2	93	1
3	1	1	2	40	1
0	3	0	1	304	3
0	3	0	1	107	1
3	1	6	2	262	1
3	0	1	3	299	2
3	2	3	2	312	3
1	2	1	2	71	2
1	2	4	2	138	3
0	1	0	1	274	3
0	1	0	1	111	2
2	3	6	2	265	1
3	2	3	2	123	2
1	3	2	2	285	1
1	2	2	2	259	3
1	3	3	2	55	3
3	1	2	2	177	2
2	0	7	3	20	3
2	1	2	2	98	3
2	1	3	2	85	3
3	2	3	2	154	1
2	0	7	3	174	3
2	1	6	2	78	1
3	2	7	2	107	3
3	0	4	3	148	3
3	0	3	3	160	3
1	0	7	3	272	1
3	1	3	2	85	3
3	2	6	2	318	2
2	0	3	3	284	3
3	0	1	3	246	2
1	2	5	2	248	3
3	1	5	2	219	3
1	0	4	3	84	3
2	3	5	2	62	3
3	1	7	2	59	3
1	2	4	2	34	2
0	2	0	1	77	1
0	2	0	1	299	1
0	3	0	1	291	2
0	3	0	1	257	1
0	1	0	1	220	1
3	2	6	2	308	2
1	2	4	2	306	1
2	0	3	3	166	1
3	0	1	3	48	1
2	3	5	2	155	2
2	0	1	3	227	1
3	2	4	2	306	2
3	0	3	3	30	1
2	3	2	2	317	2
3	0	3	3	280	3
1	3	5	2	53	2
2	3	3	2	190	1
0	1	0	1	83	1
3	1	1	2	294	2
0	3	0	1	77	3
2	3	5	2	280	2
2	0	7	3	185	2
1	2	2	2	185	3
3	2	3	2	132	2
3	1	3	2	209	3
1	2	6	2	19	1
1	2	6	2	229	1
0	2	0	1	215	3
2	1	7	2	34	1
1	3	5	2	233	1
0	2	0	1	159	3
1	0	4	3	110	2
0	2	0	1	273	3
0	2	0	1	271	2
1	0	1	3	173	2
2	0	6	3	213	3
1	3	4	2	160	3
2	3	5	2	307	1
2	0	3	3	165	1
0	3	0	1	62	2
0	2	0	1	20	3
2	0	3	3	147	2
1	3	6	2	253	1
0	3	0	1	57	3
0	1	0	1	53	1
1	2	2	2	122	1
0	1	0	1	0	1
0	3	0	1	228	1
1	2	7	2	226	1
3	0	1	3	319	1
3	2	2	2	109	3
2	3	4	2	129	1
0	2	0	1	175	2
1	2	5	2	283	3
2	3	6	2	295	3
2	3	6	2	105	3
0	1	0	1	315	2
0	3	0	1	311	1
3	0	1	3	20	3
2	1	4	2	201	3
3	0	2	3	70	1
2	0	7	3	220	2
1	0	6	3	294	1
1	3	3	2	86	1
1	0	7	3	236	1
3	1	3	2	259	1
2	1	5	2	276	2
3	2	2	2	250	3
3	0	1	3	220	2
3	1	3	2	237	1
1	3	6	2	118	2
3	1	4	2	306	1
2	3	5	2	119	3
2	3	1	2	155	2
0	1	0	1	33	2
0	3	0	1	80	3
1	3	7	2	124	2
0	2	0	1	196	3
1	0	6	3	132	1
1	3	6	2	147	3
2	1	5	2	174	2
3	0	2	3	184	1
3	2	6	2	124	3
3	2	6	2	293	3
2	0	3	3	284	1
0	2	0	1	102	2
3	2	3	2	215	3
3	2	4	2	126	2
1	3	1	2	243	2
0	2	0	1	211	2
2	1	5	2	208	1
2	3	3	2	67	1
1	0	4	3	303	3
0	2	0	1	119	2
3	0	1	3	178	1
3	2	4	2	211	3
3	2	5	2	129	3
3	0	1	3	282	2
2	3	4	2	230	2
3	2	6	2	116	2
3	0	5	3	0	3
0	1	0	1	301	3
2	3	6	2	81	3
2	3	7	2	51	2
0	1	0	1	189	2
0	2	0	1	284	1
1	3	1	2	29	3
3	1	1	2	317	2
1	0	4	3	123	3
3	2	3	2	134	3
1	3	7	2	306	1
2	0	1	3	249	1
2	0	7	3	150	3
1	2	3	2	47	3
2	0	3	3	218	3
0	2	0	1	86	2
3	2	6	2	211	3
1	0	6	3	142	1
2	3	1	2	130	2
0	1	0	1	56	2
0	1	0	1	44	2
0	1	0	1	194	2
3	0	2	3	225	2
3	1	3	2	234	1
1	0	6	3	306	1
3	0	1	3	81	3
0	2	0	1	288	1
3	0	5	3	201	2
3	0	5	3	15	3
1	2	2	2	136	3
0	1	0	1	60	1
2	0	2	3	52	3
3	0	1	3	164	3
2	0	1	3	180	1
1	0	5	3	298	1
1	3	3	2	158	1
1	3	1	2	11	1
1	3	6	2	23	1
2	0	1	3	247	1
2	1	6	2	194	1
1	3	2	2	140	2
1	0	1	3	85	2
0	3	0	1	293	3
0	3	0	1	189	3
1	3	2	2	291	3
0	3	0	1	137	2
1	2	3	2	262	1
0	2	0	1	184	1
0	3	0	1	16	1
0	1	0	1	214	2
1	2	1	2	225	3
1	2	2	2	249	1
3	1	2	2	164	1
1	3	3	2	189	2
0	3	0	1	190	1
3	1	7	2	166	3
3	1	7	2	303	2
2	3	4	2	27	2
3	2	5	2	260	1
3	1	6	2	199	3
1	2	4	2	145	3
1	0	6	3	108	3
3	1	4	2	32	2
2	0	2	3	263	3
2	3	6	2	250	1
0	3	0	1	5	1
1	0	6	3	186	1
1	2	6	2	186	3
3	1	5	2	211	2
0	3	0	1	233	2
0	3	0	1	178	1
0	3	0	1	281	2
2	1	7	2	32	3
0	3	0	1	67	2
2	3	5	2	10	3
0	1	0	1	260	2
3	0	5	3	96	3
1	2	6	2	219	3
3	1	3	2	234	1
2	1	6	2	226	3
0	1	0	1	191	1
3	2	6	2	146	1
2	3	2	2	231	3
1	0	5	3	318	1
2	1	4	2	213	3
1	3	6	2	146	3
0	3	0	1	136	3
1	2	5	2	244	2
3	0	2	3	218	2
3	0	4	3	231	1
3	2	4	2	275	3
1	2	6	2	317	3
1	3	1	2	301	3
0	1	0	1	284	2
1	2	4	2	270	1
1	2	5	2	250	3
2	3	5	2	309	2
2	3	3	2	104	1
2	0	6	3	158	2
2	1	4	2	115	2
3	2	1	2	17	1
2	1	1	2	271	2
3	1	3	2	42	1
0	1	0	1	94	1
0	3	0	1	312	2
3	0	4	3	192	2
1	0	5	3	228	3
1	0	7	3	117	2
2	1	2	2	40	1
2	3	3	2	49	2
2	3	6	2	310	1
2	3	7	2	92	2
2	0	2	3	239	2
1	0	1	3	279	3
3	0	5	3	261	3
0	2	0	1	194	1
3	1	1	2	225	3
0	3	0	1	276	3
1	3	5	2	63	3
1	0	7	3	207	1
1	0	5	3	214	2
2	3	5	2	201	2
2	3	5	2	241	3
3	1	2	2	84	3
2	3	3	2	271	1
0	3	0	1	42	3
2	0	2	3	95	3
0	3	0	1	86	1
2	1	3	2	307	1
2	0	1	3	16	1
0	3	0	1	66	2
2	0	7	3	256	2
3	2	5	2	309	3
0	3	0	1	156	1
1	0	4	3	12	2
2	0	3	3	241	3
3	1	3	2	66	3
0	2	0	1	14	3
1	2	6	2	270	2
1	2	4	2	247	1
