
0	3	0	1	245	1
0	3	0	1	119	1
2	3	1	2	80	1
1	2	5	2	51	1
0	1	0	1	40	1
0	3	0	1	97	1
3	1	1	2	73	1
1	2	7	2	56	1
1	3	2	2	100	1
0	3	0	1	237	1
0	1	0	1	13	1
1	0	6	3	300	1
0	3	0	1	22	1
1	2	5	2	130	1
1	2	2	2	284	1
0	1	0	1	180	1
0	1	0	1	318	1
1	2	7	2	34	1
2	0	6	3	299	1
1	3	4	2	164	1
3	0	3	3	273	1
3	0	3	3	35	1
2	1	7	2	100	1
0	1	0	1	219	1
0	2	0	1	22	1
2	3	3	2	175	1
2	3	2	2	15	1
2	0	7	3	241	1
3	2	2	2	27	1
1	0	1	3	188	1
2	3	1	2	204	1
2	1	4	2	319	1
1	0	1	3	72	1
3	1	4	2	168	1
0	2	0	1	54	1
1	2	7	2	44	1
1	3	7	2	124	1
3	2	2	2	262	1
0	3	0	1	156	1
0	2	0	1	168	1
1	0	1	3	250	1
1	0	6	3	126	1
1	2	4	2	98	1
1	2	7	2	85	1
0	3	0	1	151	1
3	0	2	3	28	1
1	0	4	3	311	1
1	3	2	2	172	1
1	3	6	2	195	1
0	2	0	1	225	1
3	0	5	3	91	1
0	3	0	1	16	1
1	3	7	2	257	1
0	2	0	1	118	1
1	2	4	2	273	1
2	1	2	2	68	1
2	0	6	3	138	1
2	3	7	2	272	1
2	1	3	2	79	1
2	1	1	2	209	1
1	0	1	3	53	1
1	3	2	2	51	1
3	2	2	2	56	1
0	3	0	1	122	1
1	3	5	2	54	1
3	2	2	2	115	1
2	1	7	2	178	1
1	3	3	2	278	1
3	2	5	2	211	1
3	1	5	2	45	1
3	2	5	2	7	1
3	2	1	2	305	1
3	1	5	2	243	1
2	1	1	2	237	1
3	2	5	2	151	1
3	0	3	3	181	1
1	2	7	2	152	1
2	3	5	2	23	1
3	0	3	3	129	1
2	0	2	3	10	1
0	2	0	1	217	1
2	3	7	2	77	1
1	0	7	3	198	1
3	2	5	2	141	1
2	1	3	2	35	1
2	0	1	3	4	1
0	1	0	1	220	1
2	1	6	2	67	1
2	1	4	2	140	1
3	1	2	2	241	1
3	0	5	3	148	1
1	0	4	3	200	1
2	3	5	2	6	1
2	1	2	2	76	1
1	3	1	2	102	1
1	0	6	3	175	1
3	1	1	2	64	1
3	1	1	2	217	1
0	1	0	1	313	1
3	2	4	2	65	1
3	2	5	2	68	1
1	3	1	2	172	1
3	2	5	2	276	1
0	3	0	1	287	1
3	2	4	2	95	1
0	1	0	1	71	1
0	2	0	1	144	1
2	0	3	3	298	1
0	2	0	1	98	1
1	0	6	3	60	1
3	2	5	2	160	1
0	2	0	1	300	1
0	2	0	1	165	1
1	3	5	2	39	1
2	0	7	3	29	1
0	1	0	1	40	1
2	3	6	2	186	1
1	0	5	3	162	1
0	2	0	1	123	1
0	1	0	1	137	1
0	2	0	1	223	1
0	1	0	1	102	1
3	0	4	3	87	1
2	0	3	3	283	1
1	3	5	2	80	1
3	0	2	3	256	1
2	1	7	2	193	1
1	0	6	3	114	1
1	3	6	2	0	1
1	0	7	3	39	1
0	2	0	1	102	1
2	3	7	2	313	1
3	2	6	2	166	1
3	2	5	2	258	1
0	1	0	1	318	1
3	2	7	2	181	1
2	3	5	2	210	1
3	1	5	2	308	1
2	0	6	3	190	1
2	0	6	3	35	1
1	2	2	2	255	1
2	0	1	3	270	1
3	2	7	2	279	1
1	3	6	2	171	1
0	3	0	1	258	1
2	1	5	2	264	1
3	2	5	2	185	1
1	2	3	2	64	1
1	2	2	2	127	1
0	2	0	1	234	1
2	0	7	3	16	1
3	0	5	3	263	1
0	2	0	1	240	1
3	1	3	2	198	1
0	2	0	1	85	1
2	1	4	2	245	1
3	0	1	3	101	1
2	0	3	3	310	1
3	0	4	3	101	1
2	1	6	2	45	1
3	0	4	3	59	1
2	0	6	3	251	1
3	2	7	2	261	1
2	0	2	3	0	1
3	1	4	2	98	1
2	0	2	3	209	1
0	1	0	1	123	1
0	3	0	1	27	1
1	0	4	3	130	1
2	3	6	2	84	1
1	2	4	2	40	1
1	0	5	3	264	1
3	2	2	2	286	1
3	0	4	3	239	1
3	2	1	2	284	1
2	3	7	2	97	1
1	2	7	2	232	1
1	3	5	2	132	1
0	3	0	1	160	1
2	0	6	3	164	1
2	1	4	2	226	1
0	2	0	1	162	1
1	0	5	3	36	1
2	1	1	2	115	1
1	3	4	2	196	1
2	0	7	3	45	1
1	3	1	2	147	1
0	2	0	1	124	1
0	2	0	1	97	1
1	0	1	3	173	1
0	2	0	1	49	1
1	0	1	3	203	1
0	1	0	1	26	1
1	0	4	3	57	1
3	1	3	2	83	1
2	3	7	2	223	1
2	3	7	2	237	1
1	0	4	3	63	1
0	2	0	1	164	1
2	1	2	2	250	1
3	0	1	3	165	1
0	1	0	1	176	1
3	0	3	3	195	1
1	3	6	2	110	1
0	3	0	1	301	1
1	2	1	2	172	1
0	3	0	1	176	1
3	0	4	3	14	1
0	2	0	1	100	1
2	3	3	2	30	1
1	3	4	2	215	1
0	3	0	1	103	1
0	3	0	1	215	1
1	0	1	3	45	1
3	1	7	2	157	1
2	1	1	2	108	1
0	1	0	1	1	1
1	3	3	2	208	1
2	3	5	2	126	1
0	1	0	1	222	1
2	3	3	2	300	1
1	0	1	3	102	1
1	0	6	3	270	1
1	3	6	2	88	1
2	1	4	2	103	1
3	1	7	2	218	1
0	2	0	1	7	1
0	2	0	1	129	1
3	1	4	2	84	1
1	3	5	2	97	1
2	3	7	2	284	1
1	3	2	2	175	1
2	3	5	2	85	1
3	1	6	2	71	1
0	2	0	1	246	1
3	2	4	2	148	1
2	0	7	3	311	1
0	3	0	1	96	1
2	1	5	2	61	1
0	1	0	1	254	1
1	2	7	2	267	1
3	2	5	2	113	1
1	3	6	2	106	1
3	0	4	3	121	1
2	1	5	2	299	1
1	0	4	3	54	1
1	2	5	2	266	1
3	2	3	2	277	1
2	1	4	2	185	1
2	3	1	2	237	1
3	2	2	2	95	1
0	2	0	1	252	1
1	3	3	2	254	1
3	1	4	2	208	1
3	0	2	3	94	1
3	0	5	3	275	1
2	1	7	2	156	1
3	1	2	2	51	1
3	2	6	2	14	1
0	3	0	1	268	1
0	3	0	1	186	1
2	0	2	3	164	1
3	0	2	3	317	1
0	1	0	1	35	1
2	0	2	3	180	1
0	1	0	1	23	1
2	0	7	3	152	1
0	2	0	1	294	1
1	3	5	2	129	1
0	1	0	1	136	1
1	0	1	3	72	1
0	2	0	1	316	1
2	1	5	2	86	1
1	2	1	2	202	1
2	0	7	3	62	1
1	0	5	3	257	1
0	2	0	1	25	1
1	2	6	2	57	1
3	1	5	2	143	1
1	3	2	2	272	1
3	1	7	2	88	1
0	3	0	1	64	1
2	0	3	3	54	1
3	2	7	2	117	1
2	1	2	2	50	1
0	3	0	1	110	1
2	3	3	2	117	1
2	1	3	2	312	1
1	2	2	2	125	1
1	2	6	2	60	1
2	3	1	2	11	1
1	3	7	2	205	1
0	3	0	1	159	1
3	1	1	2	27	1
1	3	1	2	92	1
1	0	7	3	34	1
1	0	1	3	289	1
0	2	0	1	51	1
1	3	3	2	306	1
3	2	6	2	193	1
1	2	5	2	122	1
1	2	7	2	70	1
2	1	1	2	115	1
1	3	3	2	90	1
1	3	3	2	191	1
0	2	0	1	32	1
0	2	0	1	110	1
3	1	4	2	270	1
0	1	0	1	315	1
1	0	4	3	49	1
0	1	0	1	243	1
1	3	7	2	167	1
0	1	0	1	105	1
1	3	5	2	123	1
3	2	4	2	11	1
2	1	3	2	58	1
1	0	4	3	99	1
0	2	0	1	224	1
3	2	3	2	280	1
3	2	3	2	186	1
1	0	1	3	273	1
2	0	2	3	174	1
2	0	6	3	82	1
3	0	5	3	77	1
0	2	0	1	121	1
2	0	3	3	65	1
2	0	3	3	188	1
1	0	4	3	41	1
1	0	6	3	303	1
3	0	5	3	304	1
2	1	1	2	1	1
0	3	0	1	169	1
2	3	6	2	1	1
3	2	2	2	169	1
0	1	0	1	235	1
0	2	0	1	133	1
3	2	5	2	275	1
3	0	1	3	74	1
3	2	1	2	119	1
3	2	4	2	202	1
3	2	5	2	102	1
2	0	1	3	69	1
3	1	4	2	278	1
0	1	0	1	48	1
2	0	6	3	132	1
2	1	4	2	219	1
2	1	6	2	142	1
0	1	0	1	310	1
2	1	3	2	178	1
0	3	0	1	78	1
3	2	7	2	151	1
3	0	4	3	78	1
0	3	0	1	303	1
1	0	6	3	135	1
1	2	3	2	8	1
0	3	0	1	209	1
1	2	4	2	215	1
2	3	3	2	248	1
1	3	6	2	57	1
2	0	6	3	164	1
1	0	7	3	224	1
0	3	0	1	37	1
0	1	0	1	181	1
3	0	3	3	163	1
3	0	1	3	214	1
1	3	5	2	33	1
0	3	0	1	228	1
2	3	3	2	71	1
1	3	2	2	212	1
0	3	0	1	38	1
1	2	1	2	166	1
0	1	0	1	264	1
3	0	2	3	255	1
0	2	0	1	14	1
1	2	6	2	67	1
3	2	6	2	212	1
3	0	5	3	138	1
1	0	7	3	294	1
0	1	0	1	312	1
3	0	3	3	15	1
2	3	5	2	100	1
3	1	6	2	229	1
3	0	5	3	180	1
1	0	5	3	240	1
3	1	6	2	258	1
0	1	0	1	291	1
2	1	3	2	270	1
3	0	5	3	131	1
1	2	3	2	121	1
3	2	3	2	47	1
3	0	4	3	265	1
0	1	0	1	174	1
0	2	0	1	112	1
2	0	1	3	202	1
3	0	1	3	267	1
2	3	2	2	202	1
3	0	2	3	206	1
0	1	0	1	6	1
3	1	3	2	109	1
2	0	6	3	34	1
0	2	0	1	176	1
0	3	0	1	187	1
0	1	0	1	178	1
2	3	2	2	172	1
2	3	4	2	93	1
2	1	6	2	317	1
0	2	0	1	318	1
0	3	0	1	40	1
1	2	4	2	261	1
1	2	5	2	265	1
2	0	7	3	116	1
3	0	5	3	47	1
1	0	7	3	191	1
2	0	3	3	129	1
1	2	2	2	301	1
2	0	2	3	218	1
1	0	1	3	136	1
2	0	3	3	275	1
0	1	0	1	298	1
0	2	0	1	162	1
1	2	1	2	257	1
1	0	6	3	91	1
0	3	0	1	38	1
1	2	1	2	74	1
2	0	2	3	33	1
0	1	0	1	257	1
2	3	1	2	229	1
2	0	2	3	247	1
1	0	7	3	41	1
1	2	1	2	0	1
1	0	7	3	52	1
2	0	2	3	211	1
3	2	7	2	218	1
3	0	3	3	286	1
2	1	7	2	221	1
3	2	2	2	194	1
2	3	7	2	189	1
2	1	5	2	224	1
0	3	0	1	252	1
0	2	0	1	64	1
0	2	0	1	233	1
0	1	0	1	132	1
2	1	5	2	15	1
1	0	1	3	100	1
2	0	6	3	308	1
0	1	0	1	20	1
1	2	4	2	310	1
3	2	6	2	70	1
1	2	2	2	24	1
0	2	0	1	75	1
2	0	1	3	143	1
2	1	5	2	32	1
0	1	0	1	176	1
3	2	4	2	43	1
3	0	2	3	126	1
0	1	0	1	91	1
1	0	7	3	89	1
0	3	0	1	225	1
2	1	2	2	200	1
0	1	0	1	181	1
3	0	4	3	145	1
1	2	2	2	19	1
1	0	6	3	79	1
1	3	5	2	12	1
2	3	5	2	68	1
2	1	4	2	225	1
2	0	6	3	261	1
2	3	1	2	113	1
0	3	0	1	36	1
2	3	3	2	289	1
1	0	4	3	168	1
2	0	2	3	206	1
3	2	6	2	101	1
3	1	6	2	149	1
3	0	1	3	270	1
3	1	2	2	217	1
3	2	2	2	30	1
2	3	3	2	146	1
3	0	3	3	159	1
1	2	6	2	24	1
1	2	5	2	184	1
1	2	6	2	198	1
2	3	4	2	177	1
1	2	7	2	260	1
3	0	2	3	132	1
1	3	4	2	293	1
3	2	5	2	318	1
0	3	0	1	15	1
1	3	6	2	235	1
0	1	0	1	177	1
3	0	5	3	195	1
3	2	3	2	260	1
1	0	6	3	195	1
3	2	5	2	78	1
1	0	7	3	28	1
2	0	7	3	146	1
0	3	0	1	288	1
2	1	2	2	105	1
0	2	0	1	246	1
3	2	3	2	186	1
0	1	0	1	20	1
0	3	0	1	2	1
1	0	1	3	104	1
3	2	5	2	302	1
2	0	7	3	74	1
0	1	0	1	154	1
3	2	5	2	147	1
0	2	0	1	112	1
0	3	0	1	191	1
0	2	0	1	60	1
1	2	7	2	251	1
2	1	1	2	232	1
3	2	7	2	313	1
0	2	0	1	293	1
0	3	0	1	133	1
3	1	6	2	19	1
0	2	0	1	169	1
1	0	7	3	2	1
1	0	5	3	260	1
2	3	3	2	149	1
0	3	0	1	250	1
3	1	4	2	124	1
0	1	0	1	112	1
0	3	0	1	311	1
1	0	6	3	78	1
1	2	1	2	137	1
1	3	1	2	190	1
2	0	3	3	106	1
1	3	2	2	30	1
1	0	4	3	192	1
0	2	0	1	299	1
3	2	7	2	306	1
3	0	4	3	226	1
0	1	0	1	91	1
0	2	0	1	230	1
1	3	5	2	287	1
3	2	7	2	62	1
1	0	1	3	179	1
3	0	4	3	9	1
3	2	5	2	227	1
2	0	1	3	200	1
0	1	0	1	293	1
3	0	3	3	44	1
1	0	4	3	265	1
0	3	0	1	239	1
1	2	3	2	186	1
0	1	0	1	166	1
2	3	1	2	6	1
2	1	1	2	263	1
0	1	0	1	140	1
0	2	0	1	232	1
3	0	2	3	103	1
1	2	7	2	57	1
3	1	7	2	51	1
3	0	2	3	71	1
2	3	7	2	29	1
2	1	4	2	174	1
0	3	0	1	119	1
1	2	6	2	125	1
3	0	3	3	16	1
3	2	3	2	233	1
1	2	7	2	39	1
0	3	0	1	309	1
2	1	4	2	318	1
2	3	2	2	217	1
0	1	0	1	253	1
2	0	7	3	112	1
3	0	2	3	99	1
3	0	2	3	218	1
0	3	0	1	138	1
0	2	0	1	178	1
0	1	0	1	104	1
2	1	6	2	85	1
0	3	0	1	148	1
3	1	6	2	262	1
1	2	6	2	33	1
1	3	1	2	59	1
2	3	6	2	230	1
0	3	0	1	89	1
2	3	4	2	142	1
0	1	0	1	96	1
1	3	5	2	284	1
2	3	3	2	308	1
1	2	5	2	190	1
2	0	2	3	23	1
3	1	6	2	138	1
0	3	0	1	301	1
1	0	7	3	133	1
3	2	3	2	194	1
3	2	5	2	229	1
0	1	0	1	188	1
0	1	0	1	125	1
0	3	0	1	222	1
2	0	6	3	170	1
3	1	7	2	110	1
2	1	5	2	157	1
2	0	7	3	317	1
1	2	4	2	61	1
0	1	0	1	178	1
0	2	0	1	184	1
1	2	2	2	226	1
0	2	0	1	130	1
3	0	3	3	16	1
1	3	1	2	270	1
3	1	3	2	13	1
0	3	0	1	142	1
1	3	6	2	85	1
2	3	5	2	179	1
1	2	5	2	68	1
3	2	7	2	221	1
3	1	1	2	108	1
3	0	2	3	259	1
0	1	0	1	4	1
2	0	6	3	230	1
1	0	6	3	116	1
2	1	5	2	195	1
1	3	1	2	31	1
3	0	5	3	126	1
2	0	1	3	113	1
1	3	6	2	59	1
2	3	4	2	211	1
0	2	0	1	266	1
3	1	5	2	155	1
2	0	1	3	87	1
0	1	0	1	284	1
0	1	0	1	56	1
1	3	7	2	183	1
2	1	7	2	290	1
0	2	0	1	9	1
1	0	6	3	24	1
2	3	5	2	255	1
1	3	1	2	213	1
2	3	1	2	204	1
3	1	6	2	6	1
3	2	6	2	31	1
1	2	6	2	289	1
2	0	7	3	265	1
1	2	7	2	10	1
3	2	4	2	79	1
0	2	0	1	39	1
1	3	4	2	213	1
0	3	0	1	151	1
0	1	0	1	50	1
3	0	2	3	301	1
3	2	6	2	310	1
0	1	0	1	292	1
3	1	1	2	206	1
3	1	2	2	90	1
1	3	2	2	232	1
0	1	0	1	18	1
0	1	0	1	90	1
0	3	0	1	181	1
3	1	5	2	226	1
3	0	3	3	314	1
2	0	3	3	63	1
1	0	7	3	126	1
0	3	0	1	273	1
0	2	0	1	202	1
2	3	5	2	305	1
2	3	3	2	215	1
3	0	4	3	217	1
1	2	3	2	277	1
0	3	0	1	40	1
3	2	4	2	177	1
1	2	3	2	268	1
3	2	1	2	311	1
3	0	4	3	147	1
3	0	4	3	32	1
0	1	0	1	294	1
3	1	7	2	154	1
2	0	2	3	116	1
0	3	0	1	3	1
3	1	6	2	283	1
0	1	0	1	139	1
3	0	2	3	66	1
1	3	1	2	208	1
2	1	2	2	229	1
1	2	4	2	68	1
1	0	1	3	269	1
2	0	1	3	303	1
2	1	4	2	84	1
3	1	3	2	244	1
1	0	1	3	27	1
3	0	2	3	3	1
1	2	6	2	53	1
1	0	5	3	229	1
0	3	0	1	107	1
0	3	0	1	293	1
1	0	6	3	164	1
3	1	3	2	181	1
2	0	2	3	168	1
1	3	7	2	302	1
2	0	1	3	299	1
1	0	4	3	247	1
3	0	5	3	175	1
2	3	2	2	77	1
1	0	5	3	184	1
0	3	0	1	131	1
3	1	2	2	267	1
0	1	0	1	154	1
0	2	0	1	106	1
2	0	1	3	84	1
2	1	3	2	136	1
1	2	7	2	300	1
0	3	0	1	292	1
0	3	0	1	259	1
0	1	0	1	90	1
1	0	6	3	42	1
3	2	4	2	153	1
2	3	4	2	124	1
1	0	1	3	238	1
1	3	4	2	314	1
0	2	0	1	210	1
1	0	7	3	168	1
3	1	3	2	110	1
0	3	0	1	170	1
0	2	0	1	79	1
1	3	5	2	9	1
0	1	0	1	208	1
2	3	2	2	114	1
0	2	0	1	36	1
0	2	0	1	201	1
1	3	2	2	60	1
3	0	2	3	282	1
1	0	5	3	215	1
0	3	0	1	199	1
3	0	2	3	210	1
1	2	4	2	112	1
0	3	0	1	274	1
1	2	1	2	281	1
3	2	7	2	27	1
0	2	0	1	131	1
1	2	5	2	244	1
1	3	1	2	96	1
1	0	6	3	50	1
2	1	3	2	199	1
1	0	1	3	247	1
2	1	3	2	163	1
2	3	2	2	129	1
3	0	1	3	240	1
2	1	5	2	144	1
1	0	5	3	111	1
0	3	0	1	265	1
3	0	5	3	118	1
0	3	0	1	258	1
3	0	2	3	106	1
0	2	0	1	32	1
1	3	2	2	201	1
0	2	0	1	30	1
3	0	2	3	0	1
2	1	2	2	72	1
0	3	0	1	2	1
3	2	5	2	157	1
3	1	7	2	311	1
3	2	2	2	276	1
3	0	3	3	24	1
2	0	1	3	96	1
2	0	1	3	319	1
1	0	6	3	274	1
2	1	3	2	157	1
3	0	5	3	111	1
2	3	5	2	260	1
0	1	0	1	128	1
3	2	7	2	274	1
2	3	7	2	184	1
0	2	0	1	47	1
1	3	4	2	215	1
3	0	2	3	232	1
0	1	0	1	183	1
2	3	4	2	125	1
2	1	5	2	223	1
2	3	6	2	182	1
0	1	0	1	162	1
1	0	4	3	180	1
1	0	7	3	116	1
0	1	0	1	295	1
2	0	2	3	72	1
2	0	2	3	109	1
1	2	1	2	254	1
0	2	0	1	302	1
0	2	0	1	191	1
1	0	7	3	12	1
2	1	1	2	61	1
3	2	2	2	230	1
1	0	5	3	175	1
1	3	6	2	46	1
0	3	0	1	199	1
3	1	2	2	236	1
3	0	5	3	255	1
2	3	6	2	283	1
0	3	0	1	9	1
3	2	6	2	290	1
0	1	0	1	196	1
3	1	7	2	174	1
0	3	0	1	287	1
0	3	0	1	305	1
1	3	6	2	220	1
0	2	0	1	170	1
2	1	2	2	124	1
2	3	6	2	149	1
2	3	6	2	306	1
1	2	3	2	1	1
2	0	1	3	191	1
3	2	3	2	287	1
1	3	2	2	181	1
2	3	5	2	147	1
1	0	6	3	46	1
3	0	4	3	45	1
2	0	7	3	268	1
1	3	2	2	148	1
2	3	2	2	224	1
0	3	0	1	18	1
1	0	7	3	206	1
2	3	3	2	190	1
3	0	1	3	298	1
0	1	0	1	69	1
0	3	0	1	155	1
0	2	0	1	113	1
3	2	2	2	124	1
2	1	2	2	256	1
0	1	0	1	191	1
0	2	0	1	245	1
1	3	2	2	190	1
1	3	6	2	319	1
1	2	6	2	109	1
1	0	6	3	315	1
0	3	0	1	121	1
2	3	2	2	268	1
0	2	0	1	23	1
2	3	7	2	262	1
2	3	3	2	218	1
0	2	0	1	195	1
3	1	7	2	141	1
0	2	0	1	211	1
0	2	0	1	200	1
3	0	3	3	109	1
3	0	1	3	57	1
3	2	3	2	143	1
3	0	3	3	193	1
0	2	0	1	301	1
2	3	2	2	113	1
2	1	2	2	254	1
3	0	5	3	210	1
3	2	6	2	128	1
1	0	1	3	269	1
3	1	6	2	265	1
3	2	1	2	302	1
1	0	1	3	312	1
2	3	2	2	301	1
0	3	0	1	118	1
2	0	1	3	9	1
1	3	2	2	292	1
3	0	3	3	74	1
1	2	1	2	4	1
1	2	4	2	21	1
3	1	5	2	45	1
2	0	3	3	285	1
0	1	0	1	53	1
2	0	2	3	87	1
3	1	2	2	174	1
3	1	3	2	308	1
2	1	1	2	74	1
2	0	3	3	228	1
1	0	6	3	319	1
2	0	6	3	173	1
0	3	0	1	204	1
3	2	5	2	10	1
0	3	0	1	163	1
1	3	1	2	155	1
2	0	1	3	155	1
3	0	2	3	272	1
3	2	6	2	145	1
1	0	4	3	317	1
0	2	0	1	18	1
0	3	0	1	135	1
1	3	4	2	233	1
3	2	1	2	319	1
0	2	0	1	47	1
1	2	4	2	247	1
1	0	5	3	211	1
2	0	1	3	24	1
1	3	1	2	10	1
2	1	1	2	217	1
2	1	2	2	198	1
3	0	2	3	229	1
3	2	4	2	59	1
0	1	0	1	209	1
1	2	7	2	33	1
2	0	2	3	30	1
3	0	3	3	147	1
3	0	1	3	75	1
0	1	0	1	134	1
3	0	4	3	145	1
1	0	5	3	5	1
2	3	3	2	3	1
0	1	0	1	207	1
3	1	2	2	213	1
2	0	6	3	121	1
3	1	5	2	288	1
2	0	7	3	65	1
1	3	6	2	94	1
1	0	1	3	21	1
0	3	0	1	270	1
3	0	2	3	270	1
2	3	5	2	232	1
0	3	0	1	71	1
0	1	0	1	239	1
1	2	2	2	47	1
1	0	1	3	268	1
3	2	2	2	5	1
3	2	2	2	104	1
0	1	0	1	27	1
1	2	7	2	256	1
0	3	0	1	297	1
2	3	3	2	237	1
2	3	6	2	16	1
1	2	1	2	245	1
3	1	4	2	313	1
0	3	0	1	49	1
2	1	3	2	58	1
3	0	3	3	133	1
0	1	0	1	241	1
0	1	0	1	49	1
3	1	2	2	273	1
0	1	0	1	294	1
3	2	3	2	209	1
0	1	0	1	301	1
2	0	3	3	57	1
2	0	3	3	82	1
2	3	3	2	191	1
3	1	4	2	185	1
3	2	3	2	78	1
2	0	7	3	305	1
2	3	2	2	279	1
0	2	0	1	291	1
0	1	0	1	188	1
0	2	0	1	260	1
1	0	6	3	297	1
2	0	7	3	175	1
3	1	7	2	231	1
1	2	6	2	29	1
2	1	6	2	207	1
3	0	3	3	254	1
2	1	6	2	314	1
3	1	1	2	104	1
1	0	4	3	74	1
2	3	3	2	151	1
1	2	2	2	193	1
3	1	2	2	179	1
0	2	0	1	172	1
1	3	3	2	198	1
2	3	4	2	103	1
2	0	2	3	198	1
2	0	1	3	26	1
0	1	0	1	117	1
1	2	5	2	180	1
0	2	0	1	226	1
3	1	6	2	106	1
0	2	0	1	33	1
2	0	3	3	146	1
1	0	7	3	241	1
0	1	0	1	37	1
3	2	5	2	94	1
0	2	0	1	246	1
0	3	0	1	34	1
1	3	5	2	286	1
0	2	0	1	67	1
1	3	2	2	186	1
3	2	5	2	214	1
3	1	6	2	237	1
2	0	6	3	278	1
2	3	4	2	146	1
2	0	2	3	28	1
2	1	7	2	51	1
3	1	6	2	37	1
3	2	5	2	114	1
1	3	1	2	291	1
2	1	2	2	62	1
0	3	0	1	127	1
3	1	4	2	305	1
2	1	4	2	119	1
2	0	3	3	25	1
1	3	2	2	210	1
3	2	6	2	295	1
3	1	6	2	126	1
2	0	2	3	306	1
0	1	0	1	179	1
0	3	0	1	10	1
1	0	6	3	209	1
2	0	6	3	288	1
2	0	6	3	150	1
3	1	2	2	100	1
0	2	0	1	146	1
3	1	3	2	304	1
2	1	5	2	152	1
2	1	3	2	156	1
1	3	4	2	123	1
0	2	0	1	174	1
2	0	6	3	35	1
3	2	4	2	244	1
0	2	0	1	221	1
3	0	3	3	229	1
3	0	5	3	30	1
0	3	0	1	206	1
3	1	2	2	4	1
1	2	4	2	231	1
0	3	0	1	8	1
1	3	5	2	197	1
2	3	2	2	134	1
1	3	2	2	233	1
1	0	7	3	266	1
2	1	4	2	82	1
1	3	2	2	99	1
3	0	2	3	95	1
1	3	3	2	130	1
0	1	0	1	149	1
2	1	5	2	80	1
2	0	3	3	206	1
0	2	0	1	309	1
0	3	0	1	31	1
3	0	3	3	314	1
1	0	6	3	238	1
3	2	1	2	274	1
3	0	1	3	127	1
3	0	3	3	162	1
1	0	4	3	287	1
0	3	0	1	122	1
2	3	4	2	118	1
0	3	0	1	279	1
2	1	3	2	313	1
3	1	3	2	290	1
1	0	6	3	259	1
1	0	6	3	242	1
2	1	4	2	316	1
0	3	0	1	65	1
0	2	0	1	291	1
3	0	1	3	247	1
1	3	2	2	294	1
2	1	3	2	89	1
0	1	0	1	21	1
2	1	5	2	102	1
2	0	7	3	300	1
2	0	2	3	302	1
1	0	5	3	302	1
1	0	4	3	62	1
3	0	4	3	209	1
2	1	6	2	167	1
1	3	4	2	165	1
2	3	5	2	128	1
3	2	2	2	199	1
0	3	0	1	298	1
0	3	0	1	121	1
1	3	1	2	235	1
3	1	6	2	184	1
1	2	2	2	277	1
0	3	0	1	84	1
1	3	1	2	64	1
0	1	0	1	273	1
0	1	0	1	66	1
1	2	2	2	297	1
1	2	2	2	277	1
0	2	0	1	226	1
0	1	0	1	2	1
0	3	0	1	80	1
3	2	3	2	237	1
3	1	3	2	31	1
2	0	1	3	273	1
3	2	4	2	246	1
1	3	3	2	27	1
3	2	1	2	294	1
2	1	7	2	93	1
2	0	2	3	309	1
3	1	6	2	165	1
3	0	2	3	39	1
0	2	0	1	175	1
3	1	1	2	57	1
3	0	4	3	8	1
1	3	3	2	21	1
1	3	7	2	281	1
1	3	2	2	149	1
2	3	7	2	291	1
2	0	2	3	144	1
0	3	0	1	167	1
0	3	0	1	169	1
3	1	3	2	115	1
3	0	2	3	50	1
1	0	4	3	59	1
2	3	6	2	120	1
3	0	5	3	23	1
0	2	0	1	67	1
2	0	3	3	233	1
2	3	3	2	300	1
0	1	0	1	167	1
2	1	1	2	102	1
3	0	5	3	236	1
1	2	7	2	287	1
3	2	3	2	37	1
1	3	5	2	139	1
3	2	1	2	94	1
3	0	5	3	282	1
1	3	1	2	319	1
2	3	1	2	302	1
2	0	7	3	125	1
2	1	7	2	22	1
0	1	0	1	196	1
3	2	7	2	213	1
1	0	4	3	93	1
1	3	7	2	57	1
0	3	0	1	289	1
0	1	0	1	261	1
1	3	1	2	201	1
0	1	0	1	72	1
3	1	1	2	234	1
1	0	1	3	143	1
2	0	6	3	310	1
0	2	0	1	114	1
3	1	4	2	64	1
0	3	0	1	286	1
2	0	2	3	2	1
1	0	6	3	107	1
1	0	4	3	262	1
2	1	6	2	200	1
1	3	4	2	152	1
0	1	0	1	31	1
1	0	4	3	130	1
2	0	6	3	248	1
2	3	4	2	232	1
2	3	6	2	88	1
3	0	1	3	20	1
2	0	2	3	1	1
1	2	5	2	164	1
3	1	6	2	18	1
1	3	7	2	134	1
2	1	6	2	36	1
3	2	5	2	249	1
0	2	0	1	272	1
2	3	4	2	167	1
0	3	0	1	26	1
3	2	3	2	311	1
3	0	2	3	60	1
0	1	0	1	134	1
3	0	2	3	131	1
2	1	5	2	186	1
3	0	1	3	130	1
1	3	7	2	209	1
3	1	1	2	245	1
1	0	7	3	248	1
3	0	3	3	50	1
2	1	4	2	200	1
1	2	1	2	314	1
1	0	4	3	208	1
2	0	2	3	55	1
1	3	3	2	55	1
1	2	1	2	66	1
1	0	4	3	80	1
1	0	5	3	9	1
3	0	1	3	192	1
3	1	6	2	218	1
3	0	5	3	159	1
1	3	3	2	196	1
0	1	0	1	36	1
0	2	0	1	313	1
2	0	6	3	10	1
3	1	6	2	47	1
0	2	0	1	170	1
1	2	7	2	229	1
1	0	4	3	49	1
0	2	0	1	107	1
3	1	3	2	181	1
3	2	2	2	147	1
1	3	2	2	87	1
1	3	5	2	78	1
1	0	7	3	238	1
3	1	3	2	96	1
3	0	1	3	250	1
0	3	0	1	107	1
0	1	0	1	289	1
1	3	2	2	308	1
1	0	6	3	271	1
3	1	5	2	170	1
0	3	0	1	313	1
3	2	3	2	139	1
3	2	4	2	60	1
0	3	0	1	8	1
1	2	7	2	212	1
0	1	0	1	287	1
3	0	4	3	239	1
2	0	7	3	48	1
1	0	5	3	200	1
3	2	6	2	18	1
1	2	1	2	310	1
3	2	6	2	229	1
0	1	0	1	145	1
1	2	2	2	302	1
1	3	1	2	194	1
1	2	2	2	262	1
0	2	0	1	183	1
0	1	0	1	25	1
3	1	6	2	202	1
1	0	6	3	100	1
3	1	3	2	127	1
1	3	5	2	198	1
2	1	1	2	228	1
0	1	0	1	177	1
2	3	3	2	157	1
2	0	1	3	84	1
2	0	7	3	9	1
0	2	0	1	305	1
0	3	0	1	122	1
0	2	0	1	314	1
2	3	2	2	201	1
2	3	5	2	58	1
3	2	5	2	274	1
1	2	2	2	106	1
1	2	3	2	7	1
2	3	4	2	70	1
3	0	1	3	201	1
3	1	6	2	221	1
0	1	0	1	163	1
1	3	2	2	222	1
3	0	2	3	160	1
0	2	0	1	17	1
0	1	0	1	45	1
0	3	0	1	119	1
1	0	4	3	27	1
1	2	4	2	313	1
1	0	7	3	151	1
3	2	5	2	104	1
0	2	0	1	230	1
0	3	0	1	251	1
2	3	6	2	24	1
0	3	0	1	84	1
0	2	0	1	51	1
1	3	7	2	301	1
1	0	4	3	231	1
3	1	6	2	172	1
2	3	5	2	303	1
0	3	0	1	184	1
2	0	6	3	184	1
1	2	4	2	173	1
3	2	1	2	109	1
3	2	1	2	108	1
1	0	7	3	132	1
3	2	1	2	161	1
2	0	6	3	271	1
2	0	7	3	158	1
1	0	5	3	111	1
1	2	3	2	17	1
1	0	7	3	216	1
1	2	3	2	288	1
1	0	1	3	87	1
0	3	0	1	287	1
3	1	4	2	17	1
0	3	0	1	222	1
1	3	2	2	92	1
1	3	6	2	106	1
1	0	5	3	164	1
3	1	6	2	237	1
3	2	3	2	7	1
2	3	4	2	178	1
3	0	4	3	89	1
3	2	6	2	55	1
1	3	3	2	171	1
1	2	4	2	226	1
3	2	7	2	20	1
3	2	1	2	0	1
2	1	7	2	157	1
2	0	2	3	286	1
0	3	0	1	291	1
0	2	0	1	213	1
0	1	0	1	96	1
1	3	5	2	276	1
0	3	0	1	317	1
2	3	1	2	16	1
3	1	6	2	248	1
1	2	6	2	136	1
0	1	0	1	84	1
2	3	1	2	273	1
3	1	4	2	92	1
1	0	1	3	46	1
3	2	1	2	273	1
0	2	0	1	79	1
1	2	6	2	11	1
2	0	1	3	105	1
2	0	3	3	301	1
2	3	4	2	61	1
3	1	6	2	124	1
2	1	3	2	299	1
2	3	6	2	40	1
0	1	0	1	270	1
0	2	0	1	156	1
1	2	1	2	156	1
0	1	0	1	205	1
3	0	3	3	175	1
0	1	0	1	13	1
2	3	6	2	138	1
3	2	4	2	142	1
0	3	0	1	68	1
3	1	3	2	226	1
1	2	4	2	2	1
3	2	1	2	159	1
1	2	3	2	175	1
0	3	0	1	285	1
3	1	3	2	96	1
3	2	4	2	232	1
2	1	3	2	118	1
0	3	0	1	24	1
3	2	5	2	299	1
3	0	1	3	65	1
1	0	4	3	187	1
1	2	1	2	18	1
0	1	0	1	161	1
3	0	4	3	268	1
0	3	0	1	12	1
1	0	6	3	215	1
0	3	0	1	17	1
2	1	7	2	196	1
1	3	6	2	229	1
3	0	4	3	316	1
0	2	0	1	125	1
2	0	6	3	297	1
3	1	1	2	8	1
1	2	6	2	187	1
2	1	2	2	129	1
2	3	4	2	43	1
1	3	3	2	305	1
3	0	2	3	39	1
0	2	0	1	226	1
2	1	1	2	57	1
3	0	5	3	319	1
2	1	2	2	41	1
2	3	5	2	272	1
2	3	2	2	73	1
2	1	6	2	27	1
2	3	7	2	309	1
1	3	5	2	236	1
0	1	0	1	15	1
2	3	3	2	307	1
1	2	7	2	92	1
0	1	0	1	291	1
3	1	3	2	96	1
2	3	6	2	119	1
3	2	5	2	226	1
0	2	0	1	295	1
0	3	0	1	45	1
3	2	4	2	168	1
0	3	0	1	238	1
0	3	0	1	36	1
3	1	7	2	250	1
1	0	4	3	172	1
1	3	5	2	209	1
3	2	3	2	47	1
3	1	3	2	46	1
3	2	2	2	219	1
1	0	5	3	113	1
3	1	7	2	76	1
2	1	5	2	201	1
2	3	6	2	132	1
0	1	0	1	219	1
2	3	5	2	298	1
3	2	1	2	51	1
2	3	4	2	309	1
0	2	0	1	30	1
1	2	7	2	2	1
0	1	0	1	319	1
1	2	1	2	306	1
1	0	7	3	193	1
2	1	4	2	163	1
0	3	0	1	289	1
2	3	3	2	281	1
3	2	5	2	212	1
3	2	1	2	40	1
1	3	5	2	244	1
3	0	3	3	55	1
2	1	7	2	181	1
1	0	6	3	169	1
2	3	2	2	307	1
2	3	3	2	237	1
2	3	5	2	290	1
2	1	3	2	31	1
1	2	7	2	133	1
0	2	0	1	164	1
1	0	7	3	194	1
1	3	4	2	162	1
1	0	4	3	155	1
2	1	2	2	62	1
0	2	0	1	7	1
0	2	0	1	226	1
0	3	0	1	165	1
0	2	0	1	201	1
3	0	4	3	97	1
0	1	0	1	142	1
1	2	5	2	189	1
1	3	6	2	130	1
3	0	1	3	317	1
0	2	0	1	152	1
3	1	1	2	171	1
0	3	0	1	125	1
2	1	1	2	14	1
1	0	6	3	239	1
0	3	0	1	304	1
3	0	1	3	108	1
3	0	5	3	249	1
3	2	7	2	148	1
1	2	7	2	72	1
1	2	7	2	84	1
2	0	3	3	164	1
2	3	6	2	27	1
1	3	4	2	150	1
2	0	7	3	42	1
0	3	0	1	196	1
0	2	0	1	23	1
3	2	3	2	95	1
2	3	2	2	230	1
3	2	6	2	115	1
1	3	6	2	96	1
0	1	0	1	245	1
2	3	5	2	42	1
1	0	7	3	153	1
1	2	2	2	112	1
0	2	0	1	91	1
3	1	2	2	55	1
0	2	0	1	19	1
1	2	4	2	33	1
0	2	0	1	90	1
2	0	6	3	109	1
2	1	1	2	307	1
2	0	3	3	130	1
2	1	5	2	68	1
2	0	3	3	231	1
3	1	3	2	127	1
2	1	5	2	116	1
0	2	0	1	262	1
0	1	0	1	55	1
1	0	4	3	89	1
1	2	3	2	10	1
0	2	0	1	227	1
3	2	4	2	119	1
2	0	1	3	285	1
2	1	7	2	131	1
0	1	0	1	55	1
1	0	5	3	144	1
0	1	0	1	259	1
1	0	7	3	93	1
0	2	0	1	4	1
0	3	0	1	136	1
2	1	2	2	85	1
2	1	2	2	146	1
0	2	0	1	12	1
1	2	7	2	109	1
0	2	0	1	188	1
0	2	0	1	182	1
0	1	0	1	293	1
1	0	1	3	215	1
0	1	0	1	17	1
0	2	0	1	120	1
3	0	3	3	69	1
0	2	0	1	124	1
2	3	5	2	17	1
0	3	0	1	246	1
1	3	7	2	226	1
2	1	2	2	27	1
3	2	5	2	85	1
0	3	0	1	149	1
2	0	7	3	85	1
2	1	5	2	191	1
1	2	7	2	203	1
3	0	4	3	174	1
0	2	0	1	296	1
2	1	5	2	52	1
3	0	3	3	153	1
1	2	5	2	109	1
1	3	1	2	159	1
2	1	1	2	161	1
3	0	3	3	22	1
2	1	4	2	235	1
0	3	0	1	13	1
0	3	0	1	37	1
1	3	2	2	131	1
0	1	0	1	68	1
3	2	7	2	102	1
0	1	0	1	300	1
1	2	7	2	36	1
1	3	2	2	33	1
0	1	0	1	198	1
0	1	0	1	195	1
1	3	1	2	202	1
2	3	2	2	22	1
0	3	0	1	237	1
3	2	3	2	1	1
2	0	3	3	37	1
3	2	6	2	50	1
3	1	1	2	145	1
2	3	2	2	196	1
0	2	0	1	143	1
0	1	0	1	249	1
3	0	4	3	310	1
3	1	7	2	126	1
3	2	4	2	62	1
3	0	2	3	86	1
0	1	0	1	143	1
3	0	4	3	140	1
0	2	0	1	224	1
2	0	2	3	243	1
2	3	5	2	84	1
1	2	6	2	126	1
2	0	2	3	50	1
0	1	0	1	85	1
0	1	0	1	10	1
3	2	4	2	194	1
0	3	0	1	147	1
0	2	0	1	166	1
2	0	6	3	158	1
1	3	1	2	93	1
2	3	1	2	262	1
1	0	1	3	41	1
3	2	6	2	184	1
2	0	6	3	253	1
2	0	3	3	283	1
0	2	0	1	278	1
1	2	1	2	144	1
0	3	0	1	26	1
1	2	5	2	281	1
1	2	3	2	79	1
2	1	4	2	66	1
1	0	7	3	177	1
0	3	0	1	171	1
1	2	5	2	289	1
1	3	6	2	112	1
2	0	2	3	112	1
1	0	7	3	265	1
1	0	5	3	175	1
1	3	2	2	203	1
1	0	7	3	213	1
0	2	0	1	225	1
3	1	1	2	173	1
1	0	4	3	35	1
1	2	5	2	300	1
3	0	2	3	231	1
3	2	7	2	141	1
1	3	4	2	111	1
2	1	3	2	208	1
0	3	0	1	272	1
3	2	4	2	20	1
1	0	6	3	93	1
2	0	1	3	174	1
2	0	7	3	117	1
0	2	0	1	80	1
3	0	1	3	22	1
3	2	6	2	209	1
2	1	7	2	141	1
2	0	2	3	15	1
2	1	2	2	257	1
2	3	4	2	185	1
0	3	0	1	312	1
0	2	0	1	204	1
2	0	7	3	36	1
0	1	0	1	92	1
2	3	3	2	32	1
2	3	1	2	90	1
1	0	1	3	257	1
3	2	1	2	29	1
2	1	4	2	315	1
0	1	0	1	201	1
3	2	6	2	314	1
3	2	2	2	220	1
1	0	6	3	175	1
1	2	6	2	269	1
2	0	2	3	248	1
0	1	0	1	48	1
1	0	7	3	209	1
1	0	7	3	235	1
2	0	3	3	76	1
1	3	3	2	148	1
2	0	3	3	192	1
3	2	6	2	199	1
3	1	1	2	259	1
1	2	5	2	10	1
1	2	4	2	15	1
3	1	5	2	108	1
3	0	2	3	164	1
2	0	3	3	168	1
0	1	0	1	206	1
3	0	5	3	298	1
3	0	2	3	18	1
0	3	0	1	252	1
3	2	3	2	145	1
0	3	0	1	189	1
1	0	1	3	211	1
1	3	4	2	10	1
2	0	6	3	91	1
3	1	2	2	170	1
2	0	7	3	253	1
1	2	6	2	317	1
1	3	3	2	137	1
1	3	2	2	201	1
2	3	4	2	27	1
0	3	0	1	93	1
2	0	6	3	143	1
3	1	7	2	55	1
3	1	7	2	246	1
0	2	0	1	210	1
3	2	7	2	139	1
3	0	1	3	42	1
3	2	1	2	41	1
2	1	6	2	117	1
1	0	4	3	88	1
0	3	0	1	243	1
2	3	2	2	206	1
0	1	0	1	128	1
3	2	1	2	262	1
1	2	7	2	250	1
3	1	3	2	290	1
1	2	4	2	11	1
2	3	2	2	221	1
3	1	1	2	256	1
2	3	7	2	155	1
3	1	3	2	99	1
0	2	0	1	61	1
3	2	4	2	2	1
0	1	0	1	54	1
2	1	4	2	219	1
0	1	0	1	303	1
3	1	1	2	10	1
1	3	2	2	286	1
0	2	0	1	218	1
1	0	4	3	284	1
3	1	2	2	194	1
3	1	5	2	205	1
1	2	1	2	1	1
1	3	1	2	88	1
2	3	1	2	289	1
0	1	0	1	256	1
2	1	2	2	144	1
0	3	0	1	317	1
1	0	1	3	30	1
2	3	4	2	248	1
1	2	2	2	29	1
1	2	5	2	228	1
2	1	1	2	104	1
3	2	6	2	133	1
1	3	4	2	53	1
2	3	6	2	183	1
3	2	3	2	25	1
1	0	7	3	200	1
0	1	0	1	35	1
2	3	2	2	112	1
3	0	3	3	83	1
3	0	2	3	221	1
2	1	6	2	148	1
2	3	7	2	243	1
3	0	1	3	62	1
3	0	3	3	111	1
3	1	4	2	42	1
3	0	2	3	32	1
3	2	2	2	57	1
2	1	3	2	245	1
2	3	6	2	290	1
1	2	5	2	27	1
3	2	3	2	128	1
3	0	2	3	165	1
2	0	3	3	191	1
3	1	6	2	289	1
1	0	6	3	31	1
2	1	2	2	208	1
0	2	0	1	244	1
3	2	7	2	290	1
3	1	6	2	260	1
2	3	3	2	240	1
2	1	7	2	315	1
2	3	5	2	182	1
1	0	5	3	115	1
1	3	2	2	225	1
0	2	0	1	241	1
1	2	2	2	271	1
3	1	1	2	100	1
3	1	6	2	4	1
0	1	0	1	245	1
3	0	2	3	177	1
3	2	3	2	138	1
2	0	3	3	242	1
3	0	4	3	311	1
0	1	0	1	167	1
3	2	6	2	35	1
2	0	1	3	7	1
3	2	5	2	172	1
3	0	5	3	241	1
0	2	0	1	157	1
1	2	6	2	125	1
3	2	7	2	56	1
1	0	7	3	71	1
3	1	6	2	208	1
0	1	0	1	67	1
2	0	7	3	251	1
3	2	4	2	201	1
1	2	2	2	33	1
3	2	4	2	60	1
1	0	6	3	186	1
2	0	7	3	193	1
2	0	1	3	157	1
3	0	4	3	117	1
3	2	2	2	300	1
1	3	7	2	64	1
0	1	0	1	251	1
0	1	0	1	134	1
3	1	5	2	129	1
3	2	7	2	286	1
3	1	3	2	126	1
1	3	6	2	208	1
3	2	6	2	154	1
3	2	5	2	272	1
2	1	7	2	201	1
0	2	0	1	25	1
1	2	7	2	227	1
3	0	3	3	24	1
3	1	4	2	266	1
0	2	0	1	13	1
1	2	3	2	255	1
0	2	0	1	16	1
0	1	0	1	43	1
3	2	4	2	3	1
2	3	3	2	104	1
2	1	3	2	7	1
1	0	6	3	279	1
1	2	7	2	188	1
1	0	4	3	34	1
1	0	6	3	206	1
1	3	2	2	291	1
0	1	0	1	224	1
3	2	4	2	286	1
0	2	0	1	196	1
1	2	1	2	308	1
1	2	7	2	310	1
2	3	3	2	69	1
2	1	2	2	164	1
1	0	7	3	139	1
0	2	0	1	201	1
2	3	1	2	12	1
0	2	0	1	191	1
0	2	0	1	319	1
2	1	6	2	4	1
0	1	0	1	303	1
1	3	6	2	203	1
3	2	7	2	127	1
0	3	0	1	199	1
3	2	2	2	28	1
0	1	0	1	118	1
2	3	7	2	242	1
1	0	6	3	308	1
1	2	5	2	302	1
0	2	0	1	307	1
3	2	7	2	113	1
0	2	0	1	89	1
3	1	2	2	216	1
1	3	1	2	280	1
0	1	0	1	109	1
1	2	5	2	86	1
3	0	1	3	233	1
0	2	0	1	133	1
0	3	0	1	292	1
3	1	3	2	187	1
0	1	0	1	185	1
0	2	0	1	216	1
0	1	0	1	266	1
0	2	0	1	279	1
3	1	7	2	160	1
1	3	1	2	77	1
1	0	4	3	114	1
1	3	6	2	142	1
1	0	5	3	106	1
1	3	7	2	106	1
3	2	6	2	73	1
1	0	7	3	33	1
0	2	0	1	264	1
1	3	3	2	103	1
0	3	0	1	303	1
1	3	5	2	24	1
2	3	4	2	100	1
1	0	7	3	27	1
1	2	6	2	158	1
1	2	5	2	7	1
2	0	1	3	303	1
3	2	2	2	250	1
2	3	5	2	268	1
1	3	2	2	134	1
0	3	0	1	160	1
2	0	3	3	299	1
1	2	6	2	139	1
3	2	1	2	307	1
3	0	4	3	202	1
0	2	0	1	192	1
2	1	7	2	134	1
0	3	0	1	169	1
3	1	6	2	255	1
2	3	7	2	166	1
0	3	0	1	141	1
2	1	7	2	273	1
1	2	7	2	15	1
0	1	0	1	32	1
0	3	0	1	196	1
2	0	7	3	82	1
2	1	6	2	60	1
1	2	5	2	35	1
2	3	5	2	168	1
0	3	0	1	164	1
3	2	7	2	13	1
0	1	0	1	33	1
1	0	1	3	11	1
2	1	3	2	117	1
2	3	3	2	284	1
1	2	7	2	181	1
3	0	1	3	257	1
2	1	4	2	264	1
2	1	3	2	287	1
2	3	5	2	198	1
3	1	3	2	115	1
0	2	0	1	186	1
1	2	6	2	307	1
2	3	4	2	72	1
1	0	1	3	205	1
2	1	1	2	9	1
0	2	0	1	37	1
2	0	6	3	181	1
2	1	7	2	286	1
0	2	0	1	211	1
0	2	0	1	303	1
2	3	4	2	186	1
1	3	7	2	2	1
0	2	0	1	267	1
2	1	4	2	45	1
2	3	7	2	261	1
0	2	0	1	226	1
3	0	5	3	95	1
0	1	0	1	252	1
1	0	5	3	59	1
0	1	0	1	191	1
3	1	6	2	151	1
0	2	0	1	58	1
2	0	3	3	119	1
1	0	1	3	154	1
1	2	3	2	256	1
0	1	0	1	53	1
1	0	7	3	18	1
0	3	0	1	121	1
3	2	7	2	288	1
3	0	2	3	90	1
2	3	1	2	280	1
0	2	0	1	100	1
0	2	0	1	134	1
2	3	2	2	142	1
1	2	7	2	55	1
2	3	4	2	97	1
0	1	0	1	81	1
1	3	6	2	137	1
2	0	7	3	166	1
2	1	3	2	78	1
1	2	6	2	116	1
2	1	3	2	175	1
2	1	1	2	121	1
0	2	0	1	295	1
0	2	0	1	200	1
0	1	0	1	318	1
3	0	5	3	158	1
3	0	5	3	184	1
2	3	4	2	164	1
2	0	7	3	139	1
0	3	0	1	225	1
0	3	0	1	95	1
1	0	6	3	265	1
1	0	4	3	128	1
1	3	1	2	142	1
2	3	7	2	67	1
0	2	0	1	176	1
3	1	1	2	218	1
3	2	3	2	31	1
1	3	1	2	185	1
3	0	4	3	173	1
2	3	5	2	105	1
1	3	6	2	45	1
2	0	6	3	173	1
3	1	4	2	61	1
1	0	4	3	68	1
0	2	0	1	138	1
3	2	2	2	77	1
1	2	5	2	187	1
0	3	0	1	202	1
0	2	0	1	250	1
0	3	0	1	30	1
0	3	0	1	64	1
3	1	1	2	221	1
2	3	4	2	100	1
2	0	6	3	47	1
1	2	2	2	66	1
1	3	5	2	209	1
1	3	3	2	206	1
1	3	4	2	293	1
3	2	4	2	256	1
1	2	4	2	295	1
2	3	1	2	214	1
1	3	3	2	231	1
2	3	1	2	205	1
3	1	4	2	261	1
1	0	4	3	78	1
2	1	5	2	195	1
1	0	4	3	48	1
2	0	6	3	282	1
2	3	4	2	232	1
3	1	4	2	230	1
0	2	0	1	146	1
1	0	7	3	110	1
3	2	4	2	126	1
1	2	1	2	118	1
0	3	0	1	131	1
2	0	3	3	162	1
2	3	2	2	93	1
1	3	4	2	244	1
2	0	2	3	267	1
1	2	4	2	119	1
2	3	2	2	185	1
2	0	2	3	14	1
1	3	4	2	301	1
3	2	1	2	54	1
0	1	0	1	41	1
1	2	3	2	214	1
1	3	6	2	57	1
0	1	0	1	269	1
3	2	2	2	306	1
2	3	2	2	50	1
1	0	7	3	18	1
2	1	1	2	248	1
0	3	0	1	91	1
1	2	3	2	97	1
3	2	7	2	42	1
0	2	0	1	260	1
0	3	0	1	19	1
1	2	1	2	101	1
0	2	0	1	109	1
0	3	0	1	220	1
2	1	6	2	36	1
1	0	7	3	78	1
3	0	1	3	176	1
3	2	7	2	202	1
2	3	6	2	85	1
1	2	1	2	101	1
3	0	3	3	14	1
1	2	4	2	113	1
3	0	4	3	104	1
2	3	3	2	228	1
3	0	3	3	282	1
0	3	0	1	118	1
1	2	7	2	153	1
3	1	3	2	288	1
1	3	2	2	151	1
2	0	2	3	67	1
2	1	1	2	26	1
0	2	0	1	290	1
3	2	2	2	20	1
2	0	7	3	96	1
1	2	3	2	233	1
1	0	4	3	110	1
2	3	3	2	125	1
3	0	5	3	7	1
0	2	0	1	216	1
0	2	0	1	167	1
0	2	0	1	275	1
2	1	1	2	103	1
1	2	7	2	41	1
1	2	4	2	177	1
2	0	3	3	50	1
2	3	7	2	154	1
3	2	5	2	117	1
2	1	4	2	90	1
0	3	0	1	146	1
3	1	5	2	134	1
0	2	0	1	204	1
1	0	1	3	103	1
2	0	2	3	261	1
2	1	1	2	103	1
2	0	2	3	27	1
0	3	0	1	276	1
0	3	0	1	35	1
0	1	0	1	109	1
0	3	0	1	81	1
3	2	2	2	73	1
3	2	1	2	225	1
2	0	7	3	74	1
0	3	0	1	294	1
2	0	6	3	183	1
2	0	6	3	61	1
3	0	3	3	56	1
2	1	7	2	308	1
0	2	0	1	239	1
0	2	0	1	154	1
1	0	6	3	159	1
1	2	3	2	118	1
0	1	0	1	296	1
1	0	7	3	289	1
2	1	6	2	157	1
3	1	1	2	281	1
1	2	1	2	167	1
2	3	6	2	280	1
2	1	6	2	32	1
0	2	0	1	77	1
0	2	0	1	234	1
2	1	3	2	319	1
2	3	3	2	285	1
1	0	5	3	221	1
1	3	5	2	223	1
2	0	1	3	83	1
0	3	0	1	306	1
0	2	0	1	72	1
3	0	3	3	266	1
0	3	0	1	164	1
1	3	1	2	309	1
3	0	2	3	86	1
2	1	2	2	256	1
1	3	2	2	268	1
3	2	4	2	46	1
2	1	2	2	295	1
3	2	6	2	80	1
0	3	0	1	236	1
0	3	0	1	247	1
0	1	0	1	260	1
0	2	0	1	3	1
0	2	0	1	53	1
1	3	4	2	66	1
1	2	1	2	139	1
1	3	6	2	240	1
1	3	6	2	45	1
3	1	5	2	24	1
3	0	4	3	237	1
2	0	3	3	132	1
3	1	7	2	262	1
1	3	3	2	263	1
2	0	3	3	171	1
0	3	0	1	13	1
0	3	0	1	62	1
0	2	0	1	114	1
3	1	3	2	101	1
0	2	0	1	60	1
2	0	3	3	49	1
1	2	4	2	132	1
2	3	1	2	143	1
2	0	2	3	315	1
2	3	5	2	206	1
1	3	7	2	67	1
1	3	5	2	120	1
2	0	2	3	262	1
0	3	0	1	188	1
3	2	7	2	222	1
0	1	0	1	153	1
2	0	6	3	172	1
0	3	0	1	187	1
3	1	3	2	152	1
3	1	4	2	207	1
1	2	3	2	265	1
2	0	3	3	36	1
1	0	7	3	15	1
1	0	5	3	94	1
0	2	0	1	86	1
3	1	6	2	77	1
2	3	6	2	308	1
3	2	3	2	300	1
0	3	0	1	118	1
1	3	4	2	64	1
3	1	2	2	76	1
3	1	7	2	93	1
2	0	2	3	281	1
2	1	2	2	185	1
2	1	6	2	50	1
2	3	4	2	206	1
2	1	2	2	19	1
0	1	0	1	192	1
2	1	1	2	165	1
0	2	0	1	208	1
2	3	2	2	247	1
3	2	7	2	232	1
0	2	0	1	159	1
0	2	0	1	25	1
3	0	1	3	62	1
3	0	3	3	168	1
1	0	4	3	165	1
1	0	1	3	275	1
0	1	0	1	194	1
2	0	7	3	216	1
1	2	5	2	105	1
0	1	0	1	231	1
0	3	0	1	169	1
0	2	0	1	131	1
1	2	4	2	50	1
1	3	6	2	8	1
2	0	3	3	196	1
1	3	7	2	229	1
3	2	1	2	241	1
3	0	4	3	229	1
2	1	5	2	282	1
0	1	0	1	14	1
3	1	4	2	99	1
0	3	0	1	314	1
0	3	0	1	292	1
3	0	3	3	217	1
2	3	6	2	201	1
1	0	6	3	151	1
3	1	2	2	30	1
1	3	5	2	121	1
0	2	0	1	296	1
2	3	6	2	82	1
2	3	5	2	87	1
3	2	6	2	40	1
1	0	6	3	250	1
1	0	7	3	126	1
1	2	4	2	177	1
3	2	5	2	32	1
0	3	0	1	96	1
3	0	3	3	305	1
2	3	6	2	143	1
1	0	7	3	11	1
3	1	6	2	43	1
3	2	3	2	271	1
0	3	0	1	237	1
0	2	0	1	213	1
3	2	7	2	184	1
3	2	1	2	17	1
2	1	4	2	257	1
2	3	6	2	30	1
1	0	1	3	66	1
0	2	0	1	284	1
0	1	0	1	270	1
1	0	1	3	260	1
3	1	3	2	22	1
0	2	0	1	49	1
2	3	4	2	97	1
0	2	0	1	181	1
0	3	0	1	305	1
3	0	1	3	318	1
1	3	4	2	260	1
1	3	7	2	207	1
1	3	1	2	44	1
0	3	0	1	28	1
3	2	7	2	252	1
1	0	6	3	264	1
0	3	0	1	47	1
2	0	1	3	80	1
2	1	4	2	307	1
3	2	2	2	248	1
0	3	0	1	77	1
3	2	6	2	235	1
1	2	4	2	311	1
3	0	1	3	250	1
3	0	5	3	73	1
2	0	6	3	250	1
3	0	1	3	86	1
1	0	5	3	158	1
1	2	3	2	146	1
1	0	7	3	229	1
1	0	7	3	293	1
3	2	2	2	235	1
2	0	2	3	83	1
0	3	0	1	152	1
0	1	0	1	82	1
3	2	1	2	190	1
3	1	4	2	34	1
3	1	4	2	301	1
3	0	4	3	34	1
1	3	7	2	300	1
1	2	2	2	301	1
0	3	0	1	31	1
3	1	2	2	161	1
2	1	5	2	25	1
3	0	3	3	208	1
0	1	0	1	79	1
3	0	4	3	91	1
1	2	7	2	319	1
0	3	0	1	41	1
1	2	7	2	237	1
0	2	0	1	21	1
1	0	4	3	152	1
0	2	0	1	17	1
1	2	2	2	227	1
2	0	7	3	104	1
0	3	0	1	67	1
0	1	0	1	102	1
2	3	4	2	99	1
3	0	1	3	307	1
1	0	6	3	174	1
0	2	0	1	197	1
2	3	3	2	72	1
3	1	5	2	72	1
2	0	1	3	63	1
1	0	1	3	246	1
1	3	2	2	209	1
0	1	0	1	96	1
0	1	0	1	90	1
2	1	3	2	165	1
0	2	0	1	195	1
2	3	7	2	159	1
1	3	1	2	130	1
1	0	4	3	108	1
2	0	7	3	165	1
0	3	0	1	78	1
2	3	6	2	224	1
0	3	0	1	222	1
1	3	6	2	120	1
2	0	6	3	97	1
2	3	3	2	39	1
2	1	6	2	10	1
3	2	3	2	28	1
2	0	1	3	225	1
2	3	7	2	269	1
1	0	4	3	25	1
3	2	3	2	60	1
3	1	1	2	193	1
0	1	0	1	157	1
1	2	2	2	184	1
3	1	3	2	248	1
0	3	0	1	305	1
2	1	3	2	226	1
1	2	5	2	308	1
2	1	5	2	122	1
1	0	4	3	3	1
0	3	0	1	222	1
0	1	0	1	113	1
1	3	1	2	19	1
2	3	6	2	18	1
2	1	1	2	244	1
2	0	2	3	38	1
2	0	3	3	264	1
1	2	1	2	189	1
0	1	0	1	280	1
0	2	0	1	191	1
3	1	5	2	161	1
1	0	1	3	36	1
3	2	7	2	23	1
2	3	3	2	294	1
3	1	3	2	234	1
2	3	7	2	84	1
0	2	0	1	221	1
2	1	5	2	200	1
3	0	4	3	278	1
2	3	1	2	46	1
2	3	7	2	256	1
2	3	4	2	114	1
1	3	2	2	57	1
0	2	0	1	102	1
1	2	2	2	222	1
1	3	4	2	1	1
2	1	4	2	86	1
3	0	1	3	7	1
1	3	3	2	256	1
0	2	0	1	5	1
0	2	0	1	190	1
1	2	7	2	292	1
1	3	5	2	50	1
2	1	3	2	253	1
1	2	5	2	33	1
2	3	5	2	130	1
0	3	0	1	17	1
2	3	3	2	104	1
3	2	2	2	125	1
1	3	4	2	229	1
2	0	2	3	190	1
3	0	1	3	207	1
2	1	2	2	270	1
1	0	5	3	58	1
3	0	1	3	236	1
1	3	7	2	276	1
2	1	3	2	98	1
0	3	0	1	217	1
1	2	6	2	281	1
3	1	1	2	273	1
0	1	0	1	46	1
1	2	2	2	82	1
3	0	4	3	287	1
0	2	0	1	291	1
2	1	7	2	163	1
2	0	6	3	191	1
0	3	0	1	241	1
2	0	6	3	190	1
0	1	0	1	227	1
0	3	0	1	308	1
2	3	4	2	66	1
1	3	3	2	262	1
0	1	0	1	276	1
1	0	4	3	121	1
2	0	6	3	93	1
3	0	2	3	110	1
0	3	0	1	61	1
3	1	1	2	212	1
3	2	1	2	45	1
3	0	3	3	269	1
3	2	2	2	148	1
0	1	0	1	75	1
1	0	5	3	251	1
0	1	0	1	318	1
1	3	5	2	295	1
2	3	5	2	187	1
3	0	1	3	132	1
0	3	0	1	288	1
1	2	2	2	155	1
2	0	6	3	81	1
3	1	1	2	44	1
3	1	6	2	171	1
3	0	3	3	208	1
2	3	4	2	239	1
3	1	3	2	2	1
2	0	7	3	8	1
1	0	1	3	158	1
2	0	7	3	19	1
3	1	3	2	97	1
3	2	1	2	181	1
2	3	7	2	318	1
3	1	7	2	43	1
2	1	3	2	50	1
1	3	7	2	190	1
0	2	0	1	305	1
0	1	0	1	303	1
3	1	4	2	67	1
1	2	6	2	235	1
2	3	3	2	266	1
2	1	7	2	31	1
2	0	2	3	258	1
0	2	0	1	59	1
0	2	0	1	76	1
0	3	0	1	72	1
2	0	7	3	93	1
0	1	0	1	315	1
1	0	1	3	217	1
1	3	7	2	167	1
3	2	7	2	298	1
0	3	0	1	197	1
3	1	6	2	197	1
0	3	0	1	140	1
0	2	0	1	54	1
0	3	0	1	56	1
2	0	2	3	17	1
2	1	6	2	19	1
3	2	6	2	276	1
3	0	2	3	60	1
2	0	1	3	55	1
3	2	2	2	82	1
0	3	0	1	121	1
2	1	4	2	73	1
2	1	5	2	72	1
1	0	1	3	279	1
1	2	6	2	302	1
0	2	0	1	247	1
1	2	6	2	22	1
0	3	0	1	197	1
0	3	0	1	95	1
0	2	0	1	312	1
3	0	3	3	83	1
2	0	3	3	202	1
1	2	2	2	150	1
2	1	3	2	28	1
2	1	1	2	124	1
2	0	1	3	286	1
1	0	6	3	224	1
3	2	2	2	81	1
0	2	0	1	218	1
3	1	6	2	218	1
1	3	3	2	5	1
1	0	6	3	126	1
1	2	7	2	100	1
0	2	0	1	197	1
1	3	3	2	26	1
1	3	1	2	11	1
1	0	1	3	301	1
2	0	1	3	241	1
1	0	5	3	90	1
1	3	7	2	212	1
3	2	1	2	65	1
2	0	2	3	203	1
1	2	7	2	169	1
2	0	7	3	113	1
2	3	4	2	86	1
3	0	4	3	224	1
3	2	6	2	137	1
0	2	0	1	265	1
1	0	6	3	90	1
2	0	2	3	44	1
1	0	4	3	39	1
2	3	6	2	29	1
0	3	0	1	289	1
1	2	6	2	246	1
3	2	2	2	239	1
2	3	1	2	163	1
1	2	5	2	205	1
1	2	6	2	194	1
3	1	4	2	235	1
3	1	5	2	144	1
1	0	1	3	182	1
0	2	0	1	131	1
0	3	0	1	144	1
0	2	0	1	7	1
1	3	6	2	217	1
0	1	0	1	192	1
0	3	0	1	165	1
0	1	0	1	82	1
3	1	4	2	203	1
2	3	7	2	78	1
0	1	0	1	28	1
2	0	2	3	257	1
3	1	7	2	19	1
2	3	7	2	133	1
0	1	0	1	143	1
3	2	7	2	195	1
3	0	4	3	298	1
0	3	0	1	220	1
3	1	2	2	307	1
2	0	1	3	187	1
3	1	1	2	215	1
2	1	5	2	257	1
3	2	6	2	202	1
0	1	0	1	176	1
2	1	4	2	315	1
2	0	3	3	242	1
3	1	1	2	218	1
0	2	0	1	91	1
2	1	2	2	201	1
3	1	1	2	133	1
0	3	0	1	243	1
3	2	6	2	113	1
3	2	6	2	18	1
0	1	0	1	190	1
0	2	0	1	185	1
0	2	0	1	218	1
0	3	0	1	58	1
1	3	4	2	126	1
2	3	4	2	88	1
0	3	0	1	55	1
3	1	1	2	79	1
3	1	7	2	175	1
2	0	1	3	297	1
1	3	6	2	274	1
2	1	6	2	214	1
1	0	5	3	145	1
3	0	3	3	62	1
3	1	5	2	318	1
3	2	6	2	105	1
0	2	0	1	312	1
2	1	7	2	256	1
0	2	0	1	194	1
2	1	5	2	235	1
2	3	3	2	227	1
2	1	4	2	253	1
2	3	2	2	147	1
3	2	2	2	143	1
1	3	3	2	136	1
2	1	4	2	285	1
3	2	4	2	47	1
2	3	2	2	179	1
2	0	1	3	76	1
3	0	5	3	215	1
3	1	1	2	294	1
2	1	6	2	281	1
0	3	0	1	198	1
3	0	3	3	229	1
2	0	1	3	151	1
2	1	4	2	293	1
0	3	0	1	148	1
3	1	3	2	78	1
2	1	2	2	294	1
3	1	5	2	41	1
0	3	0	1	163	1
3	1	7	2	106	1
3	0	5	3	212	1
3	2	5	2	14	1
3	2	3	2	250	1
0	1	0	1	295	1
2	1	7	2	21	1
1	3	4	2	291	1
2	1	4	2	215	1
2	3	4	2	107	1
1	0	7	3	236	1
2	3	2	2	148	1
1	2	2	2	104	1
2	3	5	2	24	1
0	3	0	1	275	1
1	2	4	2	188	1
3	1	5	2	106	1
3	1	6	2	212	1
0	1	0	1	26	1
3	0	4	3	50	1
1	3	3	2	225	1
2	1	4	2	78	1
3	2	5	2	161	1
3	0	3	3	230	1
1	2	5	2	182	1
3	2	6	2	213	1
3	0	1	3	171	1
0	2	0	1	208	1
2	0	7	3	135	1
0	3	0	1	95	1
1	0	4	3	7	1
0	2	0	1	176	1
3	1	5	2	74	1
2	3	1	2	48	1
2	0	7	3	313	1
0	3	0	1	275	1
1	3	1	2	53	1
1	3	7	2	23	1
1	3	7	2	157	1
3	0	4	3	12	1
3	1	1	2	265	1
2	3	3	2	34	1
3	1	2	2	262	1
0	3	0	1	126	1
3	0	4	3	168	1
0	1	0	1	114	1
1	0	6	3	166	1
1	0	5	3	143	1
1	0	4	3	131	1
3	1	6	2	123	1
0	2	0	1	186	1
2	3	1	2	315	1
1	3	6	2	6	1
0	3	0	1	247	1
2	0	6	3	49	1
1	3	2	2	138	1
3	1	3	2	189	1
0	2	0	1	317	1
2	0	1	3	198	1
0	3	0	1	202	1
1	2	5	2	191	1
0	1	0	1	66	1
2	3	1	2	77	1
3	1	3	2	186	1
0	3	0	1	213	1
0	3	0	1	75	1
1	0	6	3	222	1
0	1	0	1	50	1
3	2	7	2	267	1
2	1	7	2	213	1
1	0	6	3	153	1
3	2	1	2	98	1
0	1	0	1	16	1
3	1	5	2	54	1
2	0	6	3	255	1
2	0	2	3	276	1
0	2	0	1	62	1
2	1	6	2	183	1
0	3	0	1	152	1
1	3	7	2	303	1
2	1	7	2	181	1
3	0	5	3	247	1
1	3	4	2	174	1
3	0	2	3	167	1
0	1	0	1	81	1
2	0	1	3	53	1
2	1	5	2	6	1
1	0	6	3	121	1
1	0	6	3	6	1
2	1	7	2	48	1
3	1	5	2	98	1
3	0	2	3	149	1
3	1	3	2	110	1
0	3	0	1	188	1
3	2	2	2	62	1
3	2	1	2	243	1
3	0	4	3	102	1
1	0	6	3	70	1
0	2	0	1	139	1
2	3	3	2	103	1
0	1	0	1	20	1
2	0	2	3	229	1
1	0	5	3	7	1
2	0	3	3	201	1
1	3	5	2	318	1
3	1	1	2	168	1
0	1	0	1	259	1
1	2	5	2	307	1
1	2	7	2	11	1
0	1	0	1	201	1
3	2	1	2	151	1
0	1	0	1	277	1
0	3	0	1	235	1
2	3	3	2	22	1
1	0	4	3	103	1
1	0	4	3	200	1
0	1	0	1	311	1
2	3	1	2	62	1
1	2	3	2	46	1
1	2	7	2	52	1
3	0	4	3	154	1
3	2	3	2	151	1
1	2	4	2	112	1
1	3	7	2	211	1
0	3	0	1	18	1
1	2	3	2	153	1
2	3	2	2	94	1
1	2	4	2	230	1
2	3	4	2	82	1
3	1	5	2	316	1
3	0	4	3	244	1
1	2	1	2	267	1
1	2	6	2	229	1
1	2	3	2	168	1
1	3	5	2	39	1
3	1	7	2	209	1
2	3	4	2	162	1
0	3	0	1	70	1
2	3	2	2	185	1
2	0	6	3	194	1
0	2	0	1	39	1
3	0	4	3	90	1
2	0	3	3	246	1
3	2	3	2	86	1
2	1	5	2	272	1
1	2	2	2	319	1
0	3	0	1	2	1
0	3	0	1	315	1
1	2	5	2	158	1
1	3	7	2	298	1
1	3	3	2	236	1
3	1	1	2	133	1
0	2	0	1	78	1
1	0	6	3	278	1
3	0	1	3	119	1
1	2	2	2	154	1
3	0	1	3	81	1
2	3	5	2	12	1
0	1	0	1	226	1
3	1	3	2	1	1
1	2	2	2	23	1
3	0	3	3	217	1
0	3	0	1	89	1
2	1	6	2	232	1
2	3	7	2	238	1
3	2	7	2	37	1
0	1	0	1	249	1
3	0	5	3	307	1
3	2	4	2	264	1
3	0	2	3	84	1
3	1	5	2	226	1
0	3	0	1	210	1
0	2	0	1	313	1
0	3	0	1	55	1
1	3	3	2	58	1
0	3	0	1	177	1
1	0	1	3	192	1
0	3	0	1	158	1
2	1	2	2	273	1
3	2	4	2	303	1
3	1	4	2	141	1
1	0	4	3	188	1
1	2	3	2	173	1
3	2	5	2	174	1
3	1	3	2	112	1
3	1	3	2	55	1
2	3	2	2	147	1
3	2	2	2	317	1
0	3	0	1	93	1
3	1	3	2	53	1
3	1	5	2	299	1
0	2	0	1	266	1
0	1	0	1	40	1
3	2	6	2	131	1
1	0	1	3	118	1
3	0	2	3	66	1
3	1	6	2	233	1
2	1	2	2	120	1
1	2	2	2	296	1
1	3	7	2	7	1
0	3	0	1	274	1
2	0	1	3	26	1
1	2	4	2	98	1
3	1	6	2	176	1
1	0	4	3	119	1
0	2	0	1	264	1
0	3	0	1	64	1
3	2	2	2	261	1
0	3	0	1	217	1
2	0	7	3	23	1
1	2	7	2	81	1
0	2	0	1	102	1
2	0	3	3	125	1
3	0	4	3	107	1
2	1	2	2	244	1
3	0	1	3	254	1
0	3	0	1	140	1
1	2	2	2	277	1
2	3	1	2	172	1
0	1	0	1	260	1
0	2	0	1	274	1
2	3	1	2	176	1
2	0	1	3	99	1
1	3	3	2	263	1
0	2	0	1	152	1
2	1	4	2	93	1
2	1	1	2	187	1
3	1	7	2	167	1
1	0	5	3	138	1
2	3	5	2	131	1
3	0	3	3	310	1
1	0	6	3	218	1
3	0	4	3	263	1
3	1	2	2	60	1
1	2	1	2	282	1
2	1	7	2	27	1
0	2	0	1	258	1
1	2	7	2	33	1
0	3	0	1	43	1
3	2	1	2	262	1
2	1	6	2	22	1
3	0	1	3	54	1
0	3	0	1	53	1
3	2	3	2	54	1
1	2	2	2	111	1
1	3	2	2	78	1
3	1	1	2	244	1
3	0	1	3	4	1
3	1	2	2	108	1
1	2	4	2	47	1
2	3	2	2	294	1
3	1	5	2	319	1
0	1	0	1	232	1
2	0	2	3	16	1
2	3	7	2	317	1
1	0	1	3	301	1
1	2	3	2	110	1
0	2	0	1	188	1
0	1	0	1	225	1
3	0	1	3	152	1
1	3	1	2	137	1
1	0	6	3	19	1
3	1	5	2	309	1
3	0	5	3	287	1
2	3	7	2	285	1
3	2	1	2	238	1
1	0	1	3	107	1
0	1	0	1	162	1
1	0	6	3	83	1
1	2	5	2	179	1
1	3	5	2	313	1
3	2	7	2	308	1
3	2	6	2	20	1
1	3	3	2	187	1
0	2	0	1	273	1
0	1	0	1	252	1
0	1	0	1	21	1
2	1	2	2	299	1
0	1	0	1	291	1
1	2	6	2	274	1
1	3	1	2	82	1
2	0	6	3	172	1
0	2	0	1	277	1
2	3	1	2	285	1
1	3	5	2	135	1
3	2	6	2	310	1
3	2	1	2	244	1
2	1	3	2	45	1
1	3	1	2	241	1
2	0	3	3	41	1
3	0	2	3	86	1
2	1	4	2	22	1
1	2	7	2	287	1
3	0	2	3	57	1
0	3	0	1	179	1
2	3	2	2	177	1
3	2	1	2	164	1
2	3	3	2	193	1
3	1	4	2	177	1
1	2	2	2	115	1
1	2	4	2	269	1
3	2	6	2	189	1
3	1	2	2	289	1
0	1	0	1	304	1
2	1	7	2	188	1
3	0	3	3	191	1
1	0	1	3	259	1
0	2	0	1	13	1
1	2	4	2	136	1
2	1	2	2	161	1
3	0	1	3	112	1
0	3	0	1	259	1
2	3	5	2	128	1
3	0	5	3	161	1
0	2	0	1	151	1
0	3	0	1	159	1
2	3	6	2	286	1
3	0	5	3	307	1
1	2	3	2	246	1
3	1	4	2	203	1
0	1	0	1	306	1
0	3	0	1	173	1
2	0	1	3	112	1
0	1	0	1	3	1
3	1	2	2	26	1
2	1	3	2	96	1
3	1	7	2	256	1
2	0	7	3	105	1
1	3	6	2	280	1
2	3	3	2	194	1
3	2	2	2	85	1
2	3	2	2	284	1
1	2	1	2	55	1
0	3	0	1	234	1
0	1	0	1	193	1
1	2	2	2	64	1
2	1	3	2	248	1
2	3	1	2	254	1
3	1	1	2	67	1
3	0	5	3	162	1
0	3	0	1	97	1
1	3	1	2	235	1
3	0	2	3	266	1
0	1	0	1	293	1
2	3	4	2	288	1
2	0	2	3	286	1
2	3	2	2	315	1
1	0	6	3	97	1
1	2	3	2	162	1
3	1	6	2	268	1
3	1	4	2	52	1
1	3	2	2	191	1
2	1	7	2	82	1
1	2	2	2	242	1
2	3	1	2	139	1
0	2	0	1	298	1
0	3	0	1	54	1
1	2	4	2	190	1
0	1	0	1	199	1
3	1	3	2	225	1
0	2	0	1	69	1
3	0	3	3	105	1
1	0	5	3	202	1
0	1	0	1	153	1
0	1	0	1	135	1
3	0	1	3	107	1
1	0	5	3	145	1
3	0	4	3	158	1
1	3	6	2	101	1
1	3	3	2	47	1
2	3	7	2	269	1
3	0	5	3	317	1
3	0	1	3	98	1
3	2	7	2	193	1
3	1	3	2	67	1
2	3	2	2	119	1
1	0	1	3	147	1
3	2	6	2	149	1
1	0	5	3	86	1
1	0	4	3	314	1
0	1	0	1	180	1
3	2	6	2	21	1
1	3	6	2	270	1
1	3	3	2	282	1
0	3	0	1	289	1
2	0	2	3	115	1
3	2	4	2	238	1
3	2	7	2	83	1
3	1	7	2	82	1
2	1	4	2	75	1
3	0	1	3	174	1
0	1	0	1	49	1
3	0	4	3	265	1
2	0	7	3	187	1
3	1	6	2	58	1
2	0	3	3	65	1
2	0	7	3	297	1
2	1	4	2	151	1
1	0	4	3	243	1
0	1	0	1	107	1
0	1	0	1	76	1
3	1	3	2	99	1
3	0	4	3	115	1
2	0	3	3	278	1
3	0	2	3	175	1
0	3	0	1	177	1
1	2	7	2	161	1
0	1	0	1	248	1
0	3	0	1	53	1
2	1	1	2	32	1
1	2	4	2	82	1
3	1	4	2	282	1
0	3	0	1	26	1
0	3	0	1	103	1
2	0	7	3	77	1
1	2	1	2	197	1
1	2	3	2	179	1
0	3	0	1	8	1
1	2	7	2	279	1
1	3	1	2	81	1
3	1	4	2	295	1
3	0	3	3	123	1
1	3	7	2	293	1
2	0	7	3	299	1
3	0	2	3	180	1
1	3	4	2	228	1
0	1	0	1	200	1
0	1	0	1	217	1
2	0	3	3	122	1
2	1	5	2	280	1
2	1	6	2	78	1
0	2	0	1	110	1
2	0	3	3	123	1
3	1	3	2	191	1
1	0	1	3	182	1
1	2	3	2	114	1
0	1	0	1	136	1
3	0	4	3	237	1
3	2	3	2	191	1
2	0	1	3	114	1
0	1	0	1	121	1
3	1	1	2	248	1
3	0	4	3	218	1
2	3	1	2	183	1
3	1	1	2	74	1
3	1	1	2	25	1
0	1	0	1	44	1
1	3	4	2	105	1
0	2	0	1	127	1
1	2	4	2	28	1
0	3	0	1	28	1
0	3	0	1	130	1
2	1	6	2	110	1
0	1	0	1	107	1
1	0	5	3	84	1
3	1	4	2	101	1
1	2	6	2	30	1
3	0	5	3	196	1
1	0	7	3	239	1
0	3	0	1	108	1
2	0	3	3	91	1
1	0	7	3	88	1
1	0	4	3	101	1
1	3	7	2	116	1
1	2	4	2	35	1
3	1	3	2	22	1
1	2	2	2	172	1
0	3	0	1	193	1
2	3	7	2	220	1
0	3	0	1	171	1
2	3	2	2	223	1
1	0	1	3	170	1
0	2	0	1	225	1
0	2	0	1	28	1
0	2	0	1	281	1
0	3	0	1	295	1
0	1	0	1	211	1
3	1	5	2	216	1
2	3	6	2	149	1
1	2	3	2	32	1
0	1	0	1	306	1
0	1	0	1	131	1
0	3	0	1	260	1
2	3	4	2	242	1
1	0	4	3	176	1
3	2	3	2	235	1
1	0	6	3	58	1
0	1	0	1	147	1
0	3	0	1	176	1
1	2	1	2	181	1
2	3	3	2	233	1
0	1	0	1	72	1
3	1	7	2	47	1
2	1	2	2	297	1
1	0	7	3	290	1
1	3	6	2	220	1
1	3	4	2	131	1
0	3	0	1	24	1
0	3	0	1	165	1
1	0	1	3	90	1
1	2	1	2	19	1
0	1	0	1	47	1
3	0	3	3	115	1
3	1	3	2	4	1
0	2	0	1	255	1
0	2	0	1	250	1
1	3	2	2	280	1
3	2	3	2	175	1
0	3	0	1	259	1
2	3	6	2	129	1
1	0	4	3	121	1
0	1	0	1	270	1
0	2	0	1	315	1
2	3	2	2	318	1
2	0	2	3	101	1
0	2	0	1	64	1
0	3	0	1	156	1
1	2	4	2	135	1
3	0	4	3	213	1
3	1	7	2	197	1
3	2	2	2	265	1
1	2	3	2	188	1
2	1	4	2	256	1
2	3	6	2	15	1
3	1	6	2	253	1
2	1	6	2	315	1
1	2	1	2	108	1
1	0	1	3	70	1
2	1	2	2	47	1
0	1	0	1	273	1
3	1	7	2	134	1
0	3	0	1	24	1
2	0	6	3	156	1
1	0	6	3	8	1
2	3	4	2	37	1
2	3	4	2	33	1
1	0	5	3	168	1
2	0	6	3	150	1
3	2	3	2	94	1
0	1	0	1	61	1
0	2	0	1	267	1
3	1	6	2	237	1
0	3	0	1	265	1
1	2	3	2	37	1
0	2	0	1	126	1
3	0	1	3	296	1
3	0	2	3	198	1
3	1	6	2	197	1
2	1	3	2	42	1
0	2	0	1	43	1
0	2	0	1	118	1
3	1	6	2	122	1
2	1	7	2	3	1
0	2	0	1	233	1
3	1	1	2	181	1
0	2	0	1	307	1
3	1	3	2	187	1
3	2	1	2	81	1
3	0	3	3	272	1
3	2	4	2	192	1
1	3	3	2	36	1
1	0	5	3	283	1
1	2	1	2	133	1
2	3	3	2	143	1
1	2	6	2	194	1
1	2	1	2	258	1
2	3	5	2	40	1
2	3	7	2	181	1
2	3	5	2	195	1
1	0	1	3	29	1
1	2	2	2	203	1
0	1	0	1	53	1
3	0	2	3	79	1
3	2	4	2	141	1
2	0	2	3	246	1
0	3	0	1	298	1
2	0	1	3	192	1
2	3	5	2	56	1
3	1	7	2	285	1
1	2	7	2	198	1
3	2	6	2	61	1
0	1	0	1	173	1
1	2	7	2	12	1
3	1	2	2	301	1
2	0	7	3	308	1
3	2	6	2	0	1
3	0	2	3	176	1
0	3	0	1	270	1
2	0	2	3	205	1
0	2	0	1	141	1
2	0	1	3	7	1
0	2	0	1	262	1
1	3	2	2	319	1
1	2	2	2	118	1
1	0	4	3	293	1
2	0	6	3	128	1
0	1	0	1	167	1
0	3	0	1	140	1
3	2	2	2	107	1
0	1	0	1	11	1
2	1	4	2	166	1
1	0	4	3	115	1
2	0	1	3	273	1
1	2	4	2	230	1
2	3	1	2	112	1
3	2	6	2	72	1
3	0	1	3	261	1
3	1	5	2	300	1
2	3	1	2	89	1
3	0	4	3	5	1
0	3	0	1	305	1
1	0	6	3	101	1
2	0	7	3	82	1
3	1	6	2	153	1
0	3	0	1	216	1
2	0	2	3	310	1
3	0	2	3	4	1
3	2	2	2	204	1
1	0	1	3	61	1
3	1	4	2	238	1
2	0	2	3	132	1
3	2	2	2	207	1
3	2	2	2	277	1
1	3	1	2	305	1
0	2	0	1	141	1
1	3	4	2	220	1
1	0	5	3	15	1
3	2	3	2	147	1
0	3	0	1	244	1
1	0	1	3	114	1
1	3	2	2	84	1
2	0	2	3	275	1
3	0	1	3	103	1
3	1	4	2	180	1
1	3	6	2	143	1
2	0	1	3	259	1
3	1	3	2	313	1
0	3	0	1	306	1
3	1	7	2	40	1
1	0	4	3	33	1
1	2	5	2	265	1
2	3	7	2	308	1
2	0	1	3	163	1
0	3	0	1	244	1
0	2	0	1	299	1
2	1	4	2	151	1
3	0	5	3	224	1
3	1	3	2	90	1
0	1	0	1	34	1
0	3	0	1	71	1
0	3	0	1	203	1
3	2	1	2	202	1
2	3	7	2	231	1
1	2	4	2	222	1
0	2	0	1	281	1
1	3	5	2	302	1
2	3	2	2	235	1
3	2	3	2	218	1
3	2	4	2	272	1
0	2	0	1	206	1
2	3	1	2	178	1
2	0	3	3	14	1
3	0	3	3	169	1
0	2	0	1	52	1
3	1	7	2	107	1
2	3	4	2	187	1
1	3	2	2	52	1
1	3	2	2	20	1
2	1	4	2	292	1
0	3	0	1	141	1
0	2	0	1	63	1
3	1	4	2	240	1
0	1	0	1	30	1
1	0	7	3	96	1
1	0	5	3	283	1
3	0	5	3	116	1
1	0	5	3	207	1
1	0	1	3	271	1
1	2	2	2	112	1
2	1	3	2	96	1
0	3	0	1	157	1
0	2	0	1	157	1
1	0	4	3	34	1
1	2	4	2	54	1
1	3	7	2	166	1
3	2	5	2	264	1
3	1	2	2	87	1
3	1	7	2	103	1
2	3	5	2	189	1
1	0	7	3	19	1
2	3	2	2	76	1
2	0	3	3	16	1
3	1	3	2	261	1
3	2	4	2	275	1
2	0	1	3	275	1
1	2	6	2	142	1
0	2	0	1	138	1
3	2	4	2	255	1
3	1	4	2	302	1
2	0	6	3	238	1
0	2	0	1	312	1
1	2	4	2	309	1
1	2	4	2	256	1
1	0	4	3	317	1
2	3	3	2	293	1
3	0	1	3	116	1
0	2	0	1	262	1
0	2	0	1	229	1
3	1	6	2	232	1
0	3	0	1	56	1
2	1	5	2	72	1
3	0	1	3	55	1
3	0	3	3	309	1
1	0	6	3	253	1
0	1	0	1	164	1
2	1	5	2	183	1
3	1	5	2	256	1
2	1	1	2	293	1
1	0	6	3	197	1
2	1	2	2	226	1
0	2	0	1	88	1
1	3	2	2	96	1
1	0	1	3	224	1
3	0	5	3	184	1
1	2	6	2	208	1
1	3	4	2	94	1
0	1	0	1	253	1
1	0	4	3	271	1
1	2	7	2	80	1
1	3	4	2	308	1
0	1	0	1	235	1
0	2	0	1	198	1
0	3	0	1	252	1
3	1	6	2	91	1
0	3	0	1	180	1
3	0	2	3	265	1
1	0	1	3	50	1
3	2	5	2	147	1
1	3	3	2	219	1
0	3	0	1	129	1
3	1	4	2	64	1
3	2	3	2	145	1
2	1	5	2	205	1
3	1	6	2	220	1
2	1	6	2	51	1
3	0	3	3	5	1
2	3	5	2	193	1
1	2	2	2	163	1
2	1	4	2	299	1
0	2	0	1	204	1
1	3	1	2	188	1
1	2	5	2	169	1
1	0	6	3	180	1
1	0	7	3	209	1
1	3	2	2	203	1
0	3	0	1	192	1
2	0	6	3	101	1
1	2	2	2	277	1
3	2	6	2	289	1
2	1	1	2	7	1
3	1	6	2	134	1
0	2	0	1	101	1
3	0	4	3	212	1
1	2	7	2	109	1
0	2	0	1	128	1
3	2	1	2	223	1
2	3	4	2	255	1
1	3	1	2	234	1
2	1	4	2	79	1
2	0	6	3	234	1
3	0	3	3	109	1
3	1	3	2	50	1
2	1	6	2	87	1
3	0	2	3	88	1
1	0	4	3	80	1
3	1	5	2	51	1
3	1	3	2	203	1
0	3	0	1	301	1
0	2	0	1	71	1
3	0	2	3	181	1
0	2	0	1	222	1
0	1	0	1	241	1
0	3	0	1	73	1
0	2	0	1	41	1
0	1	0	1	115	1
0	2	0	1	27	1
0	2	0	1	44	1
2	3	6	2	6	1
2	3	1	2	1	1
1	0	6	3	170	1
2	1	7	2	4	1
2	0	7	3	77	1
1	3	4	2	55	1
3	0	2	3	158	1
2	1	5	2	135	1
3	2	2	2	252	1
3	1	6	2	5	1
1	0	5	3	146	1
0	1	0	1	247	1
0	1	0	1	175	1
2	0	3	3	224	1
2	1	5	2	317	1
0	3	0	1	114	1
3	2	7	2	277	1
3	0	3	3	247	1
1	2	7	2	261	1
1	0	4	3	191	1
3	1	6	2	193	1
2	3	1	2	248	1
1	2	6	2	35	1
3	2	5	2	202	1
1	0	5	3	255	1
1	2	3	2	245	1
1	0	6	3	241	1
3	1	4	2	166	1
1	3	4	2	267	1
3	0	4	3	259	1
3	1	3	2	188	1
0	3	0	1	104	1
0	3	0	1	197	1
0	2	0	1	231	1
2	0	3	3	124	1
0	2	0	1	110	1
0	3	0	1	73	1
2	1	4	2	23	1
0	3	0	1	155	1
2	1	5	2	314	1
3	2	2	2	210	1
2	3	7	2	238	1
0	1	0	1	97	1
0	3	0	1	122	1
0	2	0	1	15	1
1	3	7	2	16	1
2	3	5	2	249	1
0	3	0	1	218	1
0	2	0	1	149	1
3	2	2	2	67	1
2	1	6	2	292	1
3	2	1	2	237	1
1	3	1	2	102	1
0	3	0	1	161	1
1	2	7	2	114	1
1	2	1	2	40	1
1	0	4	3	118	1
0	3	0	1	307	1
1	3	1	2	316	1
3	2	7	2	11	1
3	0	1	3	286	1
1	0	6	3	27	1
1	2	6	2	19	1
1	3	5	2	299	1
1	2	2	2	135	1
1	2	5	2	71	1
0	3	0	1	94	1
1	0	7	3	117	1
1	2	5	2	80	1
0	2	0	1	60	1
1	2	6	2	229	1
0	3	0	1	303	1
1	3	2	2	107	1
2	1	2	2	21	1
2	0	6	3	140	1
3	0	2	3	61	1
1	3	1	2	96	1
1	3	3	2	0	1
0	2	0	1	156	1
3	2	7	2	126	1
3	0	2	3	175	1
2	1	4	2	209	1
3	0	1	3	27	1
2	0	3	3	79	1
2	3	3	2	286	1
0	3	0	1	88	1
2	0	6	3	281	1
0	1	0	1	52	1
0	1	0	1	217	1
3	2	5	2	186	1
2	0	7	3	255	1
3	1	5	2	163	1
1	3	4	2	108	1
0	3	0	1	69	1
0	2	0	1	36	1
2	0	2	3	44	1
3	1	3	2	277	1
0	1	0	1	55	1
0	1	0	1	221	1
2	1	2	2	18	1
3	2	5	2	127	1
2	3	2	2	63	1
2	0	3	3	162	1
0	2	0	1	147	1
2	0	1	3	76	1
2	1	2	2	15	1
1	2	6	2	256	1
0	2	0	1	147	1
2	0	1	3	51	1
2	1	4	2	59	1
3	1	1	2	43	1
0	2	0	1	172	1
3	2	3	2	258	1
0	1	0	1	3	1
2	0	6	3	133	1
1	2	3	2	52	1
0	1	0	1	245	1
2	1	5	2	18	1
2	0	7	3	166	1
3	2	6	2	87	1
1	0	5	3	126	1
0	1	0	1	122	1
3	1	6	2	311	1
0	1	0	1	276	1
0	2	0	1	200	1
0	2	0	1	288	1
2	0	3	3	318	1
3	1	3	2	109	1
3	1	6	2	49	1
0	1	0	1	314	1
1	0	5	3	16	1
1	2	4	2	227	1
1	0	1	3	170	1
1	0	5	3	193	1
2	1	1	2	155	1
3	0	3	3	129	1
0	3	0	1	211	1
3	2	2	2	175	1
1	0	4	3	309	1
0	2	0	1	99	1
3	2	2	2	18	1
0	3	0	1	137	1
2	0	7	3	98	1
2	0	2	3	12	1
3	2	1	2	137	1
0	2	0	1	188	1
3	0	2	3	294	1
0	3	0	1	269	1
3	2	4	2	288	1
3	2	5	2	35	1
2	1	5	2	88	1
2	3	4	2	290	1
3	0	4	3	38	1
1	0	5	3	175	1
1	0	5	3	62	1
1	3	4	2	89	1
3	2	4	2	253	1
1	0	1	3	26	1
3	1	1	2	257	1
0	1	0	1	15	1
3	2	3	2	212	1
1	3	3	2	113	1
0	2	0	1	56	1
0	3	0	1	287	1
2	0	3	3	297	1
3	0	2	3	209	1
2	3	7	2	171	1
1	3	7	2	183	1
1	3	6	2	46	1
0	1	0	1	96	1
0	3	0	1	17	1
3	0	3	3	90	1
3	0	1	3	314	1
3	1	3	2	257	1
3	2	7	2	94	1
3	0	2	3	84	1
0	2	0	1	23	1
2	3	2	2	50	1
0	1	0	1	224	1
2	3	5	2	35	1
2	3	1	2	82	1
1	0	4	3	111	1
3	0	3	3	237	1
3	2	2	2	167	1
0	1	0	1	276	1
0	3	0	1	166	1
0	1	0	1	310	1
3	2	3	2	221	1
0	2	0	1	254	1
0	3	0	1	287	1
0	2	0	1	251	1
3	2	7	2	255	1
1	2	1	2	175	1
2	0	7	3	48	1
0	3	0	1	195	1
1	2	6	2	256	1
3	1	3	2	89	1
0	1	0	1	100	1
0	2	0	1	62	1
0	1	0	1	192	1
1	0	7	3	69	1
3	0	3	3	256	1
1	2	2	2	284	1
2	3	2	2	115	1
2	3	5	2	127	1
1	3	5	2	185	1
2	0	3	3	256	1
1	0	7	3	161	1
0	2	0	1	145	1
0	1	0	1	208	1
2	0	3	3	55	1
2	0	7	3	277	1
1	2	4	2	282	1
3	0	5	3	282	1
2	1	1	2	2	1
0	1	0	1	295	1
1	0	1	3	5	1
2	0	1	3	163	1
1	0	6	3	125	1
0	1	0	1	284	1
1	2	6	2	106	1
2	0	2	3	36	1
0	3	0	1	46	1
1	2	5	2	247	1
1	2	1	2	247	1
1	3	6	2	278	1
0	1	0	1	14	1
2	0	3	3	120	1
2	3	6	2	71	1
3	2	2	2	262	1
3	2	2	2	243	1
0	2	0	1	54	1
1	2	1	2	94	1
0	2	0	1	83	1
3	1	6	2	268	1
1	2	7	2	178	1
3	1	7	2	316	1
0	3	0	1	289	1
2	1	5	2	35	1
1	0	4	3	244	1
1	2	3	2	83	1
1	3	1	2	157	1
1	0	6	3	248	1
3	2	6	2	286	1
2	0	3	3	112	1
2	0	2	3	90	1
2	0	1	3	131	1
2	1	7	2	188	1
0	2	0	1	180	1
2	0	7	3	299	1
0	3	0	1	90	1
0	1	0	1	250	1
3	1	1	2	200	1
2	1	4	2	271	1
2	1	6	2	253	1
1	2	3	2	273	1
0	2	0	1	54	1
0	2	0	1	203	1
0	2	0	1	296	1
0	1	0	1	85	1
1	2	1	2	124	1
1	3	2	2	296	1
3	1	7	2	303	1
0	1	0	1	192	1
2	3	5	2	225	1
3	2	7	2	136	1
2	1	4	2	25	1
2	3	1	2	212	1
2	3	4	2	314	1
2	0	3	3	274	1
3	2	3	2	127	1
3	0	2	3	77	1
2	3	1	2	251	1
1	3	4	2	163	1
2	0	3	3	135	1
0	1	0	1	116	1
0	3	0	1	176	1
2	3	3	2	257	1
1	3	5	2	39	1
3	1	5	2	166	1
1	2	7	2	306	1
2	3	7	2	119	1
3	0	5	3	280	1
1	3	7	2	163	1
0	3	0	1	283	1
2	0	7	3	63	1
1	0	4	3	164	1
3	2	7	2	299	1
0	2	0	1	266	1
3	1	2	2	51	1
2	0	1	3	106	1
2	3	3	2	91	1
2	1	3	2	317	1
1	3	2	2	232	1
3	1	7	2	310	1
2	1	5	2	98	1
0	2	0	1	220	1
2	1	6	2	57	1
3	2	3	2	44	1
0	1	0	1	87	1
2	1	3	2	210	1
2	3	7	2	19	1
2	3	2	2	319	1
0	3	0	1	165	1
1	2	6	2	73	1
0	1	0	1	118	1
1	2	7	2	198	1
3	0	5	3	113	1
2	1	2	2	243	1
1	2	4	2	17	1
1	2	1	2	260	1
2	0	7	3	53	1
3	0	5	3	223	1
2	3	7	2	267	1
0	1	0	1	231	1
3	0	4	3	213	1
0	2	0	1	315	1
2	0	1	3	151	1
3	2	2	2	131	1
3	1	7	2	253	1
3	1	4	2	44	1
2	1	7	2	165	1
2	1	3	2	194	1
0	1	0	1	124	1
2	0	2	3	164	1
3	2	5	2	45	1
3	1	6	2	223	1
2	1	4	2	134	1
0	1	0	1	181	1
0	2	0	1	238	1
2	3	5	2	273	1
1	2	5	2	197	1
1	0	1	3	87	1
3	0	1	3	104	1
3	2	4	2	2	1
0	1	0	1	44	1
2	1	4	2	108	1
0	3	0	1	221	1
2	0	3	3	114	1
2	3	6	2	140	1
3	0	3	3	148	1
3	2	5	2	201	1
0	2	0	1	287	1
1	0	7	3	219	1
2	0	3	3	148	1
1	2	5	2	107	1
3	2	3	2	227	1
0	1	0	1	74	1
1	2	7	2	37	1
2	0	7	3	39	1
3	1	2	2	218	1
0	1	0	1	189	1
1	3	4	2	238	1
1	0	4	3	6	1
1	0	7	3	227	1
3	0	1	3	139	1
0	3	0	1	100	1
3	1	6	2	297	1
2	3	5	2	40	1
3	0	4	3	164	1
0	3	0	1	170	1
0	3	0	1	247	1
3	0	5	3	319	1
2	1	3	2	149	1
3	0	1	3	312	1
2	0	3	3	73	1
2	3	7	2	199	1
1	0	7	3	245	1
2	1	2	2	116	1
2	0	6	3	22	1
3	1	3	2	314	1
1	2	3	2	208	1
3	0	3	3	27	1
3	0	5	3	122	1
0	3	0	1	303	1
1	2	2	2	308	1
0	3	0	1	236	1
0	3	0	1	45	1
1	0	4	3	115	1
2	0	2	3	264	1
1	2	3	2	233	1
2	1	2	2	281	1
2	3	3	2	114	1
2	3	1	2	176	1
3	2	3	2	26	1
2	1	2	2	13	1
2	3	6	2	60	1
1	0	5	3	143	1
2	0	7	3	218	1
2	3	6	2	307	1
2	1	1	2	199	1
2	3	2	2	296	1
1	0	1	3	128	1
2	0	3	3	207	1
2	1	5	2	319	1
0	1	0	1	293	1
0	1	0	1	132	1
1	2	1	2	104	1
1	0	5	3	98	1
3	2	3	2	282	1
1	3	7	2	75	1
1	2	5	2	64	1
3	1	6	2	280	1
1	0	4	3	135	1
1	3	5	2	256	1
2	1	7	2	150	1
1	2	1	2	258	1
2	0	6	3	184	1
2	3	7	2	83	1
3	1	2	2	308	1
0	3	0	1	16	1
1	2	2	2	188	1
2	1	7	2	85	1
2	1	7	2	4	1
0	2	0	1	125	1
1	0	4	3	140	1
2	0	7	3	314	1
0	2	0	1	252	1
0	3	0	1	293	1
3	0	4	3	195	1
0	3	0	1	316	1
0	2	0	1	164	1
1	2	3	2	181	1
3	2	7	2	77	1
0	3	0	1	55	1
0	2	0	1	244	1
3	0	5	3	184	1
1	3	1	2	115	1
1	2	5	2	52	1
3	2	7	2	95	1
0	2	0	1	86	1
2	0	1	3	0	1
3	2	5	2	310	1
3	1	3	2	84	1
0	2	0	1	285	1
1	2	2	2	263	1
3	1	5	2	110	1
2	1	3	2	312	1
3	0	3	3	194	1
3	1	7	2	81	1
0	2	0	1	237	1
1	2	1	2	9	1
1	0	4	3	13	1
1	2	2	2	17	1
0	1	0	1	63	1
2	0	6	3	258	1
2	3	3	2	97	1
2	3	5	2	208	1
1	0	1	3	249	1
1	3	3	2	188	1
0	1	0	1	100	1
3	0	1	3	102	1
0	1	0	1	191	1
2	0	6	3	33	1
3	2	1	2	129	1
3	2	4	2	88	1
3	1	7	2	153	1
0	2	0	1	193	1
0	1	0	1	265	1
0	1	0	1	102	1
3	1	2	2	290	1
1	0	5	3	92	1
3	1	7	2	87	1
1	0	5	3	306	1
2	3	3	2	236	1
1	0	7	3	83	1
0	2	0	1	247	1
2	0	3	3	267	1
3	0	3	3	180	1
0	1	0	1	138	1
2	0	6	3	126	1
3	1	7	2	299	1
3	2	7	2	247	1
0	1	0	1	53	1
3	1	1	2	37	1
0	2	0	1	51	1
2	1	4	2	189	1
3	2	4	2	81	1
2	3	5	2	72	1
0	3	0	1	184	1
1	0	5	3	190	1
1	2	5	2	27	1
2	1	3	2	94	1
0	2	0	1	98	1
2	3	7	2	116	1
2	0	1	3	132	1
3	0	2	3	227	1
0	1	0	1	80	1
2	0	3	3	114	1
1	2	3	2	290	1
0	1	0	1	312	1
3	0	1	3	48	1
3	1	2	2	13	1
3	2	7	2	256	1
2	0	6	3	186	1
3	2	7	2	312	1
3	1	6	2	80	1
1	0	4	3	50	1
2	1	2	2	87	1
1	3	4	2	46	1
2	3	6	2	235	1
2	3	7	2	303	1
3	1	5	2	289	1
2	3	6	2	132	1
2	1	3	2	182	1
3	0	3	3	197	1
1	3	2	2	228	1
1	0	4	3	148	1
2	3	7	2	75	1
0	2	0	1	307	1
3	0	4	3	79	1
3	0	1	3	176	1
2	3	3	2	66	1
3	2	1	2	145	1
3	0	3	3	213	1
3	0	1	3	314	1
0	2	0	1	253	1
3	0	1	3	162	1
0	3	0	1	80	1
1	3	2	2	225	1
0	1	0	1	288	1
0	3	0	1	164	1
2	1	4	2	35	1
2	3	5	2	253	1
0	3	0	1	218	1
3	0	3	3	159	1
0	1	0	1	39	1
2	0	2	3	221	1
1	2	5	2	238	1
0	3	0	1	258	1
2	0	2	3	195	1
0	1	0	1	24	1
2	3	6	2	220	1
1	3	7	2	168	1
3	0	3	3	223	1
1	0	5	3	50	1
3	0	3	3	136	1
2	0	2	3	183	1
0	1	0	1	24	1
0	3	0	1	177	1
2	0	2	3	201	1
0	2	0	1	203	1
0	3	0	1	225	1
2	3	7	2	7	1
1	3	6	2	275	1
3	1	1	2	221	1
0	1	0	1	100	1
3	1	1	2	202	1
3	2	7	2	176	1
0	3	0	1	47	1
3	1	4	2	5	1
3	0	1	3	180	1
2	3	7	2	52	1
3	1	6	2	144	1
0	2	0	1	274	1
3	0	2	3	210	1
2	0	3	3	9	1
1	3	5	2	214	1
1	3	4	2	204	1
3	0	3	3	102	1
3	2	7	2	166	1
3	1	2	2	289	1
0	3	0	1	317	1
3	2	5	2	216	1
0	3	0	1	297	1
1	2	2	2	202	1
3	2	3	2	249	1
3	2	3	2	162	1
3	0	4	3	76	1
1	2	7	2	316	1
3	1	4	2	262	1
1	3	2	2	106	1
0	2	0	1	294	1
1	0	4	3	44	1
2	0	6	3	312	1
0	1	0	1	49	1
1	0	1	3	32	1
3	2	2	2	250	1
3	1	3	2	89	1
0	2	0	1	155	1
1	2	4	2	254	1
1	0	6	3	308	1
1	3	7	2	46	1
0	3	0	1	247	1
3	0	4	3	114	1
2	0	6	3	174	1
3	2	7	2	284	1
2	1	4	2	3	1
1	0	4	3	205	1
1	0	4	3	246	1
2	1	5	2	179	1
3	0	1	3	193	1
3	2	3	2	18	1
1	3	1	2	13	1
1	2	5	2	39	1
2	0	3	3	152	1
3	0	1	3	10	1
1	0	4	3	16	1
0	3	0	1	129	1
2	1	5	2	35	1
0	3	0	1	204	1
2	0	3	3	201	1
2	0	6	3	300	1
3	0	2	3	155	1
0	3	0	1	60	1
2	1	4	2	153	1
1	0	4	3	238	1
0	1	0	1	41	1
0	3	0	1	273	1
1	0	6	3	47	1
1	0	6	3	203	1
0	1	0	1	199	1
0	1	0	1	68	1
0	2	0	1	200	1
0	2	0	1	314	1
3	2	3	2	102	1
2	1	3	2	94	1
2	0	2	3	285	1
1	3	5	2	181	1
2	3	1	2	257	1
1	3	2	2	129	1
3	1	3	2	119	1
0	3	0	1	289	1
3	2	3	2	134	1
0	1	0	1	68	1
1	2	3	2	261	1
0	3	0	1	105	1
1	0	5	3	14	1
3	1	4	2	176	1
2	3	4	2	182	1
1	0	4	3	237	1
3	1	2	2	145	1
3	2	3	2	190	1
0	1	0	1	294	1
3	1	7	2	219	1
3	2	2	2	140	1
3	0	4	3	165	1
0	2	0	1	122	1
1	0	6	3	60	1
3	0	5	3	40	1
1	2	2	2	81	1
2	0	3	3	113	1
0	2	0	1	227	1
1	3	7	2	128	1
1	0	7	3	273	1
2	3	2	2	240	1
2	3	1	2	110	1
2	0	6	3	63	1
2	1	3	2	45	1
1	2	5	2	100	1
2	3	5	2	181	1
3	0	4	3	301	1
2	3	2	2	259	1
0	1	0	1	310	1
1	2	6	2	279	1
2	1	3	2	66	1
0	1	0	1	154	1
3	0	1	3	131	1
2	1	3	2	55	1
0	2	0	1	206	1
2	1	6	2	46	1
0	3	0	1	210	1
2	1	7	2	99	1
0	2	0	1	153	1
2	1	1	2	176	1
3	0	5	3	50	1
1	2	7	2	35	1
3	0	5	3	19	1
3	0	4	3	294	1
1	2	6	2	91	1
2	1	1	2	133	1
2	1	2	2	262	1
3	1	6	2	170	1
0	3	0	1	247	1
0	1	0	1	212	1
0	3	0	1	209	1
0	3	0	1	117	1
0	1	0	1	231	1
1	2	1	2	6	1
3	1	3	2	26	1
0	3	0	1	312	1
2	3	3	2	308	1
0	2	0	1	273	1
3	0	1	3	47	1
0	1	0	1	44	1
2	1	6	2	212	1
3	2	6	2	149	1
1	0	7	3	303	1
1	2	5	2	230	1
3	1	1	2	166	1
0	2	0	1	236	1
3	1	4	2	29	1
3	1	7	2	275	1
2	1	5	2	142	1
1	2	6	2	250	1
2	1	1	2	26	1
1	3	5	2	215	1
2	0	7	3	274	1
3	0	1	3	256	1
2	0	7	3	83	1
