2	1	7	2	190	32
2	3	5	2	26	3
0	1	0	1	47	8
3	2	3	2	244	32
2	3	6	2	289	8
1	0	7	3	28	3
1	0	4	3	132	3
1	0	1	3	239	32
3	2	3	2	199	32
0	1	0	1	244	4
0	3	0	1	54	3
1	0	7	3	217	8
3	1	5	2	286	4
1	3	5	2	254	3
1	0	4	3	38	8
1	2	4	2	247	8
1	2	3	2	199	3
3	2	2	2	222	32
1	3	6	2	23	4
1	2	2	2	41	8
0	1	0	1	21	4
1	3	3	2	74	8
3	2	2	2	207	8
2	3	4	2	155	32
2	3	5	2	45	32
1	3	3	2	97	32
2	0	1	3	202	4
3	1	5	2	167	4
2	0	1	3	127	3
0	1	0	1	42	3
3	0	4	3	212	4
1	0	6	3	108	8
0	2	0	1	299	4
2	1	7	2	135	4
2	3	5	2	101	32
1	2	7	2	154	4
2	0	1	3	154	32
2	0	1	3	257	32
1	3	1	2	262	4
1	2	2	2	2	32
0	2	0	1	22	32
3	1	4	2	245	32
2	0	6	3	271	3
2	0	6	3	302	4
2	3	1	2	51	4
2	3	4	2	42	4
1	3	7	2	198	32
3	0	4	3	228	32
0	2	0	1	226	4
1	3	2	2	3	8
2	1	2	2	204	32
0	2	0	1	141	4
0	2	0	1	6	8
0	3	0	1	93	3
3	1	3	2	268	3
0	1	0	1	199	4
3	1	5	2	272	3
1	3	7	2	250	8
1	3	5	2	143	32
2	3	4	2	62	4
3	2	2	2	136	4
1	2	5	2	76	3
2	0	7	3	190	4
3	1	3	2	31	4
3	1	2	2	148	8
0	3	0	1	144	32
0	1	0	1	247	3
2	3	7	2	42	32
3	0	5	3	13	4
1	3	7	2	166	4
1	0	7	3	293	4
1	0	4	3	152	3
0	3	0	1	4	32
1	0	5	3	145	3
2	3	6	2	1	3
3	1	2	2	86	32
2	0	7	3	215	4
2	0	7	3	74	32
3	1	1	2	200	8
3	2	4	2	244	3
1	0	5	3	221	4
3	0	2	3	140	8
3	1	1	2	265	32
3	1	7	2	119	32
2	0	3	3	52	4
0	3	0	1	269	32
3	2	2	2	227	8
2	0	7	3	130	3
1	0	4	3	224	3
0	2	0	1	245	8
0	3	0	1	211	4
2	3	7	2	219	4
3	0	2	3	104	8
1	0	4	3	152	4
2	3	5	2	164	4
2	1	2	2	231	32
3	2	2	2	143	4
0	3	0	1	92	4
3	0	3	3	187	4
1	2	5	2	30	3
2	1	4	2	207	4
0	1	0	1	7	3
2	1	5	2	3	32
3	1	5	2	237	3
2	0	7	3	148	8
1	0	5	3	170	3
0	1	0	1	74	3
3	2	2	2	95	3
1	2	4	2	236	4
3	2	2	2	83	32
3	2	2	2	168	3
1	3	3	2	266	32
2	1	2	2	42	3
2	0	7	3	67	3
1	2	4	2	221	8
2	3	3	2	49	4
0	2	0	1	308	4
0	3	0	1	137	4
1	3	1	2	20	32
0	2	0	1	20	4
2	1	2	2	178	4
0	3	0	1	167	3
0	1	0	1	40	8
0	3	0	1	294	4
2	0	3	3	155	3
2	1	5	2	95	4
1	2	2	2	176	4
2	1	6	2	295	4
3	1	6	2	211	3
3	0	1	3	279	8
0	3	0	1	294	3
0	3	0	1	149	8
0	2	0	1	230	8
3	1	6	2	187	3
1	0	5	3	218	4
1	0	1	3	272	32
3	1	3	2	88	8
1	0	6	3	141	8
2	0	2	3	227	4
1	2	2	2	67	8
0	2	0	1	293	4
2	3	5	2	30	3
3	2	2	2	158	3
0	1	0	1	195	4
3	2	6	2	227	8
1	0	6	3	11	8
0	2	0	1	31	4
1	2	3	2	59	32
3	2	1	2	126	3
1	2	1	2	170	8
0	2	0	1	96	4
3	1	3	2	86	3
3	2	5	2	117	4
3	1	4	2	39	8
1	0	7	3	50	4
3	0	2	3	140	4
1	2	2	2	90	32
1	2	1	2	267	4
2	0	6	3	268	3
3	0	5	3	171	8
0	1	0	1	234	4
3	0	2	3	29	8
1	3	4	2	252	8
0	2	0	1	188	8
1	2	3	2	1	4
1	0	1	3	129	3
3	1	1	2	149	4
3	2	7	2	136	3
1	3	2	2	96	4
0	3	0	1	218	32
0	1	0	1	94	4
1	3	2	2	38	32
2	1	1	2	190	3
0	3	0	1	106	4
1	2	2	2	33	8
2	0	1	3	22	3
3	2	1	2	277	3
1	3	1	2	90	3
1	0	7	3	53	4
1	0	1	3	95	32
0	3	0	1	127	3
1	2	5	2	163	3
2	1	2	2	112	4
0	2	0	1	166	8
0	1	0	1	12	3
1	3	2	2	109	32
3	2	4	2	233	32
1	3	4	2	85	32
3	1	2	2	305	8
0	2	0	1	207	3
1	0	1	3	108	32
2	0	6	3	91	4
2	0	6	3	261	8
2	0	7	3	192	3
3	1	2	2	217	32
0	1	0	1	252	3
3	2	2	2	30	32
3	2	5	2	36	32
2	3	5	2	307	4
1	3	1	2	159	4
0	3	0	1	273	32
3	1	5	2	19	8
2	3	2	2	154	8
3	2	2	2	46	32
0	2	0	1	252	8
0	1	0	1	142	4
0	2	0	1	173	3
1	0	7	3	216	8
3	0	3	3	9	3
0	2	0	1	73	8
1	0	5	3	126	8
0	1	0	1	120	8
3	2	6	2	270	8
0	1	0	1	166	3
3	2	6	2	250	8
3	2	1	2	118	3
3	0	3	3	317	3
0	3	0	1	87	4
3	1	6	2	234	32
1	0	7	3	163	8
1	0	1	3	174	3
0	3	0	1	129	4
3	1	3	2	229	32
2	3	7	2	7	8
0	1	0	1	177	8
0	3	0	1	117	4
0	2	0	1	274	32
1	2	5	2	194	8
2	1	1	2	230	32
2	1	2	2	142	32
0	3	0	1	300	3
1	0	7	3	113	4
3	1	3	2	252	3
1	0	1	3	121	8
0	1	0	1	39	4
0	2	0	1	269	8
3	2	4	2	29	4
0	3	0	1	1	4
3	0	4	3	86	32
2	3	1	2	92	8
3	1	1	2	36	32
1	3	2	2	59	8
2	0	7	3	196	4
0	1	0	1	210	32
2	3	7	2	253	32
1	3	5	2	38	8
3	2	3	2	95	8
3	1	1	2	256	32
3	0	3	3	234	3
0	2	0	1	278	4
1	0	6	3	84	8
2	1	1	2	188	3
3	2	6	2	148	32
1	2	3	2	235	32
1	3	5	2	242	3
3	2	3	2	288	3
0	1	0	1	51	8
0	1	0	1	311	4
1	2	2	2	38	8
0	1	0	1	159	4
0	3	0	1	269	3
3	1	5	2	157	8
0	3	0	1	32	3
0	3	0	1	199	4
0	1	0	1	24	8
2	0	6	3	94	3
3	1	3	2	70	4
0	2	0	1	220	3
0	2	0	1	165	8
1	2	3	2	286	8
0	2	0	1	103	32
1	0	1	3	143	3
1	2	2	2	290	8
3	2	2	2	169	32
2	3	6	2	259	32
0	2	0	1	316	3
2	0	3	3	218	8
1	0	5	3	8	8
3	2	7	2	223	32
2	0	6	3	30	32
3	2	2	2	66	32
0	2	0	1	270	3
3	1	2	2	236	3
3	2	5	2	229	3
0	3	0	1	43	4
1	0	1	3	208	8
0	1	0	1	281	8
3	1	4	2	228	8
2	1	1	2	61	3
1	2	3	2	84	32
1	3	5	2	263	4
0	3	0	1	108	8
0	3	0	1	200	4
3	0	3	3	132	4
0	3	0	1	50	3
0	3	0	1	16	4
0	2	0	1	105	3
2	0	3	3	84	8
0	2	0	1	127	3
3	1	6	2	63	8
1	0	5	3	285	32
2	1	6	2	27	8
1	3	2	2	274	32
3	0	3	3	92	4
3	1	7	2	66	4
3	1	6	2	171	32
0	2	0	1	250	8
0	1	0	1	215	3
3	1	3	2	44	8
0	2	0	1	213	32
0	3	0	1	87	4
3	2	2	2	276	32
2	0	2	3	90	8
1	0	7	3	230	4
2	1	5	2	154	3
2	3	3	2	66	3
1	0	5	3	242	3
0	1	0	1	118	32
2	3	2	2	201	4
2	1	7	2	203	8
1	3	2	2	25	4
0	2	0	1	33	8
2	1	7	2	37	4
1	0	7	3	136	3
0	2	0	1	177	4
2	3	7	2	105	4
3	0	5	3	17	32
1	3	5	2	50	4
3	0	1	3	63	4
3	2	2	2	274	3
2	1	7	2	203	3
2	1	1	2	261	8
0	3	0	1	157	3
2	3	6	2	147	32
3	2	4	2	239	3
3	1	4	2	31	32
3	0	2	3	233	32
2	3	7	2	132	4
2	3	3	2	55	8
2	1	3	2	81	3
2	3	5	2	155	32
1	3	1	2	209	3
0	3	0	1	68	3
1	0	6	3	289	8
2	0	1	3	73	8
3	1	3	2	252	8
1	0	5	3	101	4
0	2	0	1	140	4
1	3	2	2	287	32
3	0	5	3	193	32
3	0	5	3	130	4
1	0	5	3	157	3
1	3	1	2	71	8
0	3	0	1	31	8
0	2	0	1	3	32
1	3	6	2	273	4
0	3	0	1	256	32
3	2	3	2	279	8
2	3	5	2	10	4
3	0	4	3	72	3
3	1	4	2	4	8
2	3	1	2	282	4
3	1	1	2	3	32
0	3	0	1	279	3
0	3	0	1	3	32
2	3	6	2	296	4
2	3	5	2	256	4
0	2	0	1	250	3
3	1	5	2	239	4
3	2	3	2	196	3
2	0	6	3	23	8
0	2	0	1	200	4
3	2	1	2	252	8
2	1	3	2	258	3
3	0	5	3	197	8
2	1	3	2	219	4
3	0	1	3	4	3
2	1	1	2	294	3
2	1	1	2	118	3
0	3	0	1	287	8
1	0	7	3	29	8
1	2	7	2	169	3
3	0	1	3	52	32
1	2	5	2	282	8
3	1	7	2	94	3
3	0	3	3	52	3
1	3	6	2	100	32
0	2	0	1	65	32
1	0	5	3	281	4
3	2	3	2	306	4
0	1	0	1	130	32
2	0	6	3	264	4
2	1	1	2	21	4
1	3	4	2	234	4
0	1	0	1	199	4
0	1	0	1	313	3
0	2	0	1	66	8
1	2	5	2	244	32
3	1	1	2	123	32
2	0	7	3	3	32
0	2	0	1	282	8
2	3	6	2	119	32
0	2	0	1	150	32
1	0	4	3	127	4
3	0	2	3	10	4
3	0	3	3	190	4
0	2	0	1	242	3
1	0	6	3	282	8
2	0	3	3	200	32
3	0	3	3	20	8
1	2	2	2	116	3
1	3	7	2	180	4
2	3	6	2	231	3
2	0	1	3	234	3
0	2	0	1	252	3
2	0	1	3	167	32
0	3	0	1	50	32
2	3	4	2	120	4
3	2	6	2	9	4
3	1	1	2	81	3
0	1	0	1	132	8
1	0	6	3	258	3
1	2	6	2	286	4
0	3	0	1	29	8
0	1	0	1	52	4
2	3	5	2	91	32
0	3	0	1	73	8
3	0	4	3	102	3
2	3	3	2	9	8
0	1	0	1	229	4
2	3	4	2	24	3
2	3	5	2	133	3
3	0	2	3	147	32
3	0	2	3	184	32
1	3	1	2	182	4
2	0	7	3	287	32
1	3	6	2	0	8
1	0	6	3	185	3
3	1	1	2	220	4
0	1	0	1	315	3
0	1	0	1	244	3
2	0	2	3	87	8
2	0	7	3	181	3
1	3	1	2	305	4
3	0	1	3	232	4
0	2	0	1	151	3
1	2	1	2	306	4
3	2	1	2	23	4
2	1	2	2	281	8
3	0	1	3	121	4
2	1	7	2	213	4
3	1	6	2	66	8
0	3	0	1	1	8
3	2	7	2	45	32
1	0	7	3	41	4
2	1	5	2	24	32
0	3	0	1	110	32
2	3	3	2	21	3
2	0	7	3	36	32
0	3	0	1	71	4
1	0	6	3	82	3
3	1	5	2	49	3
0	2	0	1	12	3
0	3	0	1	311	4
2	0	2	3	49	4
2	0	1	3	9	32
0	3	0	1	22	3
2	0	7	3	112	32
0	2	0	1	273	3
3	0	3	3	149	32
2	0	3	3	53	8
3	1	3	2	251	3
2	1	5	2	274	8
3	2	4	2	25	8
1	2	3	2	67	32
2	3	4	2	161	32
3	1	2	2	263	3
2	1	1	2	260	4
0	2	0	1	145	32
3	0	5	3	92	3
2	3	1	2	160	8
0	3	0	1	300	3
1	0	7	3	82	8
2	1	4	2	155	8
0	2	0	1	74	3
0	3	0	1	274	8
2	1	7	2	78	4
1	3	3	2	12	8
2	1	3	2	160	32
2	3	7	2	233	8
2	3	5	2	158	4
0	3	0	1	44	3
2	0	2	3	264	8
0	2	0	1	215	4
0	2	0	1	96	4
1	2	4	2	126	4
2	0	3	3	158	3
2	1	5	2	126	8
0	3	0	1	282	8
3	1	3	2	200	3
1	0	4	3	153	8
0	3	0	1	176	4
3	2	3	2	27	8
0	2	0	1	244	4
1	0	5	3	85	3
0	3	0	1	190	3
3	0	2	3	174	4
0	2	0	1	186	8
0	3	0	1	48	3
2	3	2	2	81	3
2	3	3	2	275	8
3	0	4	3	150	32
0	2	0	1	37	8
2	0	6	3	304	3
1	2	7	2	234	32
3	0	5	3	232	4
2	3	2	2	263	8
1	3	5	2	258	4
1	0	7	3	96	4
3	0	2	3	178	3
3	1	4	2	85	4
2	0	6	3	198	3
1	3	6	2	69	4
0	1	0	1	178	8
1	3	5	2	14	3
1	3	6	2	254	4
0	1	0	1	274	32
1	2	4	2	316	3
0	1	0	1	29	32
1	2	2	2	314	3
0	1	0	1	244	3
2	3	5	2	18	4
3	1	3	2	122	32
0	1	0	1	242	3
1	0	6	3	128	8
1	3	2	2	159	4
3	2	7	2	90	32
3	1	1	2	132	32
1	0	7	3	177	32
1	0	5	3	33	4
1	3	7	2	166	3
1	2	6	2	124	8
3	2	3	2	55	32
0	2	0	1	70	32
0	1	0	1	128	8
0	3	0	1	8	8
1	3	6	2	48	8
0	3	0	1	37	32
1	3	2	2	19	3
2	0	3	3	28	3
3	1	7	2	108	32
2	3	7	2	277	32
1	3	4	2	313	3
3	2	1	2	88	3
3	1	2	2	65	3
1	2	7	2	296	8
0	1	0	1	231	3
0	1	0	1	36	3
3	0	1	3	152	4
1	3	3	2	292	4
0	1	0	1	120	8
2	3	2	2	108	3
0	2	0	1	247	3
0	3	0	1	225	32
0	3	0	1	291	4
0	2	0	1	179	8
2	1	7	2	308	4
3	1	4	2	246	32
2	1	2	2	216	8
2	3	5	2	218	3
2	3	3	2	188	4
0	1	0	1	81	4
1	2	5	2	235	8
0	3	0	1	221	8
1	2	7	2	1	3
2	1	6	2	109	32
0	2	0	1	18	3
0	3	0	1	187	32
1	0	4	3	249	32
2	3	1	2	141	32
3	2	7	2	260	32
3	2	1	2	194	4
3	2	5	2	76	32
0	3	0	1	124	4
1	3	2	2	222	8
1	2	6	2	45	32
3	1	7	2	296	4
2	0	6	3	248	3
2	0	1	3	85	32
3	1	2	2	200	8
2	3	4	2	123	3
2	3	2	2	113	32
0	1	0	1	283	3
2	0	7	3	233	8
1	3	1	2	235	32
3	2	3	2	64	32
2	0	1	3	164	8
0	1	0	1	93	4
2	1	3	2	243	4
2	1	1	2	237	32
2	0	1	3	142	32
0	3	0	1	49	8
2	1	6	2	117	4
2	1	7	2	282	8
3	1	7	2	221	32
0	1	0	1	116	8
3	0	4	3	140	4
0	1	0	1	126	32
1	3	4	2	68	4
1	0	5	3	253	8
2	3	1	2	292	8
3	2	5	2	303	8
0	2	0	1	218	32
3	0	3	3	238	32
3	1	1	2	285	8
2	3	7	2	216	8
3	1	1	2	158	8
1	0	1	3	196	8
0	3	0	1	42	3
0	3	0	1	167	4
2	1	6	2	206	32
2	0	7	3	96	3
1	3	6	2	116	32
0	1	0	1	18	32
3	0	3	3	224	4
0	3	0	1	211	32
0	2	0	1	96	3
3	1	6	2	233	32
2	0	1	3	47	3
2	3	1	2	104	4
1	0	1	3	58	4
1	2	3	2	125	32
1	0	1	3	174	32
1	3	3	2	48	32
3	0	4	3	107	8
2	3	5	2	221	32
0	3	0	1	89	8
0	3	0	1	138	3
2	0	6	3	168	8
0	3	0	1	113	3
3	0	1	3	144	3
1	2	6	2	196	32
1	0	6	3	106	4
0	3	0	1	206	3
0	2	0	1	257	3
2	3	3	2	189	32
0	3	0	1	61	8
3	2	4	2	118	8
2	3	1	2	111	3
2	0	6	3	61	32
0	1	0	1	77	8
2	1	1	2	37	8
3	0	3	3	249	4
3	2	2	2	70	8
0	3	0	1	227	8
1	3	1	2	15	32
3	0	5	3	216	3
1	2	3	2	173	4
2	1	7	2	59	3
1	0	6	3	54	4
2	3	7	2	143	8
0	1	0	1	259	3
3	0	5	3	169	8
0	3	0	1	31	8
2	0	1	3	268	32
3	2	1	2	61	3
2	1	3	2	190	3
0	3	0	1	289	8
1	0	4	3	118	8
3	1	2	2	227	4
3	2	6	2	241	3
0	2	0	1	278	32
2	1	6	2	140	4
0	3	0	1	33	3
0	1	0	1	133	32
0	1	0	1	67	3
0	2	0	1	42	4
2	1	1	2	202	8
0	1	0	1	126	32
1	2	7	2	260	8
3	0	5	3	219	8
1	2	5	2	49	32
3	2	4	2	170	4
3	0	3	3	228	3
0	1	0	1	152	8
3	1	4	2	68	3
1	0	4	3	261	3
3	1	5	2	235	4
3	1	1	2	31	3
2	1	2	2	268	32
0	1	0	1	35	32
0	1	0	1	228	8
3	0	5	3	126	3
1	2	2	2	80	8
3	1	1	2	288	8
0	3	0	1	169	32
1	3	2	2	43	32
1	2	3	2	228	4
3	2	5	2	30	32
1	3	4	2	265	32
3	1	7	2	164	4
2	1	5	2	302	3
2	0	6	3	151	32
1	0	4	3	12	3
0	2	0	1	73	4
0	2	0	1	97	8
3	0	1	3	282	3
3	0	5	3	62	32
2	0	1	3	178	4
2	1	7	2	77	3
3	2	7	2	171	3
3	2	7	2	228	3
2	0	3	3	40	8
3	1	1	2	192	32
0	2	0	1	249	4
3	0	4	3	130	32
0	1	0	1	59	8
1	0	7	3	221	3
2	1	7	2	222	4
2	1	4	2	75	4
1	2	2	2	90	4
2	1	1	2	19	32
1	3	1	2	183	8
1	2	1	2	264	4
3	1	7	2	24	4
0	3	0	1	307	4
3	0	4	3	6	3
0	3	0	1	272	3
3	1	5	2	137	8
2	3	5	2	57	32
3	2	5	2	34	8
3	2	4	2	259	3
2	0	1	3	249	8
1	3	2	2	53	32
3	1	1	2	263	3
3	2	5	2	266	8
2	1	6	2	3	3
3	0	2	3	99	8
3	1	4	2	41	4
1	3	4	2	191	4
1	0	7	3	52	32
2	0	1	3	39	8
2	1	3	2	129	8
1	2	6	2	142	3
2	1	2	2	157	3
0	3	0	1	268	32
0	2	0	1	16	4
0	3	0	1	252	32
3	0	1	3	19	3
1	3	5	2	138	32
3	0	1	3	228	32
1	2	6	2	184	4
0	2	0	1	260	8
0	3	0	1	163	4
0	2	0	1	237	8
0	2	0	1	140	8
2	1	6	2	262	3
2	3	6	2	19	4
0	1	0	1	85	8
0	2	0	1	45	4
0	2	0	1	45	32
1	2	3	2	70	32
2	1	3	2	198	8
2	0	3	3	35	3
3	1	5	2	122	32
0	3	0	1	244	4
1	2	5	2	78	4
2	1	3	2	25	8
0	3	0	1	66	3
1	0	6	3	185	3
2	3	6	2	5	3
1	3	6	2	27	4
1	3	1	2	89	32
1	3	5	2	82	4
3	0	3	3	296	3
2	3	2	2	287	3
2	1	7	2	230	4
2	3	2	2	119	4
2	0	1	3	137	8
0	1	0	1	31	8
3	1	1	2	73	3
2	3	6	2	164	3
2	3	6	2	224	32
1	3	7	2	59	4
3	1	5	2	196	8
0	3	0	1	1	3
2	0	2	3	246	3
0	3	0	1	59	3
0	3	0	1	240	8
3	0	2	3	265	3
1	2	1	2	151	3
3	1	5	2	256	4
2	0	2	3	153	32
3	2	3	2	88	8
1	2	1	2	175	32
0	2	0	1	208	3
0	1	0	1	158	8
2	0	6	3	3	3
1	0	1	3	235	8
3	0	1	3	287	8
0	1	0	1	196	32
3	0	3	3	121	32
3	1	6	2	157	32
0	2	0	1	198	8
1	2	6	2	294	8
1	3	6	2	92	4
2	1	7	2	67	4
0	2	0	1	19	3
3	0	2	3	159	32
2	3	1	2	248	8
1	3	4	2	82	3
1	3	5	2	203	32
0	2	0	1	76	3
2	1	1	2	260	32
3	1	5	2	50	3
0	2	0	1	104	32
2	3	3	2	76	32
2	0	6	3	234	8
0	3	0	1	6	4
0	1	0	1	116	32
3	0	3	3	243	3
2	1	7	2	175	32
2	1	5	2	50	3
0	2	0	1	290	4
2	0	1	3	24	4
1	2	5	2	194	32
2	1	7	2	306	8
0	2	0	1	278	32
3	0	1	3	220	8
0	3	0	1	59	4
1	0	5	3	178	8
2	1	6	2	43	4
1	3	4	2	257	3
3	2	7	2	275	3
3	0	5	3	267	3
3	1	2	2	55	4
2	0	3	3	224	4
2	1	2	2	308	3
0	3	0	1	57	3
1	0	6	3	184	8
0	1	0	1	12	32
0	3	0	1	20	3
1	2	7	2	85	8
1	2	4	2	158	8
1	2	6	2	248	4
2	1	7	2	156	3
1	3	6	2	300	4
0	2	0	1	64	8
0	2	0	1	14	4
3	0	2	3	189	32
2	0	1	3	145	8
2	1	6	2	257	32
2	3	4	2	130	3
1	0	6	3	121	32
1	0	1	3	304	8
2	3	2	2	64	8
0	3	0	1	148	3
1	0	6	3	20	3
3	2	6	2	285	32
2	1	3	2	150	4
1	3	6	2	30	3
3	2	1	2	174	3
3	1	6	2	280	4
3	1	5	2	58	3
1	0	1	3	219	4
1	3	1	2	105	3
1	2	5	2	3	4
2	3	1	2	82	4
2	0	6	3	262	8
2	0	2	3	154	3
0	3	0	1	297	3
2	0	2	3	266	3
1	3	4	2	121	8
2	3	1	2	97	4
1	3	2	2	259	8
0	3	0	1	235	8
1	0	6	3	31	3
3	1	7	2	241	32
1	0	1	3	215	8
2	1	5	2	213	8
3	0	1	3	62	4
3	1	1	2	51	4
0	2	0	1	116	8
0	2	0	1	212	3
3	0	4	3	8	8
0	1	0	1	91	8
1	2	4	2	124	8
3	0	2	3	55	32
0	2	0	1	4	8
2	1	4	2	203	4
0	2	0	1	75	3
3	1	7	2	9	3
1	2	3	2	2	8
1	2	1	2	14	8
0	3	0	1	306	8
1	0	4	3	276	4
3	2	4	2	124	8
0	2	0	1	123	8
1	0	6	3	104	4
3	1	2	2	104	8
1	0	4	3	215	4
1	0	5	3	244	4
3	2	6	2	56	32
1	0	1	3	243	8
3	1	3	2	282	8
2	1	2	2	65	4
2	3	6	2	64	8
1	3	2	2	257	32
2	0	7	3	154	4
1	0	4	3	121	8
0	3	0	1	286	32
0	1	0	1	303	8
1	0	6	3	50	3
0	1	0	1	255	8
2	3	4	2	188	32
3	0	2	3	227	8
0	3	0	1	180	3
2	1	5	2	271	8
2	3	2	2	306	3
1	2	4	2	289	4
3	1	6	2	74	4
2	3	5	2	107	8
0	2	0	1	279	8
1	0	6	3	91	8
0	2	0	1	268	4
3	1	2	2	88	8
2	3	3	2	222	4
3	0	3	3	259	32
2	3	3	2	54	4
2	1	5	2	7	8
0	2	0	1	124	32
3	2	4	2	285	32
0	3	0	1	67	4
2	1	7	2	267	8
0	1	0	1	148	8
0	1	0	1	196	8
2	3	5	2	283	8
2	0	1	3	75	8
0	2	0	1	86	3
3	1	4	2	265	3
1	2	4	2	188	3
2	3	5	2	30	3
1	3	1	2	91	8
1	0	7	3	262	8
3	0	5	3	3	32
0	3	0	1	313	4
2	3	3	2	223	8
0	2	0	1	3	8
2	0	1	3	279	32
3	1	4	2	205	8
2	1	3	2	179	3
1	2	6	2	128	4
2	0	6	3	96	32
1	2	6	2	131	4
0	2	0	1	31	32
0	3	0	1	0	8
0	1	0	1	63	4
3	1	6	2	85	4
1	3	2	2	303	8
2	1	5	2	8	3
3	0	4	3	202	4
1	3	2	2	156	8
0	1	0	1	64	32
1	3	5	2	184	8
0	3	0	1	214	3
0	2	0	1	80	3
2	1	3	2	266	3
1	0	7	3	293	4
3	0	2	3	206	32
1	0	4	3	225	3
1	0	7	3	33	32
2	0	2	3	125	3
3	1	6	2	295	8
3	2	6	2	195	8
0	1	0	1	271	8
2	3	1	2	39	8
3	0	1	3	56	3
0	1	0	1	305	3
2	0	7	3	269	32
3	1	5	2	82	32
3	0	4	3	258	32
1	0	6	3	72	3
3	2	7	2	230	4
1	3	3	2	172	4
3	2	6	2	24	4
2	3	4	2	176	3
3	0	1	3	198	32
2	1	7	2	95	4
1	3	5	2	170	8
3	1	4	2	89	4
0	1	0	1	170	3
3	0	5	3	83	8
2	3	4	2	264	3
0	1	0	1	64	4
0	2	0	1	93	8
3	2	3	2	61	4
3	1	6	2	127	32
0	3	0	1	236	8
0	3	0	1	213	3
1	0	7	3	111	8
0	2	0	1	251	3
0	1	0	1	94	4
0	1	0	1	156	32
0	1	0	1	126	32
0	2	0	1	155	32
3	1	4	2	166	3
0	3	0	1	286	4
0	3	0	1	0	3
3	0	4	3	123	4
3	0	2	3	158	3
2	0	2	3	123	32
1	3	6	2	146	4
3	0	2	3	126	3
0	2	0	1	41	32
3	2	4	2	122	32
2	1	4	2	101	32
1	3	5	2	6	32
1	0	6	3	12	32
1	2	4	2	177	8
3	2	2	2	267	3
0	2	0	1	112	4
2	0	6	3	306	4
0	3	0	1	228	32
3	2	1	2	51	4
0	2	0	1	306	3
1	3	4	2	158	32
1	3	6	2	272	3
1	3	3	2	67	8
3	2	3	2	6	32
1	0	6	3	162	32
0	1	0	1	104	32
1	0	4	3	162	4
0	3	0	1	154	32
2	1	3	2	100	4
1	0	6	3	250	32
3	2	3	2	62	4
1	0	5	3	158	8
3	2	1	2	278	8
2	3	3	2	299	8
0	3	0	1	73	3
2	3	3	2	47	3
2	3	1	2	21	4
0	2	0	1	2	3
1	3	1	2	210	32
3	2	5	2	157	4
3	1	2	2	170	3
3	0	5	3	49	8
2	0	2	3	154	8
1	0	4	3	237	32
2	3	5	2	55	3
3	2	1	2	4	8
1	3	7	2	148	4
1	3	2	2	71	4
2	0	3	3	164	4
2	3	4	2	281	4
3	2	6	2	98	8
2	1	6	2	294	8
1	3	6	2	176	32
2	0	1	3	127	4
3	2	2	2	177	32
2	0	1	3	55	3
1	0	7	3	214	32
1	2	6	2	245	4
1	3	4	2	50	8
0	3	0	1	246	4
3	0	4	3	1	32
1	3	3	2	205	4
2	1	4	2	172	8
2	0	2	3	140	4
2	0	7	3	87	4
0	1	0	1	59	4
3	1	7	2	96	4
3	1	2	2	100	4
0	1	0	1	19	32
3	2	3	2	131	3
1	0	6	3	54	8
3	0	3	3	126	4
3	1	5	2	158	3
0	1	0	1	96	8
1	2	7	2	308	3
1	2	3	2	57	4
1	0	1	3	209	8
2	1	1	2	79	4
2	0	7	3	241	32
0	1	0	1	69	8
0	1	0	1	205	32
0	1	0	1	112	8
0	2	0	1	186	32
3	0	1	3	119	3
2	3	4	2	175	3
2	3	2	2	149	8
3	0	2	3	31	32
0	2	0	1	80	32
3	1	3	2	245	8
0	2	0	1	313	3
2	0	7	3	293	8
2	0	6	3	89	4
2	1	1	2	40	8
3	1	6	2	126	4
0	3	0	1	41	8
2	3	2	2	140	8
1	2	3	2	183	4
2	3	6	2	73	32
1	0	4	3	132	32
2	0	3	3	60	3
2	1	2	2	273	32
1	3	7	2	190	32
0	1	0	1	36	8
3	1	2	2	121	8
0	1	0	1	117	8
2	3	1	2	216	4
2	1	6	2	123	4
2	0	1	3	50	4
0	2	0	1	70	4
2	1	5	2	222	3
0	2	0	1	64	4
0	3	0	1	243	3
2	3	1	2	63	32
1	0	5	3	203	4
1	2	3	2	24	8
3	0	1	3	250	32
1	3	6	2	121	4
3	1	4	2	239	32
0	3	0	1	254	4
3	1	5	2	41	8
1	0	5	3	298	4
2	0	2	3	87	8
0	3	0	1	8	3
0	3	0	1	288	4
0	1	0	1	217	3
1	2	6	2	241	8
3	0	4	3	255	3
3	1	4	2	292	4
0	2	0	1	296	3
0	2	0	1	125	4
3	1	3	2	171	8
0	2	0	1	296	3
1	0	7	3	147	32
0	3	0	1	87	8
1	2	2	2	281	32
2	0	7	3	304	4
2	1	2	2	127	8
1	2	3	2	14	4
2	0	7	3	287	8
1	0	5	3	98	32
1	0	1	3	224	8
2	1	2	2	68	8
0	3	0	1	13	32
2	3	6	2	105	8
3	0	5	3	271	32
0	1	0	1	297	8
1	3	6	2	135	8
2	1	2	2	173	3
3	2	1	2	157	3
1	0	5	3	138	4
3	2	5	2	195	32
1	0	4	3	3	32
0	3	0	1	264	4
1	2	2	2	301	8
3	0	1	3	274	8
0	3	0	1	157	4
3	0	2	3	166	32
0	3	0	1	48	8
3	0	3	3	29	8
3	2	5	2	12	4
3	2	6	2	9	4
3	0	2	3	243	3
1	0	5	3	186	3
0	2	0	1	258	32
2	3	7	2	242	8
1	3	7	2	49	32
1	2	5	2	255	3
0	2	0	1	144	4
0	1	0	1	307	4
0	3	0	1	214	8
3	1	6	2	134	32
3	0	1	3	31	32
1	3	7	2	124	32
3	2	2	2	157	32
2	0	6	3	4	8
1	0	1	3	146	4
1	3	6	2	286	8
2	0	7	3	60	4
0	3	0	1	153	32
2	3	2	2	153	32
0	2	0	1	110	3
2	0	2	3	129	32
2	1	7	2	42	3
0	3	0	1	104	3
2	3	5	2	85	8
0	2	0	1	267	3
1	3	4	2	258	4
0	1	0	1	75	8
0	1	0	1	296	4
0	1	0	1	239	32
2	1	2	2	18	4
2	0	2	3	114	8
1	3	1	2	58	4
1	0	5	3	36	32
1	0	1	3	210	4
0	3	0	1	206	4
2	3	7	2	55	3
1	3	1	2	147	32
0	1	0	1	111	32
0	3	0	1	264	32
3	2	4	2	172	4
2	1	5	2	268	4
1	2	7	2	43	8
3	0	3	3	210	3
0	1	0	1	230	3
2	1	4	2	274	32
1	0	5	3	66	8
0	3	0	1	91	4
2	1	4	2	175	8
2	1	3	2	182	4
2	3	5	2	141	32
3	0	5	3	81	32
3	0	1	3	93	4
2	0	7	3	264	4
0	2	0	1	85	3
2	3	3	2	101	4
2	0	1	3	269	32
1	3	4	2	120	3
3	1	7	2	85	4
1	2	5	2	10	4
2	0	6	3	61	32
3	1	6	2	94	8
1	2	4	2	114	8
2	3	7	2	38	8
3	1	6	2	304	4
1	0	7	3	139	4
1	3	6	2	11	32
0	2	0	1	279	3
1	3	7	2	79	3
0	1	0	1	48	8
0	2	0	1	239	8
3	0	3	3	140	3
1	3	7	2	9	8
2	1	3	2	259	3
3	1	7	2	77	32
3	2	2	2	60	32
1	3	4	2	5	32
1	2	5	2	302	8
3	0	2	3	17	3
0	2	0	1	242	4
0	3	0	1	200	3
2	0	3	3	38	8
2	1	1	2	197	32
0	1	0	1	242	4
1	3	1	2	203	32
1	3	7	2	1	8
3	2	6	2	69	32
0	2	0	1	205	3
3	2	5	2	48	3
1	3	4	2	23	32
3	0	4	3	68	8
3	1	1	2	290	8
1	2	3	2	111	32
0	1	0	1	123	4
2	0	7	3	7	3
2	1	1	2	272	3
3	2	7	2	56	4
1	0	7	3	272	8
2	3	6	2	21	8
0	1	0	1	53	4
2	1	2	2	299	4
2	1	6	2	292	3
3	2	2	2	68	8
1	2	4	2	66	3
0	2	0	1	102	32
3	1	2	2	43	8
2	3	7	2	42	4
3	1	3	2	205	8
2	3	5	2	170	3
3	1	2	2	81	4
2	1	2	2	243	3
1	0	1	3	48	8
2	1	5	2	10	32
1	0	5	3	302	3
0	1	0	1	153	32
1	2	1	2	33	8
1	0	6	3	60	3
0	2	0	1	38	32
3	2	5	2	309	8
3	0	3	3	130	32
3	0	2	3	185	4
0	2	0	1	315	4
3	0	1	3	285	3
2	0	3	3	4	3
2	1	4	2	162	3
2	0	7	3	223	8
3	2	5	2	52	3
0	2	0	1	12	8
1	2	2	2	217	32
1	3	3	2	66	4
2	1	4	2	247	3
0	1	0	1	122	32
1	0	4	3	131	4
3	2	3	2	164	32
1	0	1	3	289	3
1	2	1	2	228	8
3	2	1	2	155	8
2	3	2	2	186	3
1	3	5	2	172	32
1	2	1	2	301	3
1	2	1	2	127	8
3	1	7	2	140	32
3	1	3	2	273	4
2	0	1	3	126	32
2	1	1	2	183	4
2	0	6	3	275	8
1	2	5	2	302	8
3	1	3	2	67	3
1	3	1	2	201	4
3	2	7	2	15	32
0	3	0	1	36	32
0	3	0	1	233	8
2	1	3	2	141	32
0	3	0	1	72	32
2	0	6	3	166	8
2	3	5	2	99	8
0	1	0	1	86	3
2	3	3	2	15	8
0	3	0	1	162	32
1	2	6	2	90	8
0	3	0	1	24	32
3	1	5	2	139	8
1	3	5	2	313	3
1	0	7	3	248	3
3	2	6	2	311	4
0	2	0	1	87	3
0	2	0	1	164	32
0	2	0	1	155	3
0	1	0	1	65	8
1	3	5	2	118	32
1	3	3	2	260	32
1	3	5	2	177	32
2	3	3	2	41	8
2	0	6	3	139	3
2	0	1	3	114	4
2	1	7	2	149	8
3	1	7	2	44	8
1	2	4	2	74	8
0	3	0	1	37	3
0	2	0	1	25	3
1	0	1	3	275	4
1	3	3	2	221	8
0	3	0	1	166	4
3	2	6	2	28	4
2	1	1	2	235	3
1	0	1	3	47	4
0	3	0	1	73	32
3	0	1	3	122	3
1	2	7	2	55	3
1	3	5	2	149	4
2	0	1	3	28	32
0	1	0	1	281	3
0	1	0	1	100	3
1	2	3	2	294	4
3	0	5	3	280	8
2	3	3	2	3	3
2	0	7	3	207	4
2	1	1	2	271	3
0	1	0	1	68	32
3	2	1	2	199	8
1	0	6	3	109	32
0	3	0	1	81	4
1	3	4	2	112	32
1	3	7	2	84	4
1	0	4	3	24	4
1	3	7	2	254	32
0	2	0	1	99	3
3	2	1	2	226	3
1	3	3	2	163	4
2	0	3	3	205	32
2	0	3	3	206	3
0	3	0	1	64	32
0	3	0	1	176	32
3	2	6	2	120	8
0	3	0	1	235	32
0	2	0	1	207	3
2	3	2	2	48	8
3	2	1	2	162	32
3	0	4	3	119	4
0	2	0	1	301	8
2	0	3	3	43	8
1	0	7	3	236	4
0	3	0	1	298	3
3	1	7	2	197	3
2	3	7	2	222	4
2	3	7	2	71	8
0	3	0	1	61	32
1	3	6	2	208	3
0	1	0	1	72	32
0	1	0	1	230	4
2	3	2	2	195	4
0	1	0	1	91	32
2	1	6	2	24	8
0	1	0	1	211	32
1	0	5	3	41	4
0	1	0	1	191	3
3	1	3	2	121	8
0	1	0	1	18	32
0	2	0	1	89	32
0	2	0	1	248	3
2	1	7	2	23	3
2	3	6	2	54	3
1	2	7	2	76	4
2	0	2	3	29	4
1	3	6	2	119	32
0	3	0	1	192	8
0	2	0	1	172	3
2	1	1	2	84	3
0	3	0	1	77	3
2	1	4	2	160	8
1	2	4	2	58	8
2	1	1	2	110	32
2	0	3	3	106	32
2	1	3	2	11	3
0	3	0	1	140	4
3	1	1	2	285	3
3	1	1	2	104	32
2	0	2	3	27	8
3	2	5	2	18	32
0	3	0	1	240	4
3	1	1	2	162	4
2	0	7	3	87	4
2	0	7	3	240	32
1	0	7	3	231	4
3	0	3	3	106	32
3	2	7	2	123	3
2	1	5	2	131	3
2	0	3	3	231	4
2	3	1	2	135	3
0	3	0	1	232	32
1	2	2	2	154	32
0	2	0	1	54	32
3	2	6	2	153	32
1	0	7	3	275	3
3	2	6	2	307	8
2	1	6	2	223	32
3	0	1	3	166	8
3	0	1	3	13	8
3	1	3	2	160	3
1	2	4	2	213	3
1	2	3	2	192	32
0	1	0	1	254	4
3	0	3	3	98	32
0	1	0	1	262	4
0	1	0	1	72	8
2	1	6	2	219	8
1	3	2	2	58	3
0	1	0	1	71	32
1	2	5	2	197	8
2	3	1	2	11	32
3	1	6	2	27	4
3	0	5	3	299	4
0	1	0	1	47	3
2	1	6	2	181	4
1	3	6	2	103	8
0	2	0	1	297	8
1	0	7	3	134	4
0	1	0	1	306	4
2	1	5	2	32	8
3	2	5	2	221	8
0	3	0	1	162	32
0	3	0	1	257	32
2	0	7	3	283	3
0	1	0	1	15	4
0	2	0	1	24	3
0	2	0	1	73	8
2	3	7	2	21	32
3	0	5	3	260	32
0	1	0	1	144	4
0	2	0	1	119	4
1	0	6	3	39	3
0	3	0	1	13	3
2	1	4	2	46	4
0	2	0	1	288	32
3	1	6	2	271	8
3	2	7	2	192	32
2	0	7	3	288	8
0	1	0	1	65	32
2	1	1	2	82	3
3	2	4	2	202	8
3	2	1	2	242	4
3	2	5	2	117	4
3	0	1	3	101	32
0	3	0	1	253	3
0	2	0	1	292	4
1	2	1	2	249	8
0	2	0	1	90	3
2	3	7	2	273	32
1	3	7	2	35	3
0	3	0	1	316	3
3	0	2	3	209	8
2	3	2	2	146	8
3	0	2	3	216	8
2	0	1	3	51	8
0	1	0	1	262	4
1	3	5	2	98	3
3	2	7	2	70	3
1	0	5	3	207	8
1	2	3	2	285	3
2	3	7	2	134	4
3	1	1	2	269	4
0	2	0	1	20	8
2	0	7	3	216	4
1	2	1	2	49	3
1	2	7	2	156	3
3	0	4	3	249	4
2	3	5	2	244	3
2	0	2	3	6	8
2	3	1	2	249	3
0	1	0	1	231	32
3	2	6	2	61	3
2	0	1	3	238	32
3	1	6	2	150	32
2	1	5	2	304	3
2	3	3	2	247	32
1	0	7	3	229	4
2	1	1	2	185	3
0	3	0	1	117	8
1	2	1	2	19	4
0	3	0	1	89	4
0	1	0	1	38	32
2	3	5	2	67	4
1	3	1	2	28	32
2	1	3	2	68	32
0	3	0	1	192	32
2	1	1	2	287	8
0	2	0	1	168	32
2	0	3	3	158	8
1	0	1	3	272	4
2	1	2	2	104	3
2	0	1	3	267	8
0	1	0	1	79	4
2	0	3	3	180	8
3	0	3	3	148	3
0	1	0	1	22	32
3	0	4	3	246	32
3	2	1	2	67	8
0	1	0	1	51	8
2	0	6	3	279	3
0	3	0	1	105	32
0	3	0	1	309	3
0	1	0	1	91	3
3	0	1	3	191	32
3	0	3	3	257	8
3	1	2	2	238	32
0	3	0	1	218	4
1	0	4	3	178	8
0	3	0	1	40	4
0	2	0	1	192	32
3	0	1	3	88	32
1	2	5	2	215	32
2	1	2	2	89	3
1	2	2	2	278	32
2	1	5	2	122	4
3	0	1	3	200	32
0	2	0	1	205	3
2	0	1	3	176	3
3	1	2	2	223	4
2	0	3	3	250	8
3	2	2	2	138	4
3	0	2	3	95	3
2	3	2	2	284	32
2	1	6	2	234	8
3	1	6	2	38	8
1	0	4	3	126	3
2	3	7	2	202	32
2	1	1	2	226	3
0	1	0	1	161	3
3	2	5	2	127	3
2	1	6	2	281	3
2	1	4	2	54	3
0	3	0	1	153	32
1	2	5	2	248	4
3	2	1	2	132	8
2	1	7	2	175	8
1	0	1	3	146	32
2	0	7	3	60	3
0	2	0	1	21	3
0	3	0	1	26	32
2	0	7	3	285	3
1	2	1	2	107	3
0	3	0	1	82	8
2	1	4	2	36	4
0	1	0	1	167	4
0	1	0	1	274	4
1	3	4	2	31	4
1	0	6	3	32	32
3	1	6	2	80	8
2	0	3	3	209	8
2	3	3	2	208	3
3	0	5	3	119	8
0	2	0	1	304	3
3	1	5	2	140	3
1	2	4	2	314	4
3	1	4	2	209	32
0	3	0	1	114	32
3	2	6	2	104	32
3	2	3	2	131	8
2	1	6	2	41	8
1	0	7	3	257	3
2	1	4	2	250	8
3	0	3	3	210	32
0	3	0	1	86	8
1	2	4	2	103	4
3	0	1	3	283	3
2	3	7	2	102	32
3	1	6	2	189	32
0	1	0	1	89	32
2	3	3	2	306	3
0	3	0	1	126	32
2	3	6	2	126	3
3	1	2	2	111	4
3	2	5	2	280	3
1	0	6	3	89	32
3	2	1	2	173	4
1	0	7	3	2	4
1	2	1	2	93	4
0	1	0	1	152	4
2	0	2	3	76	3
1	2	1	2	126	8
1	3	7	2	251	4
2	3	3	2	233	3
3	1	3	2	202	4
1	0	5	3	111	3
0	1	0	1	264	32
3	1	4	2	272	8
3	2	7	2	287	8
1	3	4	2	231	3
2	1	7	2	81	4
0	1	0	1	242	3
1	3	1	2	317	3
0	3	0	1	290	4
3	2	3	2	150	8
1	3	4	2	49	8
3	2	6	2	231	32
2	3	4	2	132	8
1	2	3	2	31	4
2	0	2	3	4	3
2	1	5	2	162	8
3	1	2	2	119	32
2	3	5	2	160	8
0	1	0	1	67	32
1	0	6	3	147	4
0	2	0	1	128	32
1	0	7	3	241	8
3	1	5	2	51	3
0	1	0	1	58	3
3	1	7	2	210	3
0	2	0	1	202	32
1	3	4	2	15	32
3	2	4	2	223	32
2	0	6	3	113	8
1	2	1	2	57	32
2	1	3	2	46	4
0	3	0	1	199	3
0	3	0	1	133	4
0	3	0	1	162	3
1	2	1	2	281	3
1	2	1	2	171	8
2	3	6	2	304	8
2	0	1	3	265	8
2	0	1	3	9	3
1	0	4	3	120	4
1	2	6	2	68	32
1	0	1	3	252	4
2	0	6	3	136	8
2	0	7	3	32	32
0	2	0	1	262	3
1	2	2	2	117	3
1	0	6	3	147	3
2	3	2	2	110	4
0	2	0	1	101	8
3	1	5	2	158	8
2	0	3	3	185	3
0	2	0	1	233	3
1	2	7	2	201	32
2	3	3	2	73	8
0	2	0	1	200	8
2	0	2	3	288	4
0	1	0	1	266	8
2	1	7	2	157	4
3	2	2	2	177	3
1	3	5	2	114	8
3	0	4	3	157	4
2	0	6	3	245	4
1	3	1	2	276	4
2	3	7	2	283	3
3	2	2	2	293	3
0	2	0	1	67	8
0	2	0	1	58	3
0	2	0	1	116	8
2	0	3	3	20	8
2	1	2	2	104	4
3	1	7	2	153	4
2	3	1	2	291	3
1	0	4	3	10	8
0	3	0	1	54	8
0	3	0	1	244	32
3	0	3	3	264	32
1	0	1	3	63	4
2	0	1	3	91	8
2	0	3	3	132	3
1	3	3	2	169	3
0	2	0	1	224	4
3	0	1	3	193	32
1	2	4	2	160	32
1	2	2	2	225	32
1	3	3	2	226	4
0	3	0	1	58	32
0	3	0	1	279	32
3	0	4	3	11	8
2	0	7	3	254	8
0	1	0	1	54	4
0	2	0	1	136	8
0	2	0	1	217	4
3	1	5	2	82	32
3	0	4	3	267	8
0	3	0	1	214	8
2	1	2	2	69	4
0	2	0	1	220	32
3	2	1	2	269	3
3	1	2	2	222	32
2	0	6	3	45	4
0	3	0	1	225	8
1	3	3	2	40	32
1	3	2	2	254	4
3	1	7	2	221	4
3	1	6	2	13	3
3	2	6	2	181	8
0	1	0	1	177	4
3	2	3	2	153	8
2	0	3	3	233	3
2	0	6	3	239	8
1	2	6	2	138	8
3	1	6	2	243	3
0	1	0	1	44	4
2	1	3	2	11	4
3	2	2	2	198	32
1	3	6	2	17	3
2	3	7	2	278	3
3	1	1	2	110	32
3	1	2	2	74	32
1	2	3	2	268	4
0	2	0	1	211	4
0	2	0	1	281	3
0	2	0	1	203	3
1	0	1	3	7	32
3	1	2	2	172	32
3	2	6	2	135	8
2	0	7	3	266	32
1	0	5	3	198	3
1	0	1	3	118	3
1	3	6	2	163	32
2	3	6	2	87	3
1	0	7	3	130	3
3	1	4	2	238	4
1	0	7	3	285	3
0	1	0	1	23	4
2	0	7	3	218	8
1	0	5	3	295	3
1	3	3	2	295	8
2	1	5	2	152	8
0	2	0	1	40	32
1	2	4	2	21	3
1	3	5	2	118	3
0	3	0	1	177	8
1	0	6	3	143	32
0	3	0	1	127	3
1	3	1	2	48	3
0	1	0	1	161	32
1	0	7	3	21	4
1	0	4	3	294	4
0	1	0	1	109	8
3	0	1	3	37	8
1	2	1	2	164	32
3	0	1	3	175	4
3	2	3	2	77	4
1	3	7	2	5	8
2	1	7	2	79	8
2	3	6	2	187	32
0	3	0	1	19	4
0	3	0	1	228	8
1	2	4	2	315	4
2	1	3	2	218	8
0	2	0	1	272	32
1	2	4	2	10	32
3	2	2	2	225	4
1	2	1	2	196	32
1	3	5	2	143	4
2	0	1	3	62	4
0	1	0	1	114	3
1	0	1	3	261	3
1	2	2	2	196	3
3	1	1	2	2	8
2	1	3	2	105	3
2	1	6	2	243	32
1	2	4	2	94	8
1	3	6	2	192	8
1	2	7	2	22	4
2	1	1	2	223	32
1	0	4	3	105	4
2	3	2	2	44	32
3	1	3	2	271	8
2	3	4	2	210	32
2	0	2	3	51	32
2	1	7	2	83	32
2	1	5	2	27	4
1	3	2	2	245	4
3	1	3	2	152	3
3	0	2	3	124	32
3	1	5	2	98	4
0	2	0	1	241	8
2	1	6	2	156	3
2	3	4	2	213	4
3	0	1	3	260	3
3	1	4	2	191	3
3	1	1	2	249	4
3	2	6	2	100	4
2	0	1	3	14	3
2	3	1	2	96	3
1	2	6	2	14	32
2	0	2	3	193	3
2	1	3	2	253	3
2	0	1	3	136	4
1	0	5	3	155	3
2	1	6	2	158	4
3	0	2	3	37	3
1	0	5	3	293	4
3	2	2	2	270	8
2	0	1	3	266	4
0	1	0	1	242	8
3	0	3	3	160	4
0	2	0	1	38	4
3	1	1	2	55	3
2	1	4	2	61	32
2	0	2	3	261	32
0	1	0	1	151	32
0	3	0	1	216	32
3	1	4	2	129	4
2	3	6	2	100	4
2	3	5	2	12	32
0	3	0	1	225	3
1	2	4	2	203	4
1	2	6	2	140	3
0	1	0	1	19	32
1	2	4	2	123	3
0	1	0	1	226	32
1	2	1	2	68	32
0	3	0	1	186	3
3	0	5	3	90	8
3	1	2	2	130	4
3	1	3	2	165	4
0	1	0	1	93	8
2	3	1	2	8	4
1	3	3	2	286	8
3	0	4	3	56	4
2	0	1	3	73	32
1	3	3	2	244	8
1	2	3	2	195	3
0	1	0	1	10	32
0	1	0	1	145	8
3	0	3	3	1	32
2	3	4	2	68	3
3	1	6	2	130	3
2	3	6	2	152	8
2	3	6	2	146	3
2	1	1	2	6	32
3	1	6	2	226	3
2	0	7	3	36	4
0	2	0	1	156	3
0	3	0	1	183	32
2	3	5	2	30	3
0	2	0	1	200	4
2	3	6	2	90	4
2	1	2	2	210	32
2	1	3	2	264	32
2	3	1	2	302	8
1	0	4	3	155	32
1	2	5	2	188	32
3	2	1	2	32	3
3	2	1	2	175	4
3	2	2	2	260	8
3	0	3	3	112	32
2	0	3	3	122	8
3	1	3	2	141	8
1	3	7	2	298	8
1	3	4	2	15	8
2	3	1	2	196	32
1	3	4	2	280	4
1	2	7	2	248	4
3	2	4	2	191	3
1	0	6	3	260	4
0	1	0	1	128	4
2	3	2	2	100	32
3	0	5	3	39	4
0	2	0	1	228	4
0	1	0	1	44	32
0	1	0	1	215	8
0	2	0	1	88	4
0	3	0	1	198	8
3	1	3	2	258	4
2	1	5	2	204	3
2	1	5	2	229	3
2	3	6	2	135	4
0	3	0	1	91	4
2	0	2	3	282	3
0	1	0	1	93	3
1	3	4	2	249	8
0	3	0	1	80	32
2	0	2	3	136	32
3	1	6	2	101	3
1	3	5	2	25	4
1	0	6	3	298	4
3	0	4	3	290	8
2	3	3	2	143	8
1	0	5	3	138	32
1	2	2	2	108	3
3	1	4	2	279	3
3	1	3	2	173	8
1	3	7	2	71	4
1	2	3	2	137	32
2	0	1	3	246	8
2	3	5	2	230	8
3	0	2	3	196	4
2	1	2	2	72	3
0	3	0	1	198	8
0	2	0	1	219	4
1	2	4	2	157	3
2	1	7	2	42	4
3	0	4	3	81	8
2	1	7	2	286	4
2	0	3	3	160	32
2	3	7	2	64	32
0	2	0	1	81	4
0	1	0	1	179	32
3	1	6	2	71	3
0	1	0	1	66	3
2	1	7	2	192	3
0	3	0	1	182	4
0	3	0	1	278	4
1	2	1	2	188	4
0	1	0	1	219	8
1	3	2	2	80	4
0	3	0	1	293	4
0	1	0	1	88	4
1	2	1	2	43	4
3	0	2	3	44	3
0	3	0	1	128	3
1	2	5	2	21	32
1	2	3	2	65	4
0	2	0	1	275	8
3	1	4	2	268	3
2	3	4	2	201	32
2	1	7	2	12	3
0	2	0	1	31	8
1	2	2	2	241	3
2	1	1	2	53	32
2	1	1	2	197	4
2	0	2	3	236	8
2	1	6	2	144	8
2	0	3	3	131	4
0	3	0	1	163	8
3	0	3	3	84	4
1	0	1	3	142	4
1	0	6	3	143	3
2	3	3	2	250	8
2	1	1	2	270	32
0	3	0	1	303	4
2	3	4	2	45	4
0	1	0	1	245	3
1	2	4	2	272	32
1	2	4	2	69	8
1	2	1	2	58	32
0	1	0	1	0	32
2	1	7	2	114	4
3	1	6	2	252	3
1	0	4	3	311	4
1	2	3	2	145	32
3	0	3	3	96	4
1	2	7	2	279	3
1	3	2	2	294	8
2	1	5	2	121	32
0	3	0	1	123	4
3	1	3	2	152	32
2	0	7	3	61	4
1	3	3	2	168	32
0	2	0	1	28	8
3	1	6	2	69	3
0	1	0	1	149	3
1	2	5	2	94	3
1	3	7	2	217	8
3	0	2	3	114	8
1	0	4	3	169	8
0	1	0	1	109	8
1	2	5	2	216	3
1	0	4	3	122	8
2	3	4	2	274	4
3	0	1	3	69	32
2	3	7	2	105	8
1	3	7	2	281	3
2	1	5	2	63	32
3	1	6	2	138	32
2	3	7	2	38	32
0	2	0	1	120	8
3	0	3	3	5	4
3	2	7	2	230	4
2	3	4	2	11	32
1	2	7	2	100	32
1	0	1	3	89	4
1	2	6	2	236	4
1	3	5	2	46	8
1	2	5	2	124	32
2	1	5	2	249	32
2	1	3	2	108	4
2	3	3	2	80	32
0	2	0	1	83	3
2	1	7	2	79	4
3	2	1	2	134	4
0	3	0	1	140	3
3	0	2	3	98	3
3	1	2	2	147	3
1	2	6	2	13	32
3	0	4	3	186	32
3	0	3	3	29	8
3	2	7	2	87	4
1	3	7	2	182	8
3	2	3	2	229	32
3	0	2	3	247	4
2	3	2	2	203	3
3	2	2	2	233	32
0	3	0	1	207	4
2	0	3	3	149	8
0	3	0	1	264	8
3	1	7	2	91	8
1	2	5	2	113	8
2	0	7	3	298	8
1	2	3	2	82	8
3	0	2	3	277	32
3	0	5	3	156	4
3	2	4	2	105	8
3	1	2	2	230	4
1	0	5	3	23	32
2	0	1	3	58	3
3	1	7	2	253	8
0	1	0	1	66	32
2	0	6	3	136	4
3	1	4	2	92	3
0	1	0	1	223	4
1	2	6	2	141	4
1	3	3	2	13	32
2	3	2	2	212	32
0	1	0	1	11	4
2	0	2	3	102	3
0	3	0	1	241	4
0	3	0	1	144	3
0	3	0	1	51	32
0	3	0	1	164	32
1	3	1	2	290	3
3	2	1	2	214	3
1	2	6	2	121	3
0	2	0	1	164	8
2	0	6	3	101	32
2	3	1	2	89	3
1	0	5	3	198	8
2	0	7	3	58	32
3	1	1	2	95	8
3	0	3	3	11	8
1	2	4	2	213	4
2	0	2	3	242	3
2	3	4	2	109	4
1	0	1	3	219	8
1	3	5	2	219	32
1	0	4	3	42	4
2	0	6	3	34	3
2	0	6	3	46	8
1	3	3	2	250	3
0	2	0	1	88	32
2	0	7	3	193	4
1	3	2	2	64	8
3	1	5	2	279	32
1	0	7	3	287	3
1	2	7	2	6	4
2	1	3	2	151	3
1	2	4	2	287	3
3	0	4	3	57	4
3	0	4	3	304	8
1	2	5	2	155	3
3	1	5	2	246	4
0	2	0	1	262	32
3	1	7	2	299	8
3	1	2	2	111	8
1	0	1	3	104	8
1	2	5	2	213	3
2	0	6	3	66	3
1	0	5	3	233	3
3	0	2	3	278	8
0	2	0	1	278	8
2	0	2	3	35	3
3	2	3	2	140	4
2	3	5	2	144	4
3	2	3	2	224	4
3	1	6	2	218	8
1	3	2	2	168	8
0	1	0	1	59	32
0	3	0	1	170	4
2	0	3	3	312	3
0	2	0	1	92	8
3	1	7	2	125	4
2	1	4	2	10	8
3	1	4	2	146	8
1	2	1	2	68	4
1	2	2	2	111	3
3	1	1	2	313	4
1	2	2	2	15	3
0	2	0	1	155	8
1	3	6	2	292	8
0	2	0	1	112	3
1	3	5	2	213	32
3	0	1	3	251	8
1	0	5	3	45	8
1	0	5	3	247	32
3	2	5	2	49	32
3	0	2	3	31	4
2	0	2	3	309	3
2	3	7	2	167	32
2	1	3	2	53	4
1	0	4	3	5	32
3	0	4	3	2	3
1	3	7	2	180	8
2	1	2	2	94	3
0	1	0	1	92	32
3	0	4	3	79	4
0	2	0	1	258	32
3	1	1	2	18	8
0	2	0	1	59	4
0	1	0	1	279	32
3	2	4	2	36	32
0	2	0	1	258	32
2	1	2	2	21	8
2	0	3	3	109	32
2	0	7	3	292	4
0	1	0	1	94	3
1	3	2	2	307	8
1	0	4	3	213	8
3	0	1	3	297	8
2	1	4	2	191	4
3	2	1	2	41	3
1	3	3	2	41	32
3	1	4	2	182	4
0	2	0	1	40	8
3	2	6	2	216	4
3	0	2	3	40	32
2	0	6	3	87	32
2	1	2	2	241	32
2	3	5	2	36	8
2	1	6	2	64	32
0	2	0	1	160	32
0	3	0	1	207	32
1	2	1	2	33	8
3	2	4	2	269	8
2	3	5	2	124	32
0	3	0	1	262	4
1	3	6	2	261	3
1	0	6	3	265	3
3	1	5	2	150	8
2	3	7	2	128	32
2	3	6	2	277	32
2	3	1	2	121	4
1	2	4	2	299	4
0	1	0	1	241	8
1	2	5	2	64	32
0	2	0	1	195	3
2	3	7	2	228	3
1	2	2	2	240	3
2	0	3	3	92	32
3	2	7	2	48	3
3	1	3	2	199	4
2	3	1	2	105	3
2	0	7	3	118	4
2	1	4	2	253	4
2	0	1	3	30	8
0	3	0	1	238	32
3	1	6	2	80	32
2	0	7	3	166	4
1	3	7	2	195	4
2	3	4	2	32	32
1	2	5	2	153	8
0	3	0	1	149	4
1	2	2	2	15	32
2	1	5	2	105	8
3	1	7	2	31	3
3	2	5	2	1	32
0	3	0	1	112	3
2	0	6	3	133	3
3	0	2	3	3	8
0	1	0	1	50	8
2	3	2	2	199	3
1	3	6	2	302	3
0	1	0	1	65	4
3	0	1	3	211	3
3	1	4	2	297	3
3	1	7	2	107	8
0	2	0	1	190	3
3	1	5	2	301	3
2	3	2	2	286	32
0	1	0	1	246	3
3	2	4	2	274	32
1	2	6	2	44	3
3	0	5	3	35	3
3	0	5	3	170	4
0	1	0	1	267	8
1	2	7	2	212	32
2	1	1	2	200	32
2	0	2	3	301	3
2	1	2	2	25	3
0	2	0	1	93	4
3	0	2	3	187	3
0	2	0	1	25	3
0	2	0	1	206	3
3	2	4	2	96	32
3	1	7	2	217	32
1	0	6	3	178	3
1	2	1	2	242	3
2	0	2	3	276	4
0	2	0	1	236	8
3	2	4	2	216	32
3	0	1	3	28	3
1	2	3	2	75	8
1	2	3	2	46	3
2	0	3	3	316	3
2	3	1	2	208	4
1	2	5	2	245	32
1	0	6	3	293	4
2	0	3	3	249	4
1	2	2	2	287	8
1	0	6	3	179	4
3	0	5	3	44	4
2	3	6	2	5	4
3	1	7	2	66	3
3	2	2	2	70	4
1	2	5	2	231	4
2	0	6	3	118	32
3	0	3	3	269	4
2	0	1	3	65	4
2	0	3	3	207	4
2	3	1	2	280	3
2	1	2	2	57	32
0	3	0	1	252	8
0	1	0	1	278	3
2	3	6	2	248	4
3	0	4	3	173	3
2	0	7	3	67	4
0	3	0	1	39	8
3	0	1	3	257	4
0	3	0	1	12	4
0	3	0	1	55	8
2	3	1	2	81	32
1	2	6	2	155	32
2	3	7	2	13	32
1	2	2	2	305	8
1	2	7	2	177	4
3	1	3	2	125	32
0	3	0	1	91	3
3	2	2	2	53	32
3	0	5	3	154	4
2	3	1	2	198	3
2	3	6	2	49	4
3	0	4	3	89	32
2	0	3	3	15	4
0	3	0	1	305	4
2	0	1	3	59	4
2	3	1	2	150	8
1	3	7	2	125	32
3	0	1	3	22	32
1	2	7	2	80	8
2	1	6	2	7	4
3	2	4	2	216	32
0	1	0	1	69	4
3	0	5	3	134	8
2	0	3	3	180	8
2	3	5	2	115	3
3	0	3	3	221	4
3	0	2	3	9	3
1	0	1	3	2	4
3	0	3	3	62	3
2	1	7	2	220	3
0	3	0	1	244	8
0	1	0	1	175	4
1	2	6	2	131	4
2	1	6	2	204	4
0	2	0	1	76	32
1	0	6	3	68	8
2	1	2	2	57	4
3	1	1	2	54	8
3	2	4	2	199	32
3	0	4	3	102	3
2	0	3	3	36	3
3	1	4	2	140	8
3	2	3	2	103	4
1	3	2	2	24	4
1	3	2	2	136	3
0	3	0	1	18	4
0	3	0	1	290	8
2	3	5	2	42	32
1	0	5	3	22	3
2	1	4	2	16	3
0	1	0	1	299	4
0	1	0	1	168	4
2	3	5	2	219	32
3	1	2	2	68	32
0	1	0	1	157	8
3	0	2	3	271	8
2	1	4	2	148	32
1	0	4	3	297	4
1	3	5	2	203	3
3	1	4	2	279	8
2	0	1	3	262	32
3	2	1	2	32	3
0	2	0	1	232	32
0	1	0	1	295	4
1	3	2	2	174	8
2	3	4	2	21	8
0	2	0	1	229	4
3	1	7	2	19	8
0	1	0	1	90	8
2	3	4	2	161	8
1	2	5	2	179	4
1	0	5	3	68	4
2	1	2	2	265	3
0	3	0	1	18	3
0	1	0	1	298	4
2	3	3	2	129	32
3	2	5	2	259	8
1	2	5	2	31	8
2	1	1	2	195	32
1	2	4	2	93	8
3	2	6	2	168	32
2	1	1	2	209	8
3	2	1	2	111	32
3	1	5	2	132	32
0	2	0	1	298	8
2	1	7	2	269	3
2	0	7	3	129	32
1	2	5	2	53	3
0	3	0	1	4	3
0	3	0	1	147	8
2	3	3	2	201	3
2	3	4	2	117	32
1	2	6	2	277	3
1	2	4	2	112	4
2	3	5	2	4	8
2	1	7	2	221	3
1	0	1	3	234	32
1	3	2	2	189	4
3	0	5	3	236	32
3	1	3	2	149	8
0	3	0	1	80	4
0	3	0	1	22	32
3	2	7	2	191	32
2	0	3	3	273	3
2	0	3	3	256	32
0	3	0	1	71	8
3	2	2	2	158	3
0	3	0	1	120	4
1	3	1	2	14	32
0	3	0	1	248	4
1	2	6	2	231	8
3	0	4	3	143	3
1	3	4	2	75	32
1	3	7	2	8	3
2	1	3	2	96	8
2	0	7	3	180	4
2	1	3	2	92	3
3	2	6	2	14	4
3	1	2	2	156	3
3	1	2	2	229	8
2	3	7	2	110	4
3	2	5	2	128	3
3	1	7	2	56	32
1	2	7	2	288	8
1	3	2	2	88	8
2	3	6	2	169	4
1	0	5	3	218	4
1	0	7	3	215	32
3	2	7	2	179	32
3	1	5	2	46	32
2	0	2	3	255	32
1	2	3	2	168	3
2	1	7	2	270	3
2	3	3	2	210	8
1	3	1	2	180	32
3	0	1	3	179	3
0	3	0	1	55	32
2	0	1	3	310	3
2	3	6	2	147	32
3	0	1	3	194	3
3	1	4	2	300	8
3	2	5	2	129	8
3	1	7	2	77	4
0	2	0	1	10	3
0	2	0	1	235	32
3	1	5	2	155	4
1	0	7	3	101	32
3	2	5	2	44	4
3	1	7	2	104	32
2	3	1	2	7	32
0	2	0	1	140	3
2	1	7	2	158	8
1	2	5	2	19	32
1	3	4	2	186	32
2	0	6	3	276	4
2	1	1	2	77	32
1	0	5	3	50	8
1	2	3	2	175	32
1	3	7	2	33	3
0	3	0	1	40	3
2	0	1	3	135	32
3	1	2	2	149	8
0	3	0	1	258	8
1	3	4	2	197	3
2	1	4	2	8	3
1	0	5	3	269	8
1	0	7	3	133	4
0	3	0	1	250	32
3	1	5	2	208	4
1	2	1	2	177	3
0	1	0	1	186	8
3	2	6	2	208	32
0	1	0	1	199	3
1	3	4	2	244	4
2	3	3	2	258	3
2	0	6	3	240	4
2	1	7	2	126	4
1	0	4	3	164	4
0	3	0	1	92	3
2	0	6	3	217	3
1	2	5	2	265	8
1	0	6	3	298	8
2	0	2	3	99	3
1	3	5	2	258	4
2	0	2	3	158	3
2	0	6	3	102	3
3	1	5	2	109	3
3	0	2	3	209	3
3	1	7	2	232	8
3	0	5	3	84	3
3	0	1	3	180	3
2	3	4	2	29	4
3	0	4	3	55	4
1	3	7	2	226	32
3	1	6	2	235	8
2	3	7	2	97	8
2	3	4	2	77	4
2	0	3	3	266	3
1	3	6	2	135	3
0	1	0	1	223	4
0	1	0	1	183	8
3	2	6	2	45	3
3	0	3	3	244	3
2	0	6	3	243	3
2	3	1	2	307	4
2	1	3	2	257	8
3	1	6	2	80	4
3	1	3	2	12	4
3	0	5	3	108	4
3	2	2	2	157	32
0	3	0	1	196	4
2	1	7	2	118	3
1	3	3	2	34	32
3	0	1	3	249	8
3	1	4	2	270	3
3	2	7	2	111	32
0	2	0	1	95	3
1	2	3	2	113	8
0	2	0	1	97	4
1	0	4	3	199	32
2	0	1	3	59	3
2	1	2	2	205	8
0	1	0	1	57	3
0	3	0	1	180	4
0	2	0	1	41	4
0	1	0	1	24	32
3	2	4	2	248	3
1	0	1	3	122	3
1	0	1	3	15	3
3	2	4	2	10	32
0	3	0	1	190	32
1	3	4	2	178	32
0	3	0	1	164	32
3	2	6	2	134	4
0	2	0	1	9	8
2	1	5	2	164	32
2	3	2	2	226	3
1	2	4	2	85	3
0	2	0	1	43	4
2	3	4	2	174	3
3	2	4	2	184	4
0	3	0	1	60	4
3	0	5	3	226	3
2	3	3	2	69	32
2	3	4	2	261	32
0	2	0	1	252	32
0	1	0	1	146	3
3	1	1	2	50	3
2	1	3	2	74	4
0	3	0	1	246	3
1	0	7	3	67	8
2	3	6	2	18	4
3	0	3	3	284	32
1	3	7	2	248	4
0	2	0	1	85	8
2	1	6	2	198	32
3	1	4	2	198	32
1	0	7	3	280	3
2	1	3	2	120	4
2	0	7	3	83	4
0	3	0	1	122	8
1	2	6	2	194	32
2	0	7	3	90	32
0	2	0	1	92	8
3	1	2	2	72	8
0	1	0	1	222	3
1	0	6	3	217	4
2	1	2	2	172	4
0	1	0	1	257	8
1	0	4	3	1	3
2	3	7	2	60	4
2	0	2	3	14	8
1	3	7	2	58	3
2	1	7	2	268	4
1	2	2	2	14	3
3	2	2	2	257	3
1	0	7	3	137	8
2	3	3	2	248	4
3	2	2	2	285	3
3	2	1	2	190	3
0	3	0	1	238	8
3	0	4	3	199	32
0	3	0	1	248	4
1	0	6	3	69	4
0	1	0	1	56	4
3	2	5	2	111	32
0	1	0	1	70	3
2	3	1	2	123	3
1	2	1	2	9	8
1	0	7	3	102	8
3	1	3	2	193	32
3	2	3	2	133	8
3	2	4	2	213	32
0	2	0	1	138	3
0	2	0	1	145	4
0	3	0	1	142	3
1	2	4	2	85	3
3	0	4	3	313	3
2	1	5	2	204	3
0	1	0	1	41	8
2	3	3	2	156	8
3	0	5	3	181	8
1	0	5	3	278	32
2	1	6	2	201	4
2	0	6	3	89	3
1	0	6	3	222	8
2	3	4	2	240	32
0	2	0	1	205	4
0	2	0	1	6	3
2	3	4	2	284	3
3	2	3	2	36	32
2	1	7	2	105	3
3	1	6	2	238	8
1	3	3	2	188	32
2	0	2	3	286	3
0	3	0	1	70	3
3	0	5	3	152	4
0	1	0	1	215	8
2	1	3	2	93	8
1	3	7	2	97	32
0	2	0	1	261	3
1	3	4	2	261	4
3	2	4	2	100	3
3	2	7	2	149	4
1	3	1	2	12	32
1	0	4	3	115	32
2	0	2	3	118	3
3	0	4	3	62	8
1	3	4	2	244	3
0	2	0	1	266	4
0	2	0	1	250	4
3	2	6	2	30	4
0	2	0	1	170	32
0	1	0	1	101	32
0	1	0	1	164	4
1	0	6	3	29	4
3	0	4	3	239	3
3	1	4	2	20	32
0	3	0	1	48	8
3	1	2	2	149	32
2	1	1	2	221	4
0	2	0	1	83	3
1	0	4	3	81	4
1	2	2	2	17	8
0	3	0	1	227	32
3	0	4	3	57	4
2	3	3	2	154	8
2	3	5	2	242	3
1	2	7	2	77	4
1	2	1	2	52	8
3	2	7	2	54	4
1	0	4	3	63	32
2	1	6	2	114	4
2	1	7	2	49	32
0	2	0	1	137	3
0	1	0	1	105	32
0	1	0	1	73	4
1	2	2	2	245	3
0	1	0	1	289	4
0	2	0	1	33	32
3	1	5	2	212	32
1	3	2	2	163	32
2	0	6	3	23	32
1	3	7	2	208	3
0	1	0	1	94	32
2	1	7	2	47	3
3	1	3	2	150	8
1	2	4	2	312	4
1	3	1	2	61	32
0	3	0	1	50	4
2	1	2	2	164	8
0	3	0	1	296	4
2	0	7	3	199	3
3	1	3	2	177	3
0	3	0	1	208	3
0	3	0	1	121	4
2	0	2	3	141	8
0	1	0	1	112	8
0	2	0	1	8	4
2	3	3	2	59	32
1	3	1	2	90	4
2	3	6	2	65	4
2	1	1	2	38	32
1	0	1	3	125	4
1	0	4	3	251	4
0	3	0	1	304	4
0	2	0	1	95	3
1	3	3	2	255	4
3	0	3	3	232	4
3	2	6	2	19	32
0	3	0	1	119	32
2	1	7	2	78	32
3	0	4	3	191	3
0	3	0	1	133	8
2	1	3	2	226	4
2	3	1	2	54	8
1	3	3	2	39	32
3	1	4	2	5	3
3	2	3	2	158	3
0	3	0	1	4	8
2	1	3	2	204	32
1	0	7	3	312	8
0	1	0	1	158	8
1	0	7	3	35	3
0	3	0	1	148	3
2	3	2	2	24	8
0	3	0	1	246	3
3	0	2	3	196	3
2	1	1	2	274	8
3	2	5	2	190	32
3	0	1	3	144	4
3	1	4	2	255	32
1	2	6	2	130	3
0	3	0	1	239	4
2	0	1	3	279	4
1	0	1	3	260	32
2	1	4	2	181	32
3	1	6	2	145	8
2	1	2	2	175	3
3	2	1	2	55	8
3	0	2	3	85	3
1	3	7	2	281	4
1	2	5	2	16	32
0	1	0	1	291	8
3	0	3	3	38	8
1	3	6	2	183	4
3	0	1	3	96	4
3	1	5	2	166	8
2	1	5	2	29	32
1	3	4	2	85	8
2	1	5	2	62	3
0	1	0	1	108	32
3	0	2	3	162	3
1	0	1	3	141	8
2	0	2	3	107	3
3	1	5	2	71	32
2	0	1	3	200	4
1	0	7	3	59	3
2	0	3	3	158	32
3	2	7	2	219	4
1	3	6	2	79	4
3	0	5	3	219	8
2	3	6	2	0	8
0	2	0	1	157	32
1	2	5	2	174	4
1	2	1	2	160	3
1	2	2	2	239	4
3	1	3	2	176	8
0	2	0	1	89	4
3	1	1	2	208	3
0	2	0	1	239	32
1	0	6	3	245	4
0	3	0	1	266	3
3	2	5	2	142	8
2	0	1	3	74	4
1	0	6	3	226	32
0	1	0	1	138	32
1	0	6	3	23	4
2	3	3	2	233	4
1	2	1	2	280	3
2	0	6	3	210	4
3	2	6	2	228	4
1	3	6	2	250	4
0	1	0	1	237	8
0	2	0	1	187	3
2	1	3	2	77	32
0	3	0	1	32	32
1	0	7	3	106	3
0	1	0	1	107	8
3	0	4	3	258	3
1	3	1	2	62	32
2	0	1	3	105	32
0	1	0	1	200	32
1	2	5	2	107	8
2	3	2	2	236	32
0	3	0	1	245	4
0	2	0	1	190	3
0	2	0	1	34	3
1	3	2	2	119	4
1	0	6	3	254	32
3	1	4	2	70	32
1	0	1	3	262	4
2	1	5	2	74	3
0	3	0	1	245	4
0	2	0	1	182	4
2	0	2	3	293	4
1	2	5	2	104	3
1	2	5	2	193	8
2	0	2	3	222	3
1	3	5	2	266	8
0	1	0	1	132	8
3	1	5	2	188	8
1	2	2	2	15	3
0	1	0	1	124	4
3	2	6	2	159	3
2	1	4	2	63	8
3	0	5	3	298	4
0	3	0	1	203	3
2	1	4	2	138	3
2	0	6	3	215	8
2	0	1	3	236	4
0	1	0	1	134	32
2	3	5	2	55	32
2	0	7	3	37	32
1	3	5	2	216	8
0	2	0	1	211	8
0	3	0	1	63	32
2	3	7	2	127	3
1	2	4	2	287	32
0	3	0	1	236	8
3	1	1	2	90	8
1	3	3	2	51	4
2	1	5	2	177	8
3	1	2	2	22	3
1	0	7	3	206	8
0	2	0	1	198	4
3	2	2	2	205	3
1	3	7	2	141	3
2	0	6	3	55	8
2	0	7	3	193	3
1	2	2	2	78	8
0	2	0	1	201	3
0	2	0	1	137	4
3	2	6	2	312	8
2	3	6	2	57	32
1	0	6	3	1	8
2	0	2	3	104	4
3	2	7	2	288	8
1	0	5	3	137	8
3	2	1	2	60	3
3	1	5	2	119	4
3	0	5	3	277	32
1	3	5	2	239	4
3	2	4	2	75	8
2	3	5	2	24	8
2	1	7	2	90	32
1	0	4	3	203	4
0	1	0	1	124	32
3	2	5	2	18	32
0	2	0	1	73	3
3	1	5	2	256	3
3	1	1	2	208	3
0	1	0	1	47	4
3	2	2	2	286	3
2	1	6	2	84	4
2	0	2	3	81	8
3	1	2	2	265	3
3	0	4	3	134	3
3	0	5	3	132	32
3	0	1	3	56	3
3	1	5	2	133	3
0	3	0	1	77	8
0	1	0	1	265	8
0	2	0	1	160	4
3	1	1	2	32	8
2	0	7	3	281	8
0	1	0	1	85	32
2	1	6	2	219	4
0	2	0	1	124	8
0	3	0	1	273	3
2	1	6	2	226	8
0	1	0	1	264	32
1	0	4	3	158	8
1	3	3	2	102	8
3	0	5	3	255	4
1	0	5	3	118	32
3	0	2	3	260	32
3	0	3	3	233	4
0	2	0	1	229	4
0	3	0	1	68	3
0	2	0	1	54	4
3	1	5	2	204	32
2	3	6	2	215	32
2	0	3	3	299	8
2	1	7	2	161	32
1	2	2	2	281	3
0	2	0	1	220	3
3	1	5	2	32	4
0	2	0	1	233	3
3	1	2	2	58	8
2	0	7	3	190	3
0	1	0	1	112	8
2	0	2	3	101	3
3	2	5	2	133	4
2	1	7	2	158	32
0	1	0	1	15	3
2	0	6	3	137	4
2	0	2	3	184	3
1	2	7	2	312	4
0	3	0	1	279	3
0	1	0	1	79	4
3	1	7	2	301	8
2	1	2	2	181	8
1	2	1	2	185	8
0	1	0	1	58	32
1	0	7	3	25	8
3	2	6	2	95	3
1	2	1	2	43	4
0	3	0	1	45	3
1	3	6	2	155	32
3	0	2	3	13	8
2	0	2	3	282	4
3	0	1	3	87	4
0	3	0	1	288	3
0	3	0	1	7	4
2	0	2	3	98	4
2	1	1	2	85	32
0	2	0	1	11	32
0	3	0	1	60	3
0	2	0	1	43	3
2	0	7	3	205	3
2	3	1	2	229	3
1	2	5	2	22	3
1	3	7	2	78	8
0	3	0	1	141	4
2	0	2	3	204	3
0	3	0	1	274	32
1	2	3	2	239	3
2	3	2	2	18	32
2	3	3	2	70	32
2	1	3	2	269	32
1	2	7	2	205	8
3	0	3	3	207	32
2	0	3	3	61	8
1	3	6	2	108	8
2	0	1	3	127	4
1	0	5	3	33	8
0	2	0	1	223	3
0	2	0	1	142	4
1	2	6	2	104	32
3	2	2	2	148	32
3	0	3	3	259	3
1	3	5	2	143	8
1	2	1	2	181	4
3	1	5	2	189	3
3	0	4	3	221	4
3	2	4	2	75	32
3	1	6	2	0	32
0	1	0	1	189	4
2	1	6	2	205	8
3	1	6	2	161	8
3	0	4	3	17	8
3	1	1	2	42	32
3	2	2	2	12	8
2	1	4	2	192	32
3	0	4	3	163	4
2	1	7	2	102	8
3	2	1	2	310	4
1	0	7	3	208	4
0	3	0	1	25	32
3	2	1	2	269	4
3	0	3	3	98	4
1	2	4	2	278	8
0	2	0	1	285	4
0	3	0	1	236	4
0	3	0	1	117	8
1	3	2	2	87	3
3	1	4	2	23	4
2	1	4	2	312	4
0	1	0	1	117	8
0	2	0	1	195	8
3	0	5	3	265	32
2	1	7	2	262	8
1	2	5	2	32	32
3	2	5	2	48	4
1	3	5	2	246	8
1	2	6	2	4	4
2	3	2	2	105	4
2	1	2	2	246	4
1	3	4	2	268	4
0	1	0	1	252	4
3	2	2	2	22	4
1	0	6	3	163	8
3	1	6	2	20	8
3	1	3	2	232	32
3	2	7	2	62	8
2	1	4	2	70	4
3	0	2	3	40	8
1	3	4	2	118	4
0	3	0	1	214	4
0	2	0	1	312	3
2	1	3	2	204	3
3	0	4	3	83	3
1	3	1	2	28	32
1	0	6	3	82	4
3	2	3	2	136	3
2	0	7	3	298	4
3	0	5	3	90	8
3	2	5	2	261	8
0	2	0	1	302	8
3	2	7	2	192	3
0	3	0	1	41	4
0	1	0	1	61	3
1	0	1	3	15	8
1	2	2	2	202	3
1	0	6	3	140	8
2	0	7	3	307	8
3	2	2	2	53	32
0	2	0	1	239	3
0	1	0	1	266	3
1	2	2	2	254	4
1	0	7	3	248	4
2	1	6	2	161	4
3	0	2	3	233	32
0	1	0	1	7	8
1	3	2	2	158	32
2	3	2	2	308	8
0	3	0	1	30	8
2	0	7	3	146	4
2	3	6	2	245	32
1	2	2	2	10	8
1	3	3	2	133	8
1	2	4	2	68	4
3	2	1	2	190	32
3	2	7	2	12	32
0	1	0	1	40	32
3	0	4	3	84	4
2	3	2	2	71	3
3	0	4	3	202	3
1	0	6	3	206	3
3	2	2	2	21	8
1	2	5	2	138	4
3	1	6	2	104	32
0	1	0	1	209	32
3	1	7	2	306	4
1	2	4	2	276	3
3	1	7	2	174	32
2	1	2	2	21	8
0	3	0	1	173	32
0	2	0	1	229	3
0	3	0	1	27	3
0	3	0	1	262	32
1	2	5	2	283	3
1	3	5	2	171	32
3	0	4	3	38	8
2	0	2	3	85	32
0	2	0	1	206	32
3	1	2	2	226	32
3	1	3	2	235	4
3	1	4	2	278	8
3	0	2	3	92	32
0	1	0	1	79	3
0	3	0	1	216	32
3	2	7	2	56	4
1	2	4	2	147	4
2	1	1	2	34	32
0	1	0	1	216	3
3	0	3	3	14	3
3	2	6	2	131	8
3	2	7	2	309	3
2	1	5	2	45	8
2	1	1	2	45	32
0	3	0	1	263	32
3	1	5	2	137	32
2	1	3	2	257	32
3	1	4	2	159	3
3	2	2	2	211	4
2	1	1	2	198	8
2	0	6	3	92	3
0	1	0	1	312	4
1	3	7	2	105	8
3	1	7	2	100	8
0	3	0	1	251	8
2	3	3	2	271	4
0	2	0	1	241	4
1	3	6	2	12	8
1	3	4	2	160	32
2	0	1	3	123	8
3	1	2	2	222	8
3	0	5	3	231	4
0	1	0	1	1	4
1	2	4	2	302	3
1	3	3	2	0	8
2	3	3	2	11	8
1	3	4	2	239	3
1	2	5	2	159	8
3	0	3	3	287	4
0	2	0	1	55	4
2	1	4	2	214	32
0	2	0	1	242	3
0	1	0	1	8	8
2	0	7	3	20	3
3	0	3	3	199	4
3	2	6	2	300	8
3	0	1	3	168	3
1	0	6	3	32	8
1	2	5	2	287	4
0	2	0	1	90	32
2	3	7	2	27	4
0	1	0	1	285	32
2	3	5	2	60	32
1	3	1	2	276	4
0	3	0	1	219	3
2	1	2	2	254	8
1	0	7	3	287	8
2	3	6	2	171	8
3	1	6	2	201	32
0	2	0	1	68	32
1	2	6	2	19	4
1	0	7	3	142	4
3	2	6	2	143	4
0	1	0	1	22	32
3	0	4	3	76	8
2	0	1	3	255	32
3	1	4	2	210	3
3	0	4	3	89	8
3	1	5	2	103	4
0	1	0	1	158	3
1	0	1	3	123	3
3	0	3	3	235	32
1	2	2	2	48	8
3	1	4	2	159	4
1	0	4	3	240	8
1	2	7	2	50	3
3	1	4	2	236	8
2	1	1	2	196	32
1	3	6	2	174	4
1	2	3	2	39	4
0	3	0	1	140	3
3	2	6	2	162	4
0	3	0	1	242	3
2	1	4	2	266	3
2	0	2	3	54	32
2	3	4	2	136	8
3	1	3	2	176	8
0	2	0	1	253	3
2	0	1	3	177	8
3	1	3	2	39	8
1	2	3	2	126	32
2	0	1	3	137	4
2	0	3	3	11	8
2	1	3	2	96	3
3	2	5	2	289	3
1	2	6	2	269	4
0	2	0	1	194	32
0	3	0	1	22	32
1	2	6	2	82	8
0	2	0	1	108	32
3	0	1	3	227	8
1	3	3	2	121	4
0	3	0	1	6	32
2	3	7	2	141	3
1	3	6	2	24	4
1	2	3	2	303	3
1	0	4	3	303	4
0	3	0	1	293	8
3	1	6	2	237	4
2	1	5	2	159	4
0	2	0	1	281	4
3	1	6	2	64	4
0	3	0	1	297	3
1	0	4	3	266	8
0	3	0	1	137	8
1	3	1	2	106	32
2	1	5	2	253	4
2	3	2	2	38	8
0	1	0	1	219	8
3	1	3	2	230	4
2	3	4	2	283	32
3	1	5	2	239	3
0	1	0	1	89	32
0	3	0	1	161	4
3	0	2	3	218	4
1	0	5	3	119	8
2	1	4	2	252	4
1	0	6	3	49	32
1	2	7	2	166	3
1	2	4	2	264	4
3	1	7	2	217	3
2	0	1	3	99	4
1	3	3	2	62	3
3	2	5	2	134	3
0	3	0	1	104	32
0	3	0	1	81	8
0	3	0	1	200	3
2	1	4	2	259	4
2	1	5	2	190	32
2	3	1	2	278	32
3	2	2	2	125	32
1	3	7	2	278	4
2	3	1	2	227	8
1	3	1	2	248	8
1	2	3	2	202	32
2	0	1	3	168	3
1	0	6	3	30	32
0	1	0	1	101	3
0	3	0	1	186	8
1	2	6	2	154	8
0	2	0	1	117	4
0	1	0	1	48	4
3	2	5	2	100	4
1	2	4	2	27	4
1	2	3	2	214	8
0	2	0	1	110	3
3	0	1	3	107	4
1	0	7	3	278	32
3	2	4	2	279	4
1	3	1	2	202	8
0	1	0	1	94	8
3	2	5	2	232	4
1	2	4	2	237	4
0	2	0	1	96	4
2	1	2	2	112	8
0	1	0	1	66	4
3	2	2	2	267	32
1	2	6	2	269	4
1	3	1	2	193	3
0	1	0	1	295	4
2	1	4	2	186	4
2	0	2	3	126	3
0	3	0	1	183	32
2	0	2	3	250	32
0	3	0	1	270	3
0	2	0	1	84	3
2	3	3	2	137	4
2	1	2	2	38	3
1	0	1	3	22	4
3	0	2	3	72	32
1	3	4	2	147	8
1	0	6	3	137	4
1	0	7	3	295	8
2	1	2	2	243	8
3	1	3	2	151	32
2	3	7	2	283	3
0	3	0	1	233	3
2	0	7	3	4	32
0	3	0	1	5	8
2	3	5	2	307	8
0	2	0	1	3	8
2	0	7	3	266	3
1	0	6	3	12	32
3	0	5	3	172	3
2	1	2	2	205	4
3	2	5	2	18	8
1	2	6	2	80	3
3	0	4	3	99	3
0	2	0	1	313	3
0	1	0	1	202	8
0	3	0	1	188	4
0	1	0	1	147	32
2	3	1	2	17	3
2	3	3	2	237	32
3	1	3	2	255	32
0	2	0	1	23	32
0	2	0	1	44	3
3	0	3	3	271	4
0	1	0	1	22	8
2	0	2	3	116	3
0	1	0	1	86	32
1	2	7	2	281	4
1	0	4	3	9	8
3	1	7	2	207	3
0	1	0	1	189	8
1	0	1	3	138	32
0	1	0	1	263	4
3	2	5	2	60	32
3	0	3	3	277	32
3	2	3	2	161	3
3	2	2	2	42	3
0	1	0	1	242	3
0	3	0	1	109	4
0	1	0	1	84	32
1	3	2	2	245	3
1	0	6	3	283	3
3	2	4	2	55	4
1	2	3	2	211	32
2	0	3	3	261	3
0	3	0	1	269	32
2	1	1	2	206	3
1	3	1	2	272	3
3	1	2	2	234	8
0	1	0	1	123	4
3	0	1	3	136	4
2	0	3	3	58	3
3	2	6	2	135	32
2	3	7	2	145	8
1	0	6	3	179	4
0	1	0	1	115	3
2	1	5	2	5	3
1	2	1	2	235	3
3	0	3	3	113	32
2	3	2	2	17	32
3	2	7	2	62	8
3	0	5	3	85	32
0	3	0	1	73	32
1	0	5	3	17	3
2	0	3	3	83	3
3	2	7	2	38	32
0	1	0	1	204	8
3	0	4	3	305	4
0	3	0	1	260	3
3	1	5	2	206	8
2	3	4	2	181	32
0	1	0	1	187	4
2	0	2	3	100	4
0	1	0	1	138	3
1	3	1	2	61	4
2	3	3	2	19	3
3	0	3	3	47	3
1	3	5	2	108	8
3	1	1	2	176	8
2	0	6	3	51	32
2	3	4	2	279	8
3	0	4	3	218	8
1	0	6	3	109	32
3	0	2	3	118	4
0	3	0	1	131	32
1	3	1	2	146	8
1	2	3	2	223	4
2	3	3	2	142	32
2	1	5	2	273	4
2	3	3	2	100	32
2	0	2	3	87	32
2	1	4	2	37	8
0	3	0	1	198	4
2	1	6	2	278	4
2	0	2	3	220	32
1	0	1	3	243	3
0	3	0	1	248	4
0	3	0	1	87	3
2	3	3	2	307	4
1	2	7	2	165	3
3	0	3	3	261	32
3	0	4	3	69	32
0	2	0	1	106	3
2	3	2	2	137	32
1	0	4	3	193	3
1	0	7	3	141	4
0	1	0	1	10	8
3	1	3	2	29	8
3	1	6	2	313	3
0	3	0	1	249	32
1	2	3	2	135	3
3	1	1	2	77	4
2	1	3	2	268	3
1	0	7	3	182	32
2	1	6	2	3	8
3	1	3	2	88	3
1	2	7	2	98	32
1	0	5	3	42	8
3	0	3	3	139	32
2	3	4	2	252	32
0	2	0	1	312	8
2	3	4	2	192	4
0	3	0	1	72	3
3	0	2	3	73	4
0	1	0	1	312	8
2	1	3	2	120	3
0	1	0	1	173	4
1	0	6	3	254	3
0	2	0	1	163	32
0	1	0	1	145	4
1	0	7	3	56	4
0	3	0	1	184	8
0	3	0	1	276	4
3	0	3	3	68	8
3	0	2	3	108	4
1	2	3	2	42	8
0	1	0	1	188	8
1	2	7	2	299	3
1	0	6	3	273	3
2	0	6	3	16	3
1	0	1	3	165	4
0	2	0	1	310	8
0	2	0	1	190	3
3	1	7	2	297	4
0	2	0	1	9	32
2	1	5	2	46	4
1	2	6	2	11	4
0	3	0	1	49	32
2	1	2	2	153	32
0	3	0	1	148	4
0	3	0	1	113	3
2	0	2	3	237	4
1	0	6	3	65	4
2	0	7	3	219	3
1	0	5	3	53	32
1	2	5	2	107	3
2	0	3	3	202	4
3	2	7	2	80	32
1	2	6	2	129	32
1	2	1	2	126	32
3	2	3	2	88	32
3	2	5	2	35	4
3	1	6	2	198	8
3	0	1	3	112	3
3	0	1	3	11	32
2	0	7	3	110	32
2	3	3	2	114	8
1	2	2	2	233	3
1	0	4	3	232	3
3	0	4	3	278	32
0	3	0	1	76	8
2	0	3	3	263	32
1	0	4	3	203	4
2	0	1	3	302	3
2	3	5	2	307	4
1	3	2	2	95	3
0	3	0	1	130	4
0	3	0	1	293	3
0	2	0	1	144	8
3	2	1	2	220	8
2	1	7	2	59	3
1	0	4	3	39	32
1	0	6	3	260	8
0	1	0	1	311	8
2	3	6	2	88	32
0	1	0	1	94	4
1	2	6	2	275	3
3	2	1	2	257	8
1	3	2	2	190	4
3	1	6	2	167	4
1	2	7	2	147	4
3	2	5	2	50	8
2	0	2	3	131	8
2	0	7	3	315	4
3	0	4	3	298	8
2	1	6	2	189	4
2	3	2	2	249	3
0	2	0	1	27	4
2	0	7	3	177	32
1	2	3	2	54	32
1	0	5	3	300	3
1	0	4	3	154	8
1	0	5	3	83	4
0	3	0	1	84	32
3	2	1	2	8	8
1	0	1	3	239	3
0	1	0	1	127	4
3	1	3	2	286	3
0	3	0	1	4	3
0	3	0	1	297	4
3	1	5	2	224	8
0	3	0	1	188	8
1	3	6	2	103	8
3	2	3	2	32	32
0	3	0	1	165	32
0	2	0	1	143	32
2	0	1	3	73	32
0	1	0	1	229	32
3	0	4	3	217	4
3	2	3	2	97	4
2	1	6	2	73	32
2	1	3	2	317	3
0	3	0	1	218	4
0	2	0	1	137	3
3	1	2	2	4	4
1	2	6	2	15	3
2	0	6	3	7	32
1	2	2	2	168	3
0	1	0	1	281	4
3	1	2	2	229	32
1	3	1	2	235	3
3	2	2	2	122	3
2	1	1	2	95	32
2	1	6	2	3	3
0	1	0	1	305	8
1	2	7	2	273	8
3	1	7	2	275	3
3	0	2	3	129	8
2	3	2	2	31	8
3	0	2	3	101	4
2	1	7	2	263	4
1	2	3	2	166	4
3	2	1	2	63	4
2	0	2	3	171	3
0	2	0	1	85	8
0	2	0	1	20	32
3	0	4	3	32	4
0	2	0	1	312	8
2	3	6	2	262	4
3	0	3	3	264	32
1	2	1	2	257	3
0	2	0	1	124	32
2	1	2	2	224	3
0	3	0	1	174	8
2	3	3	2	52	3
3	1	6	2	265	32
2	1	1	2	235	32
3	0	4	3	286	32
2	3	1	2	70	8
3	1	4	2	279	32
1	3	6	2	286	3
3	1	7	2	96	3
1	3	6	2	261	4
3	1	3	2	266	8
1	3	4	2	152	8
3	1	4	2	167	8
3	0	4	3	75	3
2	1	2	2	13	8
1	2	2	2	175	3
2	3	7	2	32	3
0	2	0	1	264	3
1	2	4	2	107	4
0	3	0	1	206	4
3	0	5	3	250	8
2	1	2	2	271	32
2	0	7	3	211	4
0	1	0	1	10	8
3	1	1	2	50	4
1	2	6	2	93	3
3	0	4	3	37	3
1	2	3	2	134	8
2	0	7	3	228	4
0	2	0	1	124	3
1	3	1	2	266	3
3	0	5	3	100	32
0	1	0	1	161	8
1	3	1	2	135	3
2	3	7	2	252	32
1	3	4	2	151	32
2	0	2	3	55	3
0	1	0	1	38	8
0	3	0	1	204	32
2	3	1	2	197	8
2	1	7	2	190	32
0	1	0	1	139	3
1	3	7	2	245	32
0	1	0	1	259	32
0	1	0	1	311	8
1	2	7	2	100	32
0	1	0	1	50	8
2	3	5	2	185	8
2	3	6	2	205	3
0	1	0	1	265	3
2	0	2	3	216	3
0	3	0	1	47	3
1	0	5	3	217	4
2	0	1	3	32	4
0	1	0	1	131	3
0	3	0	1	116	8
3	0	3	3	218	32
2	3	5	2	11	32
0	3	0	1	200	4
3	0	3	3	55	32
1	3	3	2	250	32
1	2	3	2	188	3
3	0	3	3	257	3
1	2	6	2	167	4
3	2	6	2	269	3
3	2	6	2	88	8
0	1	0	1	311	8
3	2	3	2	66	3
3	1	1	2	268	4
2	0	7	3	312	3
1	2	1	2	136	8
0	1	0	1	286	32
3	2	2	2	278	3
1	2	3	2	176	3
1	2	7	2	55	3
2	3	1	2	258	4
2	1	1	2	291	3
0	3	0	1	197	8
0	1	0	1	157	3
2	1	3	2	155	32
1	2	5	2	122	32
1	0	5	3	208	4
2	1	4	2	43	3
2	1	3	2	234	4
2	3	4	2	272	8
3	1	2	2	223	32
3	2	6	2	49	32
2	0	3	3	243	4
1	2	4	2	36	3
0	1	0	1	189	32
3	2	5	2	232	3
3	1	3	2	189	8
0	3	0	1	216	32
0	1	0	1	188	3
0	3	0	1	229	3
0	2	0	1	110	4
3	1	1	2	123	32
3	0	2	3	290	3
3	2	2	2	308	8
3	1	6	2	289	8
1	3	4	2	134	8
3	1	6	2	280	3
3	2	5	2	156	32
2	3	3	2	294	4
3	0	4	3	275	32
0	1	0	1	254	3
3	0	2	3	56	4
1	0	4	3	268	3
3	2	3	2	254	32
1	0	1	3	138	3
0	1	0	1	132	4
2	3	4	2	291	4
2	3	5	2	54	3
0	3	0	1	304	3
1	0	5	3	58	3
1	0	5	3	113	8
1	2	1	2	133	4
2	0	3	3	74	3
2	3	7	2	275	3
3	0	3	3	97	3
1	0	6	3	111	8
3	2	2	2	52	8
1	0	7	3	218	8
3	2	5	2	156	32
1	3	2	2	268	8
2	1	1	2	17	8
0	2	0	1	107	3
0	2	0	1	130	3
3	0	4	3	295	4
2	1	4	2	279	3
0	2	0	1	51	3
0	3	0	1	279	8
3	1	5	2	40	8
2	0	6	3	141	3
3	1	3	2	228	4
2	0	7	3	178	32
3	2	2	2	241	32
1	3	5	2	67	32
3	2	6	2	182	8
0	2	0	1	5	3
0	2	0	1	54	8
2	1	4	2	142	3
3	0	5	3	165	3
2	1	4	2	69	4
2	1	2	2	174	8
1	2	3	2	311	3
3	2	4	2	35	32
1	0	5	3	238	8
1	2	3	2	141	8
1	2	5	2	38	4
2	1	2	2	194	32
0	2	0	1	314	3
2	0	2	3	88	4
2	1	3	2	170	4
3	2	6	2	218	3
0	2	0	1	272	32
3	2	1	2	197	4
2	1	6	2	164	4
2	0	2	3	198	8
2	1	5	2	238	4
2	0	7	3	219	4
3	0	5	3	225	32
0	3	0	1	259	8
3	0	3	3	270	8
1	3	2	2	156	3
0	3	0	1	291	8
2	1	6	2	182	32
3	2	5	2	265	3
0	1	0	1	25	8
1	0	6	3	243	32
3	1	6	2	308	3
0	1	0	1	142	32
3	1	7	2	174	32
0	1	0	1	96	4
0	1	0	1	273	3
1	0	6	3	51	8
2	1	7	2	87	32
3	0	1	3	188	8
3	2	4	2	39	4
2	3	4	2	171	3
0	1	0	1	14	32
1	2	2	2	166	32
2	0	1	3	31	4
2	0	3	3	105	8
3	1	1	2	258	3
0	3	0	1	71	3
1	0	6	3	304	3
3	0	1	3	1	8
2	0	3	3	128	32
2	1	5	2	276	3
2	1	7	2	86	4
1	2	7	2	81	32
1	0	6	3	284	8
3	1	1	2	314	4
2	1	3	2	16	3
0	3	0	1	157	32
3	0	3	3	201	32
0	1	0	1	6	3
2	0	2	3	181	8
2	1	5	2	273	8
1	0	1	3	93	32
0	2	0	1	139	8
3	0	2	3	229	8
1	0	5	3	234	32
0	3	0	1	249	8
0	1	0	1	263	4
2	1	2	2	309	3
0	3	0	1	216	4
3	0	1	3	111	3
0	1	0	1	23	8
1	2	2	2	68	32
1	0	6	3	153	8
3	2	4	2	18	8
3	2	2	2	87	4
2	3	5	2	153	32
3	1	3	2	7	32
1	3	3	2	46	4
0	2	0	1	47	3
0	2	0	1	118	32
0	3	0	1	219	3
0	2	0	1	115	3
3	1	4	2	157	4
0	2	0	1	287	32
0	1	0	1	303	4
1	0	6	3	259	3
0	2	0	1	187	32
1	0	4	3	307	4
1	3	5	2	230	3
2	0	1	3	295	8
3	2	1	2	140	32
1	2	1	2	6	8
2	3	3	2	131	4
0	1	0	1	137	3
1	3	5	2	121	4
3	1	7	2	37	32
1	3	6	2	248	3
2	1	5	2	59	4
1	0	7	3	12	32
2	1	6	2	210	32
2	1	4	2	262	32
3	1	7	2	35	3
3	0	4	3	180	32
1	3	5	2	62	32
3	2	6	2	185	8
0	3	0	1	90	4
3	1	6	2	279	8
0	2	0	1	158	4
2	3	6	2	40	8
3	0	5	3	24	4
2	1	4	2	2	3
0	2	0	1	311	3
0	3	0	1	266	32
1	3	4	2	107	32
2	3	2	2	145	4
1	0	4	3	244	32
2	1	6	2	129	4
3	2	1	2	1	8
3	0	3	3	38	3
1	3	1	2	74	3
0	2	0	1	45	8
3	1	7	2	184	4
1	3	3	2	268	3
3	0	3	3	87	32
3	0	5	3	208	3
1	3	6	2	302	4
3	1	1	2	269	3
2	1	5	2	151	3
2	1	6	2	234	8
0	3	0	1	100	4
3	2	6	2	193	4
0	3	0	1	42	32
1	0	4	3	301	8
0	2	0	1	73	8
0	3	0	1	301	4
2	3	3	2	61	3
0	1	0	1	311	3
3	1	4	2	262	3
2	0	6	3	256	4
0	2	0	1	94	4
1	2	5	2	94	8
0	2	0	1	2	32
3	2	1	2	105	8
2	1	2	2	125	3
0	1	0	1	139	8
3	1	6	2	111	4
1	0	5	3	127	4
3	0	2	3	130	4
3	2	1	2	223	3
1	3	3	2	310	3
1	2	4	2	54	8
0	3	0	1	245	4
3	1	5	2	297	8
2	3	1	2	132	3
0	2	0	1	78	3
3	2	1	2	4	3
2	3	5	2	291	4
0	3	0	1	162	4
0	3	0	1	249	32
3	0	4	3	143	3
1	2	3	2	179	4
0	3	0	1	52	8
0	2	0	1	101	8
2	3	2	2	45	32
1	2	2	2	96	4
0	3	0	1	242	32
3	0	2	3	223	8
1	3	2	2	91	32
2	3	3	2	15	8
0	1	0	1	11	32
2	1	1	2	232	8
3	1	1	2	51	32
1	2	6	2	228	32
0	3	0	1	205	3
3	0	5	3	66	32
2	3	5	2	113	32
1	0	7	3	237	3
3	2	2	2	39	3
3	0	1	3	226	8
0	3	0	1	268	32
3	2	7	2	119	32
1	0	4	3	0	4
0	2	0	1	47	4
1	0	4	3	105	32
3	1	4	2	220	3
1	2	5	2	262	32
1	0	6	3	70	8
0	2	0	1	29	3
3	1	3	2	266	4
3	2	4	2	134	4
0	2	0	1	267	3
0	3	0	1	271	3
3	2	7	2	31	4
1	2	5	2	26	3
2	0	1	3	274	32
2	3	7	2	235	8
2	3	6	2	172	4
2	1	1	2	23	4
2	3	3	2	243	3
1	2	3	2	161	32
1	0	7	3	194	4
0	1	0	1	281	3
3	1	7	2	29	32
0	1	0	1	2	3
2	0	3	3	67	32
1	2	5	2	147	8
0	1	0	1	190	32
2	3	1	2	96	3
1	0	5	3	53	4
3	2	5	2	293	3
0	3	0	1	71	4
0	2	0	1	180	8
3	0	3	3	218	8
1	3	6	2	254	32
1	2	7	2	51	4
1	3	6	2	48	4
3	1	2	2	249	4
1	2	2	2	73	4
3	2	5	2	232	8
3	1	2	2	176	4
2	0	3	3	39	8
2	1	1	2	196	3
2	0	7	3	112	4
2	0	6	3	16	32
1	3	6	2	58	4
2	3	1	2	18	3
2	3	6	2	16	4
3	2	6	2	199	3
0	2	0	1	198	4
3	0	3	3	34	8
3	2	1	2	87	3
1	2	4	2	225	4
0	2	0	1	221	8
2	3	7	2	265	32
0	2	0	1	300	3
0	2	0	1	103	32
1	2	7	2	29	8
0	1	0	1	28	3
1	3	6	2	312	8
1	0	4	3	257	32
2	1	1	2	218	32
3	0	5	3	153	32
0	3	0	1	128	4
1	0	6	3	47	4
2	3	1	2	119	4
3	0	5	3	299	8
3	0	4	3	229	8
1	0	7	3	144	3
1	0	4	3	230	3
1	2	6	2	313	3
1	0	1	3	205	8
3	2	6	2	243	32
2	0	1	3	211	4
3	1	3	2	62	8
0	1	0	1	177	32
2	3	3	2	179	3
0	2	0	1	214	8
3	0	4	3	167	8
2	1	5	2	43	3
3	1	7	2	10	3
0	2	0	1	16	4
0	2	0	1	148	8
3	0	4	3	214	4
1	3	5	2	276	32
0	2	0	1	303	4
3	2	3	2	285	4
0	3	0	1	248	8
0	2	0	1	245	32
3	2	3	2	75	3
3	1	3	2	123	3
2	3	2	2	22	4
0	3	0	1	272	8
2	3	1	2	93	3
2	3	6	2	168	32
0	1	0	1	122	4
0	1	0	1	278	8
2	0	3	3	13	4
2	1	1	2	102	8
1	2	7	2	77	3
2	1	5	2	278	3
3	1	7	2	22	32
2	3	4	2	31	3
3	0	5	3	113	4
0	1	0	1	156	3
0	1	0	1	217	3
2	0	6	3	294	8
1	3	4	2	55	3
1	0	7	3	249	32
1	0	4	3	112	4
0	3	0	1	221	8
1	2	4	2	137	8
0	2	0	1	32	3
2	0	1	3	58	32
0	2	0	1	130	8
1	3	3	2	193	3
0	1	0	1	254	8
2	3	1	2	128	4
0	3	0	1	172	3
2	1	5	2	163	8
2	3	6	2	146	4
1	0	5	3	60	32
2	0	7	3	221	3
2	0	6	3	249	32
1	0	6	3	238	8
3	2	3	2	2	4
0	1	0	1	119	32
2	3	3	2	250	3
3	1	4	2	120	8
2	1	6	2	282	8
2	3	4	2	249	4
3	2	2	2	22	4
1	3	2	2	234	32
3	0	3	3	8	8
0	2	0	1	93	3
0	3	0	1	98	32
2	0	1	3	16	4
0	3	0	1	235	3
1	0	5	3	279	4
2	3	2	2	290	3
1	0	5	3	146	4
1	2	1	2	126	3
2	3	7	2	252	3
0	3	0	1	102	8
3	2	1	2	216	8
3	1	7	2	42	8
2	1	3	2	104	32
2	1	5	2	291	8
3	0	1	3	151	3
0	3	0	1	198	32
0	3	0	1	2	4
0	2	0	1	68	8
1	3	1	2	7	4
2	1	3	2	37	4
1	0	5	3	164	8
0	1	0	1	206	3
3	2	7	2	136	8
3	0	5	3	182	3
0	2	0	1	218	3
2	3	7	2	250	8
1	3	2	2	50	32
3	2	7	2	110	32
3	0	2	3	140	4
0	2	0	1	36	32
0	3	0	1	61	3
0	1	0	1	229	8
1	3	7	2	271	8
3	2	3	2	140	3
1	3	4	2	231	4
2	0	3	3	17	4
3	1	2	2	243	32
2	1	4	2	92	8
2	3	1	2	10	3
2	1	7	2	157	8
2	0	2	3	128	4
2	0	6	3	135	4
2	3	3	2	62	3
2	0	6	3	8	8
0	1	0	1	139	8
2	0	3	3	256	32
0	1	0	1	122	32
2	1	1	2	227	8
1	3	5	2	3	8
3	2	7	2	38	32
1	0	1	3	104	8
2	3	5	2	184	3
0	1	0	1	268	3
3	0	2	3	7	3
1	3	7	2	170	4
2	3	1	2	201	8
0	1	0	1	90	32
3	0	4	3	197	4
3	0	3	3	24	3
3	2	7	2	74	4
0	1	0	1	311	8
2	1	2	2	81	3
1	0	5	3	276	32
3	1	5	2	298	8
0	2	0	1	167	4
3	2	6	2	124	4
2	3	4	2	225	32
3	0	5	3	256	8
2	3	6	2	209	32
1	0	1	3	196	3
3	0	3	3	129	8
1	3	6	2	160	3
2	0	3	3	232	32
2	3	2	2	199	8
3	2	4	2	282	32
2	1	3	2	107	4
0	2	0	1	72	8
3	0	2	3	61	32
1	3	1	2	105	32
2	1	6	2	234	3
3	2	6	2	282	3
1	2	3	2	99	4
3	2	1	2	111	4
2	0	7	3	280	32
2	0	6	3	192	32
0	1	0	1	294	4
2	1	6	2	84	8
0	1	0	1	37	3
3	2	7	2	283	4
1	0	4	3	203	32
1	0	7	3	136	3
3	0	3	3	236	8
1	3	2	2	161	4
1	0	6	3	53	4
1	2	1	2	37	3
2	0	1	3	41	32
0	1	0	1	227	4
2	0	3	3	46	4
1	2	7	2	257	4
1	2	6	2	187	32
3	2	7	2	204	32
1	0	1	3	34	8
1	2	5	2	294	4
2	1	2	2	49	8
1	3	1	2	245	4
1	2	5	2	272	4
2	1	4	2	227	32
3	0	1	3	216	3
1	0	5	3	275	4
0	3	0	1	39	3
3	0	2	3	141	32
1	0	1	3	304	8
