3	2	6	2	199	4
2	3	4	2	140	4
3	2	5	2	141	32
3	1	6	2	143	8
1	3	2	2	68	8
0	1	0	1	96	4
2	1	6	2	42	3
1	2	4	2	84	3
3	1	4	2	271	8
1	2	1	2	15	32
0	2	0	1	117	8
0	1	0	1	279	32
2	3	5	2	158	8
3	1	7	2	301	3
1	2	2	2	125	8
3	1	2	2	134	32
1	0	7	3	60	32
0	1	0	1	192	4
3	1	6	2	22	32
1	3	1	2	167	4
1	2	4	2	38	4
2	3	1	2	35	4
1	0	5	3	247	8
0	2	0	1	291	3
0	1	0	1	243	4
3	1	5	2	160	3
2	3	2	2	290	3
2	3	2	2	238	8
3	2	6	2	10	8
3	1	6	2	231	32
3	0	4	3	115	32
3	0	4	3	91	32
3	2	3	2	309	3
0	1	0	1	268	3
0	2	0	1	18	32
2	1	5	2	67	8
2	0	6	3	51	32
2	1	6	2	241	8
1	3	3	2	97	8
3	2	1	2	221	8
0	2	0	1	270	4
1	0	4	3	34	4
2	1	2	2	111	3
2	0	6	3	112	32
2	0	7	3	109	8
1	0	7	3	184	3
1	2	1	2	182	4
3	1	5	2	145	4
3	1	4	2	52	4
3	1	3	2	151	32
1	0	1	3	188	4
0	3	0	1	210	32
1	2	6	2	188	4
0	1	0	1	22	4
2	3	5	2	257	8
0	1	0	1	207	4
1	2	7	2	273	8
1	0	1	3	222	4
1	3	1	2	152	32
3	1	1	2	119	3
1	3	1	2	121	4
0	3	0	1	204	32
1	2	3	2	105	4
2	3	6	2	178	32
3	0	1	3	186	8
2	0	2	3	103	3
2	0	2	3	96	8
3	1	3	2	131	8
1	2	3	2	114	8
2	1	7	2	258	4
1	2	5	2	111	32
2	0	2	3	188	32
1	0	1	3	42	32
1	2	3	2	69	4
0	1	0	1	262	4
3	1	3	2	304	8
0	2	0	1	185	4
0	2	0	1	249	4
3	0	2	3	283	32
1	2	7	2	140	32
1	0	7	3	175	8
2	3	1	2	9	8
1	3	4	2	105	8
2	1	7	2	55	8
0	1	0	1	232	3
2	1	2	2	78	32
1	2	4	2	302	4
1	3	2	2	253	4
0	2	0	1	236	32
1	2	2	2	187	32
2	1	6	2	156	32
3	2	4	2	58	4
1	0	6	3	165	3
0	2	0	1	8	4
0	2	0	1	234	8
0	1	0	1	134	3
1	3	2	2	224	8
1	0	6	3	229	4
0	3	0	1	20	3
1	2	2	2	217	32
2	3	6	2	217	8
0	2	0	1	188	8
0	2	0	1	279	8
1	2	3	2	289	3
2	1	5	2	35	8
2	3	4	2	18	32
2	3	2	2	287	32
3	2	6	2	169	3
2	0	2	3	210	8
0	1	0	1	116	8
0	1	0	1	170	3
1	0	1	3	51	4
2	3	2	2	122	8
3	1	1	2	280	3
3	1	2	2	118	4
0	1	0	1	226	8
3	0	5	3	5	4
2	0	1	3	126	4
1	2	5	2	240	3
3	2	6	2	161	4
3	0	3	3	118	8
1	3	5	2	174	4
3	1	3	2	278	32
1	2	5	2	189	32
3	2	1	2	179	8
0	3	0	1	211	8
0	2	0	1	169	3
1	2	7	2	140	3
2	0	7	3	172	4
0	1	0	1	224	4
0	1	0	1	8	3
0	3	0	1	191	4
1	0	1	3	107	8
1	2	3	2	212	8
1	3	3	2	123	4
2	1	4	2	160	3
2	3	3	2	75	32
1	2	6	2	37	32
0	3	0	1	308	8
0	3	0	1	271	4
2	3	6	2	197	3
3	0	1	3	235	32
3	1	3	2	237	3
2	1	5	2	83	3
3	0	1	3	3	8
0	3	0	1	264	8
0	3	0	1	137	8
0	2	0	1	246	8
0	1	0	1	127	8
1	2	6	2	132	4
3	2	2	2	161	8
1	0	6	3	124	8
3	2	1	2	269	32
1	0	7	3	167	3
2	1	4	2	283	4
0	3	0	1	264	8
3	2	2	2	207	32
1	0	7	3	242	8
3	1	1	2	303	8
1	3	1	2	278	8
2	1	3	2	82	4
3	2	6	2	298	8
0	3	0	1	148	3
1	0	7	3	140	3
1	0	6	3	221	32
1	2	4	2	15	4
1	3	5	2	128	4
2	0	3	3	25	4
3	0	3	3	251	3
2	3	4	2	263	4
2	1	1	2	143	32
1	2	2	2	25	3
0	3	0	1	237	3
0	3	0	1	42	8
1	3	1	2	94	8
0	2	0	1	115	32
1	2	5	2	253	8
3	1	5	2	23	4
2	1	2	2	180	3
0	2	0	1	81	32
2	0	7	3	254	4
0	3	0	1	105	8
3	1	3	2	131	8
1	2	7	2	264	4
1	0	7	3	191	4
1	2	7	2	314	3
2	0	6	3	102	32
1	0	7	3	206	3
1	3	7	2	22	3
2	1	6	2	175	8
3	2	3	2	33	3
2	3	1	2	242	8
3	0	1	3	180	32
0	2	0	1	236	4
1	2	3	2	4	4
3	0	5	3	189	3
0	3	0	1	239	32
0	1	0	1	296	8
2	1	3	2	254	4
0	1	0	1	136	8
3	2	6	2	303	3
1	3	2	2	100	3
3	2	2	2	127	3
3	1	7	2	261	32
3	0	3	3	110	8
0	2	0	1	11	3
2	1	1	2	234	3
3	1	3	2	2	3
3	1	2	2	72	4
1	3	1	2	111	4
1	3	2	2	93	8
0	2	0	1	253	8
0	3	0	1	185	8
1	3	4	2	184	8
3	0	5	3	146	4
3	1	3	2	308	3
0	3	0	1	250	4
3	0	1	3	213	3
0	1	0	1	115	8
2	0	7	3	267	4
1	3	4	2	278	32
2	3	3	2	32	32
0	3	0	1	36	32
0	1	0	1	0	3
2	1	1	2	190	8
0	3	0	1	2	3
1	0	7	3	147	8
0	1	0	1	192	32
1	0	7	3	149	3
3	1	1	2	226	32
2	1	1	2	45	3
1	3	1	2	51	8
0	3	0	1	131	3
2	1	2	2	280	3
0	1	0	1	204	32
3	1	4	2	56	32
0	2	0	1	168	8
2	0	7	3	118	4
0	3	0	1	198	3
1	3	4	2	0	4
2	0	6	3	8	32
2	0	7	3	246	3
2	0	2	3	55	8
0	3	0	1	248	3
3	0	3	3	128	4
2	0	3	3	1	3
0	1	0	1	280	32
3	2	5	2	253	8
3	1	5	2	54	4
1	3	4	2	125	3
0	1	0	1	210	32
1	3	1	2	179	4
1	2	1	2	77	32
1	2	3	2	1	8
1	2	7	2	175	32
0	3	0	1	206	32
3	1	7	2	181	32
1	0	6	3	153	3
2	1	2	2	80	4
1	2	7	2	120	32
1	3	5	2	265	32
2	0	6	3	127	8
2	3	5	2	143	8
2	3	5	2	221	32
2	1	2	2	75	8
0	1	0	1	229	32
0	2	0	1	32	8
1	2	1	2	57	32
0	1	0	1	9	32
1	2	4	2	229	8
2	3	1	2	261	3
2	1	3	2	89	4
1	3	3	2	105	32
3	0	4	3	158	32
2	1	5	2	114	3
3	0	3	3	193	4
2	1	4	2	78	4
2	1	3	2	13	8
0	2	0	1	127	8
2	1	1	2	16	32
1	2	3	2	282	3
2	3	1	2	47	32
3	0	3	3	183	4
1	3	1	2	176	32
0	2	0	1	37	4
3	1	4	2	244	32
3	1	4	2	57	8
3	1	2	2	230	32
1	3	4	2	17	32
3	2	2	2	49	32
1	3	6	2	192	3
3	2	3	2	243	3
1	3	5	2	159	8
1	3	3	2	264	3
1	3	3	2	66	8
3	2	1	2	199	8
0	3	0	1	86	4
1	0	5	3	211	32
1	3	4	2	155	8
0	3	0	1	98	3
2	0	3	3	158	32
3	2	1	2	20	32
2	0	3	3	2	8
3	2	5	2	301	4
0	1	0	1	219	4
2	0	3	3	144	4
3	2	3	2	15	32
3	1	6	2	99	32
3	0	4	3	246	4
2	3	3	2	108	8
2	3	7	2	61	3
1	0	1	3	76	8
3	0	1	3	205	4
0	3	0	1	187	3
1	3	1	2	304	4
0	3	0	1	174	8
1	2	1	2	205	32
1	3	4	2	226	4
2	3	5	2	164	32
2	1	2	2	52	3
3	1	4	2	243	8
0	2	0	1	245	32
2	3	2	2	316	4
2	3	7	2	104	4
1	2	6	2	264	3
1	3	7	2	187	32
3	0	5	3	132	4
3	0	4	3	255	8
3	0	1	3	5	32
0	1	0	1	146	8
0	1	0	1	63	32
1	2	6	2	74	32
2	3	5	2	76	4
1	3	7	2	106	3
0	1	0	1	72	32
2	3	1	2	257	32
1	0	1	3	42	32
2	3	7	2	150	8
3	1	2	2	132	3
0	1	0	1	181	3
1	3	7	2	303	3
2	1	7	2	227	4
0	1	0	1	75	8
0	3	0	1	187	3
2	1	7	2	150	4
0	3	0	1	217	3
0	2	0	1	203	8
0	3	0	1	312	3
2	1	6	2	65	32
0	2	0	1	3	8
3	0	5	3	139	3
1	3	3	2	131	3
2	0	6	3	24	32
2	0	2	3	301	8
1	3	3	2	74	3
3	1	7	2	159	4
1	0	5	3	57	4
2	0	6	3	274	32
0	3	0	1	88	32
1	0	4	3	148	3
2	1	5	2	236	3
3	2	5	2	41	3
3	2	4	2	130	3
3	2	4	2	269	8
2	0	3	3	36	8
0	1	0	1	253	4
1	3	3	2	219	4
1	0	7	3	110	8
0	1	0	1	309	3
0	2	0	1	190	8
0	1	0	1	7	8
2	3	1	2	43	32
1	2	7	2	229	3
2	3	7	2	6	8
3	2	5	2	148	8
1	3	7	2	18	3
3	2	1	2	204	3
2	0	7	3	239	32
2	1	5	2	4	4
2	3	6	2	182	32
3	1	2	2	214	4
2	0	3	3	33	32
3	2	7	2	196	8
0	3	0	1	61	4
1	0	1	3	212	3
0	2	0	1	25	8
1	3	4	2	294	3
1	0	4	3	98	3
0	3	0	1	104	8
0	1	0	1	96	3
1	2	4	2	243	3
3	1	6	2	151	4
1	3	1	2	139	32
2	3	7	2	194	32
1	3	5	2	172	4
1	2	3	2	228	4
0	2	0	1	195	8
0	1	0	1	164	4
3	1	2	2	98	32
1	3	5	2	83	4
0	3	0	1	217	32
2	0	6	3	100	32
1	3	2	2	293	4
2	1	6	2	118	4
3	2	3	2	221	4
0	1	0	1	99	4
0	1	0	1	125	3
1	0	1	3	174	4
2	1	2	2	150	8
3	0	1	3	145	32
2	0	1	3	245	4
2	0	3	3	193	32
2	0	7	3	82	8
2	0	7	3	213	3
2	0	7	3	212	8
3	2	6	2	42	4
2	1	2	2	105	32
2	1	6	2	245	8
1	3	7	2	243	32
3	1	3	2	139	8
3	2	2	2	104	8
2	1	7	2	60	4
2	1	3	2	32	3
3	2	7	2	173	32
1	2	2	2	109	8
1	3	3	2	201	8
0	3	0	1	280	3
0	3	0	1	78	3
1	3	2	2	218	3
0	3	0	1	295	3
1	3	6	2	42	32
0	2	0	1	307	8
3	1	1	2	166	3
3	1	7	2	180	8
1	3	5	2	117	4
3	1	7	2	89	4
1	3	1	2	61	4
0	1	0	1	113	4
3	1	1	2	300	4
0	2	0	1	102	3
0	3	0	1	48	32
2	1	2	2	161	32
1	3	5	2	87	32
3	1	4	2	210	3
3	1	4	2	268	8
0	3	0	1	149	32
2	3	1	2	28	4
2	3	2	2	186	3
2	0	6	3	182	8
2	3	2	2	207	4
3	2	1	2	221	8
2	0	6	3	303	8
3	0	1	3	223	8
3	1	4	2	233	4
2	1	5	2	132	8
3	1	5	2	217	32
2	1	2	2	149	8
2	1	6	2	237	32
1	3	7	2	39	32
2	3	4	2	19	8
2	0	1	3	53	3
3	2	1	2	88	3
1	2	3	2	209	4
3	0	4	3	240	4
2	0	7	3	189	32
2	1	1	2	113	4
3	0	1	3	75	8
3	0	3	3	79	4
1	2	2	2	217	8
2	0	1	3	171	3
1	2	1	2	315	3
3	2	5	2	100	4
0	1	0	1	54	3
1	3	5	2	264	8
1	0	7	3	301	8
3	1	6	2	156	32
2	1	6	2	131	8
2	1	5	2	264	32
1	2	6	2	129	32
0	3	0	1	225	3
1	0	1	3	284	3
0	1	0	1	166	3
3	1	4	2	99	8
2	3	3	2	213	8
2	1	5	2	38	3
1	0	5	3	289	4
2	3	7	2	128	32
1	2	3	2	262	4
3	0	4	3	136	4
0	3	0	1	172	3
3	2	6	2	238	8
2	1	5	2	60	3
3	2	7	2	216	4
0	1	0	1	172	32
2	3	5	2	286	3
1	3	4	2	176	4
2	3	3	2	5	4
2	3	7	2	182	3
3	1	6	2	256	32
1	0	6	3	308	8
1	0	6	3	79	3
2	0	2	3	239	8
2	1	1	2	108	8
2	3	4	2	77	4
1	3	3	2	315	3
1	3	7	2	42	32
2	3	2	2	203	4
0	2	0	1	269	4
1	0	6	3	256	32
1	2	7	2	14	4
1	0	6	3	258	8
1	3	2	2	54	3
1	0	5	3	104	32
1	3	6	2	116	4
2	1	3	2	187	32
2	1	3	2	41	3
0	3	0	1	132	8
2	3	3	2	48	3
3	1	6	2	287	3
3	0	1	3	85	4
0	2	0	1	157	4
3	2	6	2	19	32
0	2	0	1	297	3
3	2	6	2	64	8
1	2	3	2	173	8
2	1	6	2	179	3
1	0	1	3	123	32
0	2	0	1	163	4
1	2	7	2	100	8
2	1	6	2	208	8
2	3	2	2	272	32
3	1	4	2	177	4
1	2	6	2	176	32
0	2	0	1	288	4
0	3	0	1	192	8
1	3	3	2	167	3
0	2	0	1	313	3
3	2	1	2	102	4
1	3	2	2	125	4
1	3	7	2	274	8
1	0	6	3	11	8
1	2	2	2	128	8
2	0	1	3	275	32
0	2	0	1	30	32
0	3	0	1	280	32
3	2	5	2	257	32
2	1	2	2	126	32
3	2	1	2	34	3
1	2	6	2	162	4
1	2	1	2	129	3
1	2	6	2	66	32
3	1	7	2	36	8
2	0	6	3	207	32
2	3	5	2	261	8
1	2	4	2	51	8
3	0	2	3	214	32
1	3	7	2	162	3
2	1	5	2	35	4
2	0	1	3	43	3
1	2	5	2	201	8
0	3	0	1	282	8
2	1	5	2	148	8
3	2	1	2	31	32
1	2	7	2	260	8
3	2	4	2	175	4
1	2	7	2	9	32
3	1	4	2	13	4
2	0	3	3	105	8
3	2	7	2	97	8
0	3	0	1	234	8
3	0	2	3	46	3
3	0	2	3	141	32
1	2	5	2	263	4
0	3	0	1	39	4
1	2	1	2	148	3
2	0	2	3	92	32
0	3	0	1	270	3
1	0	5	3	134	8
1	2	6	2	232	8
2	0	1	3	101	4
2	1	3	2	95	3
1	2	4	2	314	3
2	3	6	2	235	8
1	2	4	2	109	4
1	3	6	2	146	32
3	2	4	2	139	8
1	3	7	2	238	32
3	2	7	2	57	32
1	2	2	2	34	32
0	3	0	1	19	32
3	1	6	2	90	8
3	0	5	3	34	8
3	1	6	2	49	32
1	3	2	2	180	32
3	1	3	2	50	3
0	2	0	1	312	8
2	0	1	3	304	4
3	1	2	2	161	3
0	3	0	1	81	3
0	2	0	1	179	3
2	3	6	2	272	4
0	1	0	1	42	4
3	0	5	3	129	4
2	0	7	3	253	4
1	0	6	3	254	4
0	1	0	1	236	3
3	0	5	3	28	4
1	2	5	2	199	3
0	2	0	1	158	4
0	3	0	1	82	32
3	2	5	2	57	3
0	2	0	1	48	32
0	2	0	1	162	8
2	3	6	2	114	3
0	2	0	1	14	8
3	2	4	2	260	3
2	0	6	3	234	4
2	1	3	2	39	3
1	0	7	3	89	32
1	0	5	3	277	3
3	0	3	3	310	3
1	3	3	2	195	3
2	1	2	2	131	3
2	0	6	3	80	8
3	2	6	2	218	32
2	0	6	3	43	8
0	2	0	1	12	3
1	3	1	2	28	4
3	0	1	3	34	8
0	3	0	1	44	32
0	2	0	1	281	3
1	0	7	3	300	8
3	2	5	2	198	32
1	2	6	2	293	8
1	3	3	2	291	8
2	1	6	2	220	3
2	0	6	3	73	3
3	1	4	2	139	3
2	1	5	2	316	3
2	3	6	2	283	3
3	1	2	2	282	4
3	1	3	2	249	32
3	2	3	2	189	8
1	3	1	2	293	3
0	2	0	1	130	8
3	2	6	2	37	3
0	2	0	1	143	32
1	3	3	2	2	8
0	3	0	1	98	3
2	1	3	2	263	3
0	2	0	1	121	8
0	2	0	1	275	3
0	3	0	1	298	8
1	3	5	2	292	3
3	0	4	3	210	3
1	0	6	3	116	8
3	1	7	2	276	3
1	2	6	2	122	3
0	2	0	1	306	3
1	0	1	3	227	32
0	2	0	1	163	8
3	0	2	3	173	32
1	2	4	2	132	32
0	3	0	1	82	8
3	2	7	2	241	4
3	1	7	2	171	3
3	0	1	3	308	3
1	0	5	3	292	8
0	2	0	1	65	4
3	2	7	2	73	32
0	1	0	1	94	32
0	3	0	1	165	32
3	0	3	3	189	8
0	3	0	1	45	32
2	1	4	2	80	32
2	1	5	2	203	8
0	2	0	1	243	8
3	1	4	2	73	32
1	0	1	3	41	8
3	2	4	2	139	4
2	0	6	3	87	32
3	1	5	2	143	3
1	0	4	3	215	4
0	3	0	1	126	8
3	0	3	3	281	3
1	0	1	3	35	32
1	0	1	3	146	4
2	0	3	3	119	8
3	0	3	3	171	8
1	3	1	2	258	4
1	2	1	2	253	8
2	3	1	2	196	4
3	2	7	2	55	32
0	3	0	1	69	4
0	3	0	1	104	32
0	3	0	1	34	4
3	2	3	2	140	8
0	2	0	1	175	8
1	0	5	3	228	8
2	0	2	3	115	3
3	0	4	3	151	3
2	0	1	3	18	8
2	0	1	3	121	8
1	0	4	3	223	32
0	2	0	1	211	8
1	2	6	2	79	32
0	3	0	1	130	8
2	1	6	2	217	8
1	0	1	3	309	8
0	3	0	1	34	32
0	1	0	1	21	8
1	0	5	3	86	3
2	0	6	3	147	8
0	2	0	1	71	4
2	0	7	3	180	4
2	1	6	2	307	4
2	1	6	2	212	3
1	3	6	2	165	32
0	2	0	1	36	3
2	1	5	2	96	32
2	0	1	3	285	4
1	2	2	2	199	3
0	1	0	1	256	8
3	0	1	3	52	4
2	1	5	2	66	4
3	2	6	2	107	4
3	2	2	2	20	8
3	0	5	3	119	32
3	2	1	2	165	8
0	2	0	1	110	8
2	0	6	3	180	32
2	1	5	2	63	8
2	0	7	3	21	4
0	1	0	1	25	32
1	3	7	2	59	4
3	0	1	3	153	3
3	1	2	2	58	4
0	2	0	1	163	8
2	1	1	2	23	3
3	1	7	2	225	32
0	3	0	1	67	32
2	1	6	2	179	8
0	3	0	1	204	3
2	1	4	2	101	4
0	3	0	1	273	4
1	3	2	2	213	8
3	2	7	2	39	32
1	3	2	2	144	8
0	1	0	1	226	4
0	3	0	1	194	4
0	1	0	1	183	3
3	2	3	2	216	4
1	0	4	3	218	4
2	1	5	2	135	4
0	3	0	1	113	4
3	1	1	2	110	3
0	2	0	1	186	3
3	0	1	3	204	4
3	0	2	3	46	32
2	0	7	3	158	32
1	0	5	3	39	4
3	1	4	2	75	8
2	0	7	3	169	4
3	0	1	3	197	3
2	1	4	2	162	32
1	2	4	2	121	32
0	3	0	1	286	32
1	2	5	2	280	32
2	0	6	3	120	8
0	2	0	1	77	4
3	0	3	3	137	8
1	3	1	2	109	3
2	0	7	3	244	4
2	3	1	2	186	4
2	3	7	2	43	3
3	0	1	3	155	3
0	3	0	1	152	32
2	1	4	2	90	32
2	1	1	2	231	8
1	2	5	2	70	3
3	1	6	2	200	32
0	2	0	1	91	4
2	0	6	3	67	3
2	0	3	3	294	4
0	2	0	1	190	8
3	2	2	2	172	3
3	1	3	2	177	8
0	2	0	1	274	4
1	2	3	2	247	32
2	3	4	2	20	32
0	1	0	1	178	8
0	1	0	1	169	32
3	2	4	2	267	8
1	0	4	3	5	3
0	3	0	1	279	32
3	2	2	2	79	3
1	3	2	2	173	32
0	1	0	1	3	8
2	3	5	2	31	8
0	3	0	1	21	32
2	3	7	2	254	8
0	1	0	1	264	4
0	1	0	1	277	4
2	3	1	2	11	8
2	0	3	3	108	32
3	1	2	2	120	8
2	1	3	2	282	8
1	0	4	3	198	4
3	1	3	2	233	32
2	0	7	3	149	32
3	1	7	2	214	3
0	1	0	1	300	8
0	3	0	1	229	32
3	0	5	3	89	4
1	2	4	2	301	4
3	0	4	3	249	8
2	0	6	3	21	3
2	0	2	3	166	32
0	1	0	1	243	3
1	2	1	2	132	3
1	0	4	3	79	4
1	3	5	2	99	8
1	2	6	2	133	32
1	0	1	3	146	8
0	2	0	1	132	32
0	1	0	1	103	3
0	1	0	1	17	8
2	0	7	3	236	3
1	2	4	2	20	8
0	2	0	1	157	4
0	2	0	1	162	4
1	3	3	2	138	3
3	0	4	3	62	8
3	1	2	2	231	3
3	0	5	3	86	4
2	0	1	3	59	32
3	1	6	2	269	8
0	2	0	1	178	3
0	3	0	1	1	8
0	2	0	1	198	8
1	0	1	3	308	4
1	2	5	2	154	32
3	0	2	3	242	4
0	3	0	1	172	3
0	1	0	1	147	3
3	0	4	3	92	32
3	2	4	2	236	4
0	1	0	1	243	32
2	3	5	2	281	32
1	3	2	2	92	8
3	0	1	3	268	3
1	3	5	2	2	4
0	2	0	1	209	3
1	0	4	3	181	8
3	2	6	2	54	32
3	2	1	2	200	32
0	1	0	1	116	8
3	0	1	3	17	32
1	0	1	3	279	8
1	0	6	3	265	3
0	3	0	1	144	32
0	1	0	1	148	8
3	0	3	3	49	4
2	0	6	3	229	4
3	1	3	2	13	8
1	3	7	2	210	32
1	2	1	2	225	8
0	2	0	1	154	4
0	3	0	1	23	3
0	2	0	1	54	8
1	0	5	3	40	4
2	3	3	2	180	8
0	1	0	1	285	4
2	0	7	3	67	4
2	0	6	3	244	3
1	0	4	3	5	4
2	1	2	2	75	32
2	3	5	2	86	4
1	0	5	3	86	3
2	0	7	3	95	4
3	0	1	3	159	4
3	1	2	2	282	3
2	3	3	2	274	4
3	1	2	2	20	3
0	1	0	1	40	32
3	2	6	2	182	8
2	3	5	2	212	32
0	2	0	1	256	32
3	2	1	2	54	8
0	2	0	1	79	4
2	0	7	3	217	4
2	3	5	2	113	8
2	1	6	2	285	4
3	0	4	3	4	8
1	3	3	2	93	3
0	1	0	1	18	4
1	3	3	2	95	32
1	0	5	3	129	3
3	1	3	2	198	32
2	1	5	2	80	32
1	0	6	3	176	32
3	2	6	2	118	8
0	2	0	1	40	32
1	2	3	2	7	4
3	2	2	2	152	3
0	1	0	1	253	8
0	3	0	1	158	3
3	1	2	2	281	4
0	3	0	1	189	8
2	0	2	3	29	8
1	2	4	2	248	3
0	3	0	1	97	4
0	1	0	1	17	3
1	3	5	2	17	4
2	0	3	3	1	8
3	2	6	2	313	3
1	0	6	3	185	4
1	2	5	2	261	4
0	2	0	1	266	3
2	1	3	2	224	8
3	2	2	2	280	3
3	0	2	3	137	4
3	2	1	2	219	8
0	1	0	1	73	8
1	3	6	2	250	4
1	2	4	2	106	8
1	0	4	3	277	32
0	2	0	1	192	4
2	3	1	2	190	4
2	0	6	3	38	3
1	0	1	3	307	8
1	3	3	2	194	3
0	3	0	1	238	32
3	0	5	3	258	4
0	3	0	1	182	3
3	1	1	2	46	3
1	0	5	3	71	4
3	0	2	3	150	3
3	1	2	2	280	8
2	1	6	2	184	8
3	0	2	3	256	8
3	2	3	2	154	3
1	3	5	2	236	8
0	1	0	1	185	8
1	2	2	2	280	32
1	0	6	3	205	8
1	2	3	2	32	3
2	0	7	3	225	8
2	0	7	3	290	8
0	1	0	1	7	4
3	0	5	3	253	3
2	3	1	2	141	8
0	1	0	1	260	32
2	1	4	2	271	4
3	1	4	2	294	4
0	3	0	1	246	4
2	1	4	2	84	4
0	2	0	1	1	32
1	3	5	2	9	8
0	2	0	1	246	32
2	0	7	3	83	4
3	0	5	3	154	3
1	3	7	2	242	8
2	3	3	2	207	4
3	2	5	2	294	4
3	2	1	2	114	4
2	3	7	2	14	8
2	1	5	2	166	8
0	1	0	1	137	4
2	3	5	2	200	3
3	2	6	2	278	32
0	1	0	1	94	3
0	3	0	1	209	3
3	0	2	3	62	8
0	3	0	1	209	32
2	3	4	2	159	4
1	2	6	2	104	8
0	2	0	1	126	4
0	3	0	1	133	3
1	0	6	3	227	3
3	1	1	2	86	3
3	1	3	2	310	3
2	0	7	3	52	3
3	0	5	3	201	3
3	2	4	2	78	32
1	2	3	2	276	8
1	2	2	2	43	32
1	3	3	2	81	3
3	0	1	3	301	3
1	2	4	2	39	4
1	0	6	3	74	32
3	0	4	3	115	3
1	3	3	2	44	8
0	3	0	1	40	8
1	3	3	2	35	32
1	3	5	2	251	8
3	1	4	2	146	8
0	2	0	1	2	8
0	3	0	1	215	32
0	3	0	1	221	3
0	3	0	1	303	3
0	3	0	1	26	4
1	2	4	2	60	3
2	0	1	3	115	4
3	1	1	2	209	8
2	1	7	2	238	4
2	1	2	2	85	32
3	0	5	3	74	3
2	0	3	3	275	8
0	3	0	1	251	8
1	3	4	2	165	4
1	0	6	3	254	3
2	1	2	2	263	8
0	1	0	1	85	3
0	1	0	1	287	3
1	2	3	2	227	4
0	2	0	1	39	4
3	2	4	2	270	3
2	3	1	2	75	4
1	2	4	2	190	3
1	0	7	3	42	4
3	0	3	3	40	8
2	0	6	3	128	8
2	0	3	3	197	4
1	2	5	2	21	3
1	2	5	2	235	4
2	1	5	2	50	8
1	2	3	2	2	32
0	1	0	1	123	8
2	3	6	2	217	8
2	3	7	2	39	3
1	0	4	3	79	4
1	0	7	3	195	32
2	0	2	3	280	8
1	0	6	3	286	3
3	2	4	2	139	4
2	0	2	3	185	8
3	0	1	3	146	32
2	0	7	3	104	4
2	0	6	3	212	32
3	1	6	2	30	32
2	0	3	3	71	4
2	0	3	3	5	32
1	3	2	2	67	32
3	2	7	2	266	3
3	0	4	3	140	32
3	0	5	3	54	4
0	1	0	1	241	32
0	2	0	1	226	32
1	3	2	2	179	4
2	3	7	2	48	3
2	3	6	2	156	32
2	3	4	2	266	4
3	0	4	3	133	8
1	3	3	2	287	8
1	2	1	2	160	32
0	3	0	1	46	8
1	3	7	2	217	4
3	1	3	2	132	3
2	1	3	2	153	8
2	3	1	2	28	32
0	2	0	1	122	8
3	1	6	2	244	4
3	0	1	3	160	32
2	3	7	2	254	8
1	0	6	3	265	4
0	1	0	1	231	4
0	2	0	1	137	4
2	1	1	2	294	8
2	0	2	3	176	3
2	1	2	2	29	3
2	3	7	2	164	32
0	1	0	1	211	8
2	0	7	3	243	3
3	2	1	2	137	32
0	2	0	1	196	4
2	1	7	2	60	4
1	2	2	2	166	32
1	2	1	2	187	32
1	2	2	2	156	3
2	0	6	3	246	3
0	3	0	1	9	32
0	1	0	1	138	8
0	2	0	1	84	8
2	1	7	2	263	3
1	2	2	2	223	32
0	1	0	1	39	4
1	0	5	3	46	32
3	0	5	3	128	4
0	1	0	1	5	32
0	3	0	1	28	8
1	0	6	3	275	4
0	2	0	1	263	4
2	1	4	2	218	3
2	0	7	3	281	32
1	2	6	2	53	4
3	1	4	2	143	3
2	0	6	3	255	3
3	0	2	3	305	4
3	1	4	2	200	4
2	3	2	2	179	32
2	0	1	3	292	3
2	1	7	2	207	32
3	2	1	2	311	8
2	3	7	2	82	8
1	3	6	2	293	8
0	3	0	1	104	32
1	0	5	3	144	32
0	1	0	1	222	3
3	1	6	2	245	32
3	2	2	2	69	32
3	0	4	3	191	8
0	3	0	1	75	32
2	3	3	2	227	32
0	3	0	1	143	3
1	2	7	2	67	3
3	1	7	2	152	32
2	0	7	3	96	8
3	1	3	2	46	8
2	1	5	2	196	3
1	2	1	2	288	32
3	0	1	3	226	32
3	2	4	2	272	32
1	0	5	3	283	8
2	0	2	3	277	3
1	0	4	3	47	8
2	3	3	2	134	8
3	1	5	2	124	32
0	1	0	1	14	4
3	0	5	3	139	3
1	3	5	2	50	32
2	1	3	2	15	4
0	2	0	1	28	4
3	2	7	2	268	32
1	3	4	2	33	4
3	1	7	2	204	4
0	3	0	1	193	8
3	0	1	3	202	3
1	3	5	2	279	4
2	1	4	2	3	8
1	0	6	3	147	32
2	3	7	2	83	32
0	2	0	1	22	8
0	3	0	1	207	4
0	2	0	1	26	3
2	1	1	2	271	4
1	3	6	2	287	32
0	1	0	1	200	3
2	0	2	3	287	8
2	0	1	3	0	8
3	2	5	2	185	32
1	3	5	2	251	4
0	3	0	1	215	3
3	1	7	2	251	3
2	3	3	2	300	3
1	2	2	2	40	8
3	0	5	3	183	4
0	2	0	1	300	8
3	0	3	3	271	4
1	3	6	2	31	32
3	2	7	2	285	32
3	0	3	3	278	3
2	1	3	2	245	3
1	3	5	2	60	32
1	2	1	2	264	3
3	1	7	2	255	32
1	0	7	3	90	8
0	1	0	1	162	4
0	1	0	1	272	8
2	1	2	2	71	8
3	2	6	2	91	3
0	1	0	1	259	4
2	3	1	2	167	32
0	1	0	1	143	32
0	2	0	1	302	8
2	0	7	3	40	32
0	3	0	1	165	4
1	0	4	3	265	4
0	1	0	1	223	4
1	0	7	3	282	3
0	1	0	1	38	4
3	1	5	2	246	8
1	3	6	2	242	4
3	2	5	2	207	8
1	0	7	3	275	32
0	1	0	1	32	8
3	0	5	3	197	4
2	1	5	2	193	32
0	3	0	1	88	3
1	2	5	2	195	32
3	1	6	2	190	4
3	1	3	2	69	8
3	0	3	3	239	32
3	1	7	2	8	8
2	1	3	2	45	3
1	3	2	2	15	4
0	3	0	1	285	32
3	1	3	2	59	4
1	3	3	2	259	4
1	3	1	2	46	8
2	0	7	3	54	4
3	2	3	2	278	3
2	1	7	2	189	32
0	3	0	1	218	8
3	0	1	3	169	32
2	0	7	3	80	32
3	1	3	2	51	32
3	2	6	2	163	8
2	3	5	2	268	8
2	0	1	3	241	3
1	2	6	2	253	3
2	1	6	2	201	8
0	2	0	1	141	32
2	0	3	3	102	32
2	0	2	3	158	3
0	2	0	1	250	32
3	2	3	2	258	32
3	2	2	2	13	4
3	0	1	3	217	8
1	3	4	2	209	4
2	0	3	3	264	3
2	0	3	3	281	4
1	3	4	2	116	32
3	1	7	2	143	8
2	3	6	2	243	8
3	2	1	2	14	32
2	0	2	3	285	8
2	1	7	2	151	32
0	2	0	1	271	3
1	3	5	2	95	8
3	0	1	3	161	4
1	0	7	3	194	8
2	1	7	2	304	8
1	3	2	2	55	3
2	1	6	2	18	8
1	3	2	2	73	8
1	2	2	2	1	8
3	1	7	2	105	3
2	1	4	2	289	4
3	1	7	2	15	4
1	0	1	3	74	32
0	1	0	1	101	32
1	3	2	2	48	3
0	2	0	1	64	8
3	0	3	3	224	3
3	1	4	2	126	3
1	3	4	2	302	8
0	2	0	1	235	3
0	3	0	1	8	3
2	0	6	3	87	3
1	2	7	2	65	3
2	1	7	2	177	8
2	0	2	3	248	32
3	1	7	2	143	8
2	3	1	2	193	4
0	1	0	1	120	8
0	2	0	1	263	4
3	0	2	3	195	8
1	3	3	2	258	32
1	0	4	3	26	4
3	2	7	2	284	3
3	1	3	2	98	32
3	1	4	2	194	3
2	3	2	2	254	32
1	2	5	2	216	32
1	3	6	2	207	8
3	1	5	2	152	3
3	0	3	3	28	3
3	2	3	2	90	4
1	2	3	2	18	4
1	3	6	2	173	8
0	1	0	1	172	8
3	2	2	2	205	4
0	1	0	1	87	4
1	3	5	2	280	32
1	3	3	2	137	3
0	2	0	1	91	3
2	0	3	3	307	8
0	1	0	1	235	4
2	0	3	3	236	4
3	0	1	3	242	8
2	1	5	2	111	4
0	2	0	1	164	3
1	0	4	3	224	3
0	2	0	1	242	3
1	3	4	2	135	3
1	3	1	2	59	32
2	3	7	2	53	3
2	3	3	2	180	4
2	0	7	3	99	4
1	0	6	3	177	32
2	1	7	2	28	8
3	2	4	2	225	3
1	3	3	2	183	3
0	2	0	1	187	8
2	0	6	3	220	3
1	3	4	2	182	3
0	2	0	1	15	3
3	0	5	3	205	8
0	2	0	1	73	4
2	0	3	3	156	4
0	2	0	1	207	32
2	0	2	3	115	8
0	3	0	1	146	32
2	3	7	2	57	3
0	3	0	1	201	32
3	0	5	3	9	8
1	3	2	2	242	8
1	3	5	2	137	8
2	3	4	2	248	3
1	3	1	2	212	8
3	0	1	3	241	32
0	1	0	1	220	4
1	2	6	2	134	4
0	2	0	1	159	3
3	1	7	2	72	3
2	0	1	3	223	8
1	2	3	2	161	8
1	0	4	3	20	3
3	0	5	3	286	3
2	1	7	2	154	32
1	2	5	2	147	32
2	1	6	2	24	4
1	0	4	3	40	8
3	0	5	3	154	32
1	0	4	3	287	8
2	0	3	3	312	3
3	2	1	2	85	8
3	0	2	3	88	4
0	1	0	1	55	3
0	2	0	1	127	8
0	2	0	1	160	3
0	3	0	1	282	8
0	3	0	1	95	8
0	3	0	1	158	32
1	0	7	3	269	4
0	3	0	1	175	3
1	2	4	2	49	32
2	0	2	3	308	4
0	3	0	1	241	32
2	0	2	3	13	8
2	0	3	3	282	8
0	3	0	1	113	3
0	2	0	1	158	3
2	0	2	3	315	3
1	0	4	3	280	4
3	1	5	2	43	4
0	1	0	1	181	3
3	1	7	2	17	8
2	0	1	3	262	4
0	3	0	1	236	4
3	1	1	2	42	4
0	2	0	1	142	8
1	0	5	3	176	3
3	0	2	3	56	4
2	1	4	2	135	4
2	3	5	2	43	3
3	1	4	2	16	4
0	1	0	1	235	32
0	1	0	1	87	32
0	2	0	1	132	8
0	2	0	1	139	4
2	0	7	3	220	8
3	0	5	3	12	3
0	1	0	1	209	32
0	1	0	1	18	3
1	2	5	2	190	3
1	0	6	3	173	3
3	1	7	2	268	32
3	0	5	3	179	4
1	0	7	3	241	3
3	0	5	3	179	3
2	0	6	3	166	3
2	0	3	3	136	32
2	1	3	2	101	8
3	0	1	3	190	3
1	0	6	3	25	4
3	1	3	2	90	4
0	2	0	1	257	32
0	3	0	1	234	4
3	2	5	2	14	8
1	0	6	3	42	8
0	3	0	1	18	32
3	0	5	3	97	32
3	1	1	2	43	8
1	3	5	2	143	8
2	1	6	2	233	3
1	0	4	3	163	8
0	1	0	1	168	4
1	0	6	3	240	32
3	1	2	2	32	3
2	0	1	3	69	8
1	0	5	3	106	4
1	0	6	3	64	8
0	2	0	1	142	3
3	0	3	3	91	32
3	2	2	2	159	8
0	2	0	1	163	3
3	0	2	3	308	4
2	3	4	2	253	4
3	1	5	2	154	8
1	3	5	2	137	8
3	1	6	2	118	32
1	2	6	2	145	8
3	2	2	2	18	8
0	3	0	1	189	32
0	2	0	1	297	8
1	2	1	2	282	8
1	2	1	2	300	3
0	2	0	1	134	4
3	0	5	3	310	3
3	2	4	2	216	3
2	3	2	2	302	3
1	0	1	3	133	4
1	2	6	2	234	32
0	1	0	1	251	4
3	2	2	2	175	3
2	1	4	2	231	32
0	3	0	1	239	8
2	1	1	2	228	8
3	2	1	2	58	3
3	0	5	3	226	4
1	0	4	3	108	32
0	2	0	1	251	4
0	3	0	1	282	8
1	3	5	2	31	8
1	2	2	2	78	3
0	1	0	1	290	8
3	2	2	2	140	4
2	3	4	2	220	3
2	3	6	2	81	8
1	0	7	3	152	8
2	3	4	2	212	8
3	2	7	2	93	32
2	3	5	2	79	32
1	3	1	2	42	8
2	0	7	3	133	3
1	3	2	2	160	8
0	1	0	1	190	32
2	0	3	3	200	8
2	3	6	2	5	8
3	1	6	2	209	4
2	0	3	3	177	3
3	0	3	3	195	8
0	1	0	1	154	3
0	3	0	1	211	32
2	3	4	2	150	3
1	3	3	2	173	8
1	3	6	2	13	8
0	1	0	1	262	32
1	0	1	3	107	32
1	2	7	2	95	32
1	0	6	3	245	3
0	3	0	1	29	3
0	3	0	1	276	3
3	2	7	2	282	8
0	3	0	1	132	32
0	3	0	1	67	32
1	3	4	2	127	32
0	1	0	1	25	3
0	1	0	1	228	8
0	1	0	1	259	32
0	1	0	1	129	3
1	2	2	2	29	32
2	1	1	2	131	32
2	0	6	3	236	3
0	2	0	1	196	3
1	2	1	2	198	3
3	0	1	3	42	8
2	3	7	2	93	4
3	2	1	2	11	8
1	3	7	2	287	8
2	0	7	3	99	4
1	2	1	2	165	32
1	2	4	2	260	3
3	1	1	2	1	3
0	3	0	1	77	32
1	3	6	2	213	3
3	2	4	2	195	8
1	0	4	3	186	32
1	0	1	3	283	32
2	0	1	3	52	4
1	0	4	3	241	3
2	1	4	2	274	4
2	1	2	2	268	8
1	3	7	2	77	3
1	0	7	3	219	4
3	0	1	3	50	8
0	2	0	1	203	3
3	0	3	3	258	32
2	1	3	2	125	4
3	2	2	2	231	4
1	2	7	2	100	3
3	2	5	2	257	4
1	3	4	2	172	32
0	3	0	1	46	8
3	2	2	2	119	32
1	0	5	3	125	32
3	1	5	2	39	8
1	2	5	2	63	4
2	1	3	2	147	32
3	2	5	2	180	32
1	2	5	2	230	8
0	2	0	1	84	3
1	2	1	2	106	32
2	3	6	2	207	32
3	0	5	3	117	8
2	0	7	3	224	4
0	3	0	1	281	32
0	2	0	1	236	8
3	0	1	3	169	4
2	3	7	2	126	32
2	1	3	2	125	32
1	3	5	2	134	32
0	3	0	1	200	8
3	2	6	2	165	3
1	3	2	2	261	4
3	0	3	3	14	3
0	2	0	1	222	32
0	3	0	1	55	4
2	1	4	2	284	4
2	3	1	2	131	3
3	0	1	3	37	32
3	1	5	2	244	4
3	2	7	2	172	8
1	0	7	3	1	8
1	2	3	2	191	8
3	1	2	2	133	3
1	2	7	2	30	3
3	1	1	2	274	3
3	2	1	2	70	32
2	3	5	2	260	3
0	2	0	1	19	4
3	2	4	2	77	4
0	3	0	1	261	32
0	3	0	1	3	32
0	2	0	1	219	32
3	1	3	2	60	8
1	2	2	2	189	8
2	0	1	3	227	8
1	3	4	2	232	4
0	3	0	1	185	4
3	1	7	2	44	3
3	0	2	3	158	32
2	0	7	3	308	4
2	1	2	2	158	8
0	3	0	1	298	8
0	2	0	1	152	8
1	0	6	3	304	4
2	3	3	2	252	3
0	3	0	1	184	32
3	2	3	2	77	3
3	2	6	2	270	4
1	2	2	2	225	32
2	1	1	2	23	32
1	3	2	2	124	3
2	1	3	2	226	32
0	3	0	1	172	8
1	3	1	2	298	3
0	2	0	1	167	3
1	3	6	2	163	32
3	1	2	2	213	8
0	3	0	1	110	8
2	0	1	3	127	4
3	0	4	3	226	4
0	1	0	1	229	4
0	1	0	1	74	3
3	0	4	3	68	32
1	2	3	2	170	3
0	3	0	1	98	3
0	3	0	1	98	8
0	2	0	1	148	4
2	0	6	3	54	8
1	0	1	3	128	3
1	3	6	2	139	8
1	2	5	2	214	3
1	0	6	3	157	8
1	0	7	3	24	32
1	2	2	2	40	8
0	1	0	1	236	8
1	0	5	3	252	32
3	2	6	2	68	3
1	3	6	2	289	4
3	1	3	2	145	4
0	3	0	1	71	32
0	3	0	1	135	32
1	3	7	2	10	3
0	1	0	1	113	4
1	0	7	3	116	8
2	0	2	3	129	3
1	3	3	2	203	3
3	1	2	2	117	8
2	0	1	3	33	4
1	2	4	2	160	32
2	0	1	3	86	4
1	0	7	3	12	8
2	0	1	3	32	32
2	1	6	2	235	32
1	0	4	3	163	4
0	3	0	1	2	3
2	3	2	2	125	3
0	1	0	1	233	4
2	1	3	2	249	4
0	2	0	1	240	8
1	2	2	2	66	8
2	1	1	2	184	8
2	3	6	2	198	8
0	3	0	1	9	4
3	2	2	2	135	8
0	1	0	1	27	4
0	3	0	1	271	8
2	0	6	3	178	4
3	0	2	3	116	4
3	0	5	3	207	32
2	3	2	2	244	3
0	2	0	1	186	32
1	3	2	2	108	4
1	3	2	2	307	4
3	2	2	2	126	32
0	3	0	1	6	3
3	2	4	2	69	3
0	3	0	1	265	32
0	3	0	1	271	8
1	0	6	3	316	4
0	2	0	1	58	8
2	3	6	2	113	3
1	2	2	2	176	8
1	3	5	2	75	32
1	3	1	2	76	4
1	2	3	2	184	4
3	2	6	2	252	8
1	0	5	3	41	4
3	0	2	3	303	4
3	0	1	3	312	8
2	3	2	2	306	3
3	1	6	2	112	8
0	2	0	1	253	8
3	2	7	2	142	3
1	3	5	2	152	4
3	0	5	3	20	32
0	1	0	1	57	8
1	2	6	2	83	4
1	0	7	3	145	4
1	3	6	2	178	32
0	2	0	1	68	8
2	3	1	2	67	32
2	3	2	2	187	8
1	0	5	3	310	3
1	0	1	3	182	3
1	0	6	3	88	3
1	0	7	3	130	32
2	0	1	3	265	3
1	3	7	2	273	3
2	3	5	2	229	32
3	1	2	2	290	3
2	3	7	2	160	3
2	3	6	2	72	4
3	1	1	2	296	8
3	2	5	2	221	4
1	0	7	3	69	4
1	2	1	2	137	8
3	1	1	2	213	4
0	2	0	1	173	4
0	1	0	1	270	32
0	1	0	1	3	4
0	1	0	1	268	3
1	2	5	2	209	4
1	3	4	2	230	3
3	2	5	2	268	32
1	3	7	2	267	8
2	1	7	2	94	3
2	1	4	2	95	32
0	2	0	1	196	3
2	0	7	3	93	32
2	1	6	2	100	8
2	3	3	2	25	4
1	2	5	2	182	8
2	3	3	2	206	4
2	0	3	3	194	3
0	2	0	1	56	8
2	0	1	3	63	4
3	0	3	3	161	32
3	1	6	2	200	8
0	2	0	1	39	4
0	2	0	1	251	4
2	0	1	3	185	8
1	0	7	3	265	8
0	2	0	1	94	32
0	3	0	1	182	32
0	1	0	1	200	3
3	0	1	3	192	4
3	0	4	3	302	4
3	2	5	2	222	4
2	0	7	3	123	8
0	1	0	1	39	8
0	2	0	1	49	32
3	1	2	2	265	8
3	0	3	3	82	3
1	2	3	2	229	8
2	0	1	3	235	3
1	0	1	3	87	4
1	3	3	2	302	8
2	0	1	3	133	8
1	2	1	2	48	3
3	0	4	3	158	3
1	0	7	3	295	8
3	0	3	3	297	3
0	2	0	1	175	3
1	0	6	3	249	4
0	1	0	1	51	8
1	3	5	2	204	8
0	3	0	1	247	8
3	1	1	2	270	4
1	2	3	2	70	8
0	2	0	1	219	8
3	1	7	2	130	3
3	1	2	2	282	32
2	0	3	3	258	32
3	1	4	2	134	4
3	1	7	2	91	8
2	0	7	3	95	32
2	0	6	3	271	4
2	0	3	3	137	32
2	0	2	3	67	3
2	1	2	2	22	4
2	3	7	2	151	3
1	0	5	3	211	32
3	0	3	3	26	4
2	1	2	2	201	32
1	3	5	2	89	32
3	2	2	2	39	8
0	1	0	1	176	32
1	0	5	3	1	4
3	2	4	2	35	32
1	3	1	2	278	32
2	1	2	2	204	4
0	2	0	1	132	8
0	3	0	1	261	3
1	2	2	2	12	32
1	0	7	3	150	8
2	0	3	3	195	32
1	3	4	2	312	3
2	0	1	3	268	32
2	0	1	3	309	8
3	1	1	2	15	32
3	0	4	3	120	8
3	0	4	3	114	32
2	0	2	3	95	32
1	0	7	3	263	32
2	3	6	2	41	4
3	2	7	2	216	8
2	0	6	3	54	3
2	0	1	3	103	8
3	1	1	2	102	32
0	1	0	1	181	3
2	1	2	2	207	32
3	2	6	2	8	3
1	3	2	2	315	4
1	0	5	3	232	4
1	0	1	3	19	8
2	1	6	2	257	32
1	0	7	3	38	4
2	0	2	3	153	32
3	0	1	3	243	8
2	0	3	3	29	32
3	2	5	2	240	3
1	3	5	2	39	8
0	1	0	1	68	32
3	0	5	3	95	3
0	1	0	1	115	3
1	0	6	3	65	8
3	1	2	2	280	32
3	0	3	3	222	8
0	2	0	1	179	3
2	0	3	3	102	4
1	2	1	2	182	8
2	0	3	3	91	8
0	3	0	1	2	4
3	0	1	3	274	3
3	0	2	3	284	4
0	2	0	1	294	4
2	3	1	2	196	8
2	0	3	3	193	3
3	2	5	2	272	4
0	2	0	1	149	32
0	1	0	1	237	3
0	2	0	1	179	4
3	0	2	3	212	32
0	1	0	1	140	3
2	3	6	2	139	32
0	1	0	1	136	3
3	0	1	3	203	3
2	0	1	3	202	8
1	0	4	3	71	32
1	0	4	3	90	4
2	1	1	2	10	8
0	1	0	1	174	8
1	2	6	2	294	4
0	2	0	1	122	3
3	2	1	2	37	8
1	0	1	3	250	4
3	1	7	2	179	4
0	2	0	1	255	4
0	1	0	1	180	3
0	2	0	1	44	4
1	2	5	2	254	4
1	2	6	2	2	8
1	2	2	2	196	3
1	2	7	2	282	8
0	1	0	1	260	4
1	3	1	2	113	3
2	0	1	3	204	32
3	2	3	2	32	8
0	2	0	1	271	8
2	3	5	2	118	32
2	1	7	2	64	3
2	3	4	2	112	32
0	2	0	1	127	8
2	3	5	2	252	3
1	0	7	3	312	3
2	1	2	2	209	32
2	1	4	2	296	8
0	3	0	1	52	8
0	1	0	1	1	3
1	2	3	2	2	32
1	2	6	2	191	8
2	1	7	2	208	3
2	3	5	2	90	4
1	2	3	2	45	8
2	0	6	3	222	32
2	3	5	2	232	4
3	1	3	2	277	4
3	1	2	2	309	4
0	1	0	1	274	32
3	2	3	2	305	3
3	2	2	2	88	32
2	1	4	2	117	32
3	0	5	3	305	4
1	0	6	3	100	4
0	1	0	1	149	8
1	3	3	2	58	3
1	2	1	2	252	3
3	0	5	3	147	4
0	2	0	1	303	3
2	3	6	2	222	8
1	2	7	2	143	32
0	3	0	1	217	3
2	3	2	2	136	3
1	0	4	3	81	8
2	0	1	3	138	8
1	0	6	3	132	32
2	0	6	3	187	4
2	1	7	2	53	3
1	3	2	2	187	32
3	2	4	2	60	32
2	1	6	2	202	3
2	3	7	2	41	4
1	0	5	3	206	32
2	1	6	2	291	4
3	2	3	2	34	3
0	1	0	1	310	8
2	3	4	2	275	8
1	0	6	3	133	3
3	0	4	3	168	32
3	1	3	2	291	3
2	1	7	2	288	8
1	3	5	2	146	4
0	1	0	1	160	32
1	3	4	2	177	32
3	1	5	2	36	3
2	1	6	2	206	4
3	0	3	3	17	32
1	0	5	3	277	32
2	0	3	3	5	4
1	0	7	3	201	4
2	3	5	2	106	4
3	0	3	3	82	3
3	0	2	3	269	3
3	1	2	2	190	3
3	2	1	2	299	3
1	3	1	2	224	32
2	0	6	3	217	32
0	1	0	1	65	8
3	0	2	3	224	8
2	3	4	2	308	8
3	2	5	2	241	32
0	1	0	1	0	3
0	3	0	1	38	32
0	3	0	1	255	8
0	3	0	1	181	8
2	1	1	2	105	8
1	2	4	2	104	3
1	2	2	2	62	3
3	1	3	2	140	32
2	3	7	2	41	32
0	3	0	1	257	32
2	3	3	2	43	4
3	2	5	2	189	8
3	2	5	2	24	32
1	3	2	2	101	4
1	2	6	2	162	8
0	1	0	1	70	8
0	3	0	1	105	8
2	0	3	3	124	8
0	3	0	1	272	32
3	0	1	3	94	8
2	3	6	2	173	4
0	2	0	1	55	8
0	2	0	1	130	32
1	2	7	2	313	4
1	0	6	3	130	32
0	3	0	1	274	32
0	1	0	1	58	8
1	2	4	2	201	4
1	0	1	3	101	4
1	0	7	3	173	32
0	1	0	1	306	8
1	0	7	3	101	3
3	1	6	2	192	32
3	0	3	3	62	32
1	0	7	3	169	32
1	2	3	2	63	8
0	3	0	1	5	32
1	0	7	3	215	4
0	3	0	1	17	8
0	1	0	1	57	8
3	0	1	3	33	8
0	1	0	1	145	4
0	1	0	1	86	8
0	3	0	1	222	8
3	1	6	2	237	32
3	0	3	3	75	8
3	2	4	2	149	4
3	1	3	2	3	3
3	2	5	2	57	8
3	2	7	2	172	4
1	2	6	2	251	8
0	2	0	1	49	8
2	0	7	3	91	32
1	3	7	2	137	3
3	2	5	2	103	4
1	0	4	3	2	4
2	0	1	3	263	32
3	0	4	3	54	4
3	1	4	2	173	8
3	1	4	2	104	3
1	3	3	2	155	8
2	3	1	2	76	32
0	3	0	1	179	4
2	3	3	2	104	3
1	2	6	2	314	3
2	3	5	2	202	3
0	3	0	1	192	3
0	3	0	1	276	8
3	0	4	3	89	8
0	1	0	1	47	4
3	2	7	2	127	3
0	3	0	1	128	8
1	3	1	2	184	32
3	0	3	3	139	3
2	0	3	3	140	32
2	3	5	2	23	3
1	3	1	2	106	32
3	0	1	3	32	3
2	0	6	3	269	32
0	3	0	1	142	8
0	2	0	1	30	8
1	2	2	2	119	3
3	1	1	2	5	8
2	0	3	3	104	3
1	3	5	2	83	32
3	0	4	3	308	4
2	3	4	2	229	4
2	0	2	3	240	4
0	3	0	1	223	4
2	1	5	2	213	8
3	1	3	2	108	32
1	0	5	3	260	8
2	1	7	2	205	4
1	2	1	2	265	32
2	3	7	2	157	3
0	2	0	1	135	4
3	2	3	2	175	3
0	3	0	1	112	4
1	0	5	3	295	8
0	3	0	1	227	4
1	3	6	2	136	8
1	2	1	2	196	32
1	3	7	2	258	4
1	3	4	2	77	8
2	0	6	3	196	4
0	1	0	1	197	8
2	0	7	3	148	3
2	1	6	2	235	3
2	3	3	2	117	3
2	1	3	2	262	3
1	3	2	2	225	8
0	3	0	1	119	3
1	2	2	2	25	4
3	0	2	3	179	4
1	0	7	3	62	8
1	3	7	2	147	32
3	0	5	3	107	3
2	3	7	2	96	32
1	3	1	2	175	4
0	1	0	1	239	4
0	1	0	1	79	4
3	0	2	3	241	4
3	0	1	3	130	8
0	1	0	1	247	8
2	3	2	2	191	4
1	2	3	2	84	32
0	1	0	1	108	3
2	0	6	3	156	32
1	0	4	3	61	3
2	0	2	3	216	32
0	1	0	1	20	3
3	0	1	3	22	8
0	3	0	1	60	32
3	2	7	2	31	32
0	3	0	1	201	3
0	1	0	1	213	32
2	3	5	2	215	8
0	2	0	1	42	4
1	3	2	2	121	32
3	2	3	2	197	3
2	0	7	3	253	3
1	2	3	2	233	4
2	3	2	2	254	4
1	3	1	2	273	32
0	1	0	1	129	4
1	2	1	2	132	4
2	3	1	2	93	32
0	1	0	1	316	4
3	0	3	3	298	3
2	1	4	2	274	4
3	1	1	2	315	3
1	3	2	2	136	8
0	1	0	1	2	32
3	2	7	2	215	8
1	0	5	3	306	4
0	3	0	1	5	32
2	3	3	2	178	8
0	2	0	1	208	8
2	3	6	2	261	3
1	2	4	2	28	32
0	2	0	1	39	3
3	0	5	3	287	32
2	0	1	3	51	3
1	0	1	3	153	3
2	0	6	3	257	32
3	2	6	2	152	4
3	0	4	3	87	8
3	1	1	2	4	4
1	3	6	2	154	3
1	0	4	3	45	3
0	3	0	1	91	3
1	0	7	3	34	32
0	1	0	1	130	3
2	1	3	2	120	3
3	1	2	2	160	32
1	2	7	2	230	3
3	2	4	2	97	32
0	1	0	1	171	4
2	1	2	2	28	4
1	0	4	3	180	3
0	3	0	1	108	3
1	2	2	2	50	8
3	2	4	2	239	4
0	1	0	1	229	8
1	3	7	2	181	8
0	3	0	1	259	3
1	0	7	3	304	8
1	3	6	2	44	4
3	2	3	2	66	3
3	0	4	3	34	8
0	3	0	1	130	3
3	1	7	2	8	4
1	0	1	3	216	32
1	2	1	2	259	32
3	1	4	2	3	3
3	2	4	2	118	8
3	1	2	2	214	32
3	2	1	2	43	32
2	3	2	2	172	32
2	3	7	2	177	32
3	2	5	2	68	4
1	3	5	2	245	8
1	3	2	2	143	3
2	3	4	2	193	8
3	0	3	3	221	4
3	1	5	2	49	3
1	2	7	2	273	32
1	0	5	3	56	32
1	2	1	2	163	4
0	2	0	1	70	32
0	3	0	1	256	8
2	3	6	2	50	4
1	2	3	2	267	8
3	1	2	2	72	32
2	0	3	3	147	4
1	0	4	3	216	3
2	1	5	2	2	8
2	3	3	2	32	4
3	1	2	2	223	8
2	3	4	2	49	32
3	2	2	2	61	4
1	3	5	2	274	32
2	0	7	3	280	8
2	3	2	2	314	4
1	0	7	3	225	32
3	2	6	2	53	8
1	3	5	2	94	3
1	2	3	2	228	3
0	3	0	1	258	8
2	1	3	2	156	3
2	1	4	2	93	8
3	2	7	2	274	8
1	0	4	3	100	3
3	1	2	2	2	32
1	0	5	3	173	32
3	1	2	2	129	32
0	1	0	1	238	3
3	1	5	2	128	4
2	1	4	2	166	3
2	3	3	2	132	3
2	1	2	2	109	3
0	2	0	1	289	8
1	3	2	2	189	3
2	0	1	3	11	32
0	1	0	1	255	4
1	3	3	2	119	3
3	0	4	3	12	32
3	2	2	2	204	4
2	3	7	2	279	32
1	3	1	2	277	32
1	3	4	2	29	8
1	3	1	2	154	4
2	1	6	2	208	8
3	1	7	2	56	8
2	1	2	2	234	4
1	2	2	2	71	3
1	2	7	2	204	3
1	2	7	2	35	4
3	1	7	2	114	3
1	0	5	3	197	8
2	3	3	2	268	3
0	3	0	1	224	3
0	2	0	1	209	8
0	1	0	1	6	32
2	3	4	2	243	4
1	2	4	2	56	3
0	1	0	1	247	32
1	2	1	2	78	3
2	3	2	2	206	32
3	2	7	2	176	8
0	1	0	1	114	4
2	1	2	2	62	8
3	2	4	2	269	8
3	0	2	3	98	32
2	0	3	3	70	32
0	2	0	1	93	32
2	1	7	2	270	4
2	1	5	2	194	32
3	0	5	3	180	4
3	0	3	3	233	32
2	3	6	2	187	32
0	2	0	1	116	32
1	0	6	3	129	4
0	2	0	1	139	32
1	0	5	3	35	4
0	1	0	1	87	3
1	2	4	2	271	8
0	3	0	1	100	8
3	0	4	3	261	32
3	0	4	3	259	3
1	2	7	2	229	3
0	2	0	1	38	4
3	0	5	3	274	8
0	3	0	1	215	32
3	0	5	3	73	4
2	1	6	2	38	32
1	2	2	2	9	4
3	2	2	2	76	4
3	1	7	2	163	32
2	1	3	2	36	3
1	3	1	2	191	4
0	2	0	1	34	3
0	3	0	1	56	3
2	3	5	2	279	3
3	0	1	3	104	32
2	0	2	3	245	3
3	2	6	2	31	32
2	3	1	2	251	4
1	3	1	2	241	3
2	3	1	2	84	4
0	1	0	1	221	3
2	3	7	2	290	4
3	0	1	3	203	4
0	3	0	1	205	3
0	1	0	1	278	3
0	3	0	1	89	32
3	1	6	2	283	3
3	2	3	2	130	32
1	3	3	2	201	4
3	2	1	2	282	32
0	2	0	1	155	8
0	2	0	1	301	3
2	0	7	3	239	32
0	1	0	1	259	3
3	0	2	3	88	32
0	1	0	1	176	8
3	2	4	2	55	4
3	0	1	3	286	8
0	3	0	1	145	3
0	3	0	1	159	3
3	1	7	2	207	4
2	0	6	3	76	3
3	0	4	3	213	32
2	1	1	2	207	8
3	1	7	2	139	8
3	0	4	3	52	4
0	2	0	1	256	32
0	3	0	1	225	8
2	1	1	2	260	3
1	3	1	2	156	8
3	1	4	2	239	4
2	1	4	2	268	8
2	3	2	2	168	4
2	3	6	2	210	8
2	1	4	2	292	3
3	2	6	2	204	4
3	2	5	2	147	3
2	3	6	2	96	32
2	1	3	2	258	3
3	2	2	2	301	8
1	0	7	3	168	4
1	2	4	2	32	32
0	1	0	1	177	32
0	2	0	1	231	4
3	1	6	2	227	4
1	3	2	2	52	8
0	2	0	1	153	8
2	3	7	2	258	3
3	1	4	2	123	32
1	2	3	2	19	32
3	0	5	3	19	4
0	3	0	1	101	3
2	1	7	2	271	4
0	3	0	1	53	32
2	1	4	2	119	32
2	3	6	2	74	4
1	0	1	3	263	8
1	3	7	2	65	4
2	3	5	2	110	32
0	3	0	1	22	4
3	2	2	2	76	8
0	1	0	1	312	4
1	0	7	3	2	32
3	1	1	2	121	4
3	1	3	2	157	4
1	2	5	2	148	3
1	2	7	2	180	3
3	0	1	3	27	32
3	2	4	2	245	8
1	2	6	2	6	4
3	0	5	3	64	3
3	2	1	2	92	8
2	1	1	2	85	32
1	3	1	2	181	8
0	2	0	1	192	4
0	2	0	1	88	32
2	3	2	2	297	8
3	1	7	2	44	8
0	2	0	1	242	8
3	1	7	2	120	4
3	2	7	2	2	3
3	1	6	2	269	4
1	3	7	2	165	8
1	2	1	2	289	4
3	1	5	2	144	3
1	3	2	2	182	4
0	2	0	1	240	8
2	1	2	2	88	8
1	3	6	2	48	32
2	3	2	2	263	3
2	0	3	3	12	4
3	2	6	2	27	4
1	0	1	3	199	3
0	2	0	1	281	32
0	1	0	1	8	32
0	3	0	1	39	3
0	3	0	1	11	4
2	0	1	3	212	32
3	1	5	2	77	32
0	1	0	1	133	3
3	0	2	3	41	3
0	3	0	1	173	3
1	2	7	2	91	32
3	0	2	3	160	4
0	3	0	1	27	4
2	3	4	2	35	4
2	0	6	3	55	32
3	1	1	2	128	3
3	0	3	3	240	32
0	2	0	1	224	8
0	3	0	1	172	32
1	2	4	2	194	3
1	2	2	2	186	4
2	3	3	2	11	3
1	0	5	3	181	4
2	0	2	3	189	32
0	1	0	1	146	3
1	2	1	2	21	8
0	2	0	1	240	8
2	3	2	2	186	8
0	2	0	1	131	8
2	3	1	2	39	32
0	2	0	1	198	3
3	2	6	2	279	4
0	3	0	1	114	8
0	2	0	1	123	3
2	1	2	2	237	3
2	0	7	3	3	8
3	1	4	2	177	8
1	3	2	2	310	4
1	3	2	2	156	3
1	3	7	2	172	4
1	2	4	2	57	32
2	1	2	2	9	8
2	0	1	3	33	32
2	3	5	2	215	3
0	3	0	1	12	8
1	3	1	2	231	8
2	1	7	2	182	4
3	0	2	3	203	8
0	3	0	1	144	8
2	0	2	3	58	32
0	2	0	1	91	32
2	1	7	2	165	4
0	3	0	1	297	8
3	0	4	3	103	8
1	0	6	3	131	32
1	0	1	3	138	32
0	1	0	1	260	4
3	0	3	3	209	3
1	3	5	2	315	3
0	1	0	1	90	32
2	0	7	3	307	4
2	0	1	3	180	8
3	1	1	2	35	4
3	0	4	3	195	32
1	0	1	3	224	4
3	1	7	2	126	4
1	0	7	3	86	8
1	3	3	2	83	8
1	0	4	3	163	3
0	3	0	1	222	3
1	3	4	2	43	32
0	1	0	1	212	3
3	0	1	3	139	4
2	0	3	3	134	8
1	2	1	2	177	32
0	3	0	1	124	32
3	1	6	2	140	8
3	2	7	2	235	32
1	2	6	2	288	4
2	0	2	3	115	8
2	3	4	2	119	3
2	1	2	2	215	3
0	2	0	1	126	3
0	2	0	1	157	8
1	3	5	2	271	3
0	2	0	1	101	32
3	0	4	3	251	8
0	2	0	1	286	3
0	1	0	1	85	8
1	2	6	2	83	4
1	2	5	2	150	8
3	2	2	2	195	32
2	0	3	3	35	4
2	3	6	2	14	32
1	0	1	3	8	3
2	1	5	2	117	3
0	1	0	1	136	8
1	2	6	2	310	8
3	2	4	2	113	32
0	2	0	1	310	8
1	2	2	2	231	4
2	1	3	2	99	8
1	2	7	2	17	3
2	0	1	3	3	32
1	0	4	3	163	3
2	3	7	2	154	4
3	1	1	2	85	4
2	0	6	3	257	3
2	0	3	3	129	32
0	3	0	1	258	4
3	1	7	2	67	4
2	3	5	2	222	4
0	2	0	1	226	3
0	1	0	1	102	3
0	3	0	1	124	32
2	3	6	2	217	4
3	1	5	2	147	8
1	3	3	2	167	32
2	0	3	3	198	3
3	1	6	2	50	32
3	1	5	2	300	4
3	2	5	2	292	8
1	2	6	2	0	32
3	2	2	2	223	4
1	0	4	3	145	8
3	0	4	3	241	3
1	0	7	3	158	32
0	2	0	1	68	8
3	0	2	3	72	4
3	1	1	2	138	3
2	3	6	2	45	4
2	1	3	2	125	3
3	1	4	2	120	4
3	2	3	2	86	4
0	2	0	1	154	4
3	2	7	2	48	8
2	1	3	2	271	3
2	0	6	3	213	3
1	3	5	2	59	3
3	0	1	3	66	32
0	2	0	1	41	4
0	2	0	1	82	8
1	3	1	2	272	4
3	0	3	3	274	32
3	0	3	3	116	32
3	0	3	3	185	8
1	2	5	2	101	32
1	2	3	2	249	4
3	0	1	3	236	32
0	3	0	1	227	8
3	0	2	3	205	32
2	1	2	2	270	4
0	3	0	1	144	32
1	3	4	2	202	8
0	1	0	1	204	32
2	3	1	2	265	4
1	0	4	3	248	4
3	0	4	3	230	8
1	2	5	2	124	8
0	1	0	1	150	8
1	3	5	2	287	4
1	2	4	2	34	4
0	3	0	1	122	4
0	2	0	1	71	3
0	1	0	1	288	8
3	2	5	2	199	32
2	3	2	2	35	4
2	1	6	2	266	32
0	1	0	1	307	8
1	3	2	2	119	4
0	3	0	1	120	8
0	1	0	1	229	3
2	0	1	3	285	8
1	2	2	2	100	8
0	2	0	1	220	8
0	1	0	1	162	8
3	1	7	2	258	3
2	3	6	2	168	8
2	1	4	2	276	32
0	2	0	1	242	32
2	0	7	3	61	3
1	2	2	2	146	32
1	0	4	3	258	3
1	2	4	2	48	32
0	3	0	1	83	4
1	0	5	3	68	3
1	3	7	2	156	4
0	1	0	1	217	8
1	3	3	2	85	8
0	3	0	1	215	4
3	1	4	2	154	3
2	0	2	3	171	4
1	3	4	2	173	3
3	0	4	3	218	32
0	1	0	1	139	3
0	2	0	1	281	8
0	2	0	1	50	8
2	3	1	2	185	4
1	2	1	2	157	4
3	2	1	2	255	4
2	1	2	2	77	4
1	2	5	2	2	3
1	2	1	2	71	4
2	1	1	2	28	32
3	1	4	2	245	32
3	1	4	2	120	8
2	3	5	2	177	32
3	2	2	2	247	4
2	1	4	2	231	3
1	2	4	2	311	3
3	2	2	2	299	8
2	3	6	2	141	4
0	3	0	1	229	8
2	0	2	3	160	8
3	0	3	3	278	3
1	0	6	3	168	3
3	0	4	3	89	3
0	1	0	1	119	32
3	1	2	2	290	3
3	2	3	2	49	32
0	1	0	1	140	4
3	1	6	2	230	8
3	2	3	2	224	32
2	1	5	2	240	4
1	2	1	2	41	8
1	0	6	3	241	32
0	1	0	1	48	8
3	2	6	2	312	4
0	3	0	1	110	32
2	0	7	3	196	32
1	0	5	3	6	32
3	1	2	2	218	8
3	0	3	3	20	32
0	2	0	1	302	8
1	0	6	3	258	8
1	0	1	3	209	3
2	3	4	2	71	32
1	0	6	3	290	3
0	3	0	1	258	3
0	2	0	1	97	3
3	2	3	2	170	4
2	0	3	3	101	32
2	1	4	2	188	4
0	2	0	1	111	32
0	2	0	1	178	3
1	0	7	3	163	4
3	1	6	2	39	8
1	3	6	2	185	4
3	2	1	2	163	32
2	3	6	2	311	8
3	1	1	2	130	3
2	0	7	3	296	3
2	1	4	2	107	4
0	3	0	1	87	32
1	3	4	2	233	8
0	2	0	1	219	8
0	3	0	1	60	3
1	3	6	2	148	3
3	2	4	2	199	32
3	2	6	2	195	32
1	0	1	3	235	4
0	1	0	1	88	3
3	0	4	3	51	8
3	0	2	3	104	3
2	1	2	2	134	4
1	2	6	2	55	4
0	2	0	1	92	4
3	1	6	2	6	4
3	0	2	3	41	8
2	3	3	2	178	32
2	0	7	3	23	32
2	3	1	2	89	3
2	3	6	2	81	8
2	1	7	2	95	8
1	2	7	2	14	3
3	0	2	3	116	8
3	2	7	2	307	3
2	0	3	3	277	32
1	2	1	2	137	3
0	2	0	1	245	8
2	3	7	2	108	4
3	2	6	2	5	4
1	3	7	2	246	32
2	1	1	2	171	3
3	2	2	2	79	8
3	0	5	3	54	4
1	0	6	3	158	4
3	1	7	2	4	3
2	0	1	3	49	8
2	0	1	3	273	32
3	1	2	2	33	8
2	1	1	2	44	8
1	2	6	2	224	32
0	3	0	1	282	4
2	1	6	2	78	32
3	2	5	2	171	8
1	0	4	3	123	4
2	3	7	2	284	3
1	3	1	2	39	32
1	2	7	2	228	3
0	1	0	1	2	3
1	2	7	2	230	8
2	3	3	2	4	8
0	3	0	1	42	32
3	2	7	2	152	32
0	1	0	1	261	8
2	1	7	2	181	8
2	1	7	2	203	32
0	2	0	1	10	8
3	2	7	2	255	8
1	2	1	2	261	8
3	1	6	2	213	3
3	1	2	2	287	3
3	0	5	3	185	3
1	3	5	2	120	32
0	3	0	1	161	8
3	0	1	3	310	8
1	2	5	2	221	4
0	2	0	1	125	4
2	0	2	3	267	8
1	3	3	2	281	4
1	3	1	2	12	3
0	1	0	1	159	32
1	0	6	3	261	4
2	1	6	2	187	4
1	0	7	3	280	8
0	2	0	1	278	32
3	2	4	2	34	8
3	1	7	2	152	8
2	3	5	2	206	8
3	0	5	3	33	32
2	3	6	2	103	4
0	1	0	1	178	4
3	2	5	2	74	8
3	2	5	2	200	8
3	1	4	2	150	8
0	3	0	1	148	3
1	2	7	2	251	8
1	2	4	2	279	8
3	2	2	2	284	4
1	0	7	3	175	4
0	1	0	1	25	4
3	2	7	2	85	32
3	2	5	2	7	32
3	2	3	2	249	4
3	1	5	2	255	3
1	0	7	3	77	4
2	1	3	2	126	4
3	0	4	3	230	8
2	0	2	3	140	8
1	2	7	2	112	32
0	2	0	1	187	32
3	1	4	2	132	3
1	0	1	3	35	8
2	0	7	3	115	3
2	1	3	2	271	8
1	0	5	3	123	3
3	1	6	2	70	32
1	2	1	2	90	4
0	2	0	1	306	4
1	2	2	2	315	3
0	3	0	1	155	3
0	3	0	1	244	32
0	3	0	1	227	32
1	3	3	2	157	32
2	3	5	2	135	3
0	3	0	1	34	8
1	3	7	2	109	4
2	1	5	2	65	32
3	1	5	2	4	4
1	3	5	2	221	8
1	3	2	2	169	8
1	0	7	3	228	4
2	1	2	2	140	8
0	2	0	1	265	32
1	0	5	3	276	32
3	2	7	2	216	4
2	1	1	2	87	3
0	3	0	1	244	3
3	0	5	3	0	32
3	0	2	3	211	4
2	0	7	3	11	32
1	0	7	3	206	4
3	0	1	3	186	4
2	0	6	3	221	3
3	0	3	3	189	32
0	2	0	1	239	32
0	1	0	1	143	32
0	2	0	1	245	4
3	1	5	2	262	4
2	0	3	3	3	4
0	2	0	1	273	3
3	0	4	3	133	3
0	2	0	1	104	8
2	1	2	2	265	8
1	0	5	3	47	32
3	0	1	3	254	8
0	2	0	1	192	3
0	2	0	1	130	32
0	2	0	1	303	3
0	3	0	1	96	3
2	3	6	2	279	32
1	0	4	3	249	4
1	2	4	2	151	8
1	0	4	3	148	8
0	2	0	1	152	3
3	0	3	3	289	4
1	0	4	3	276	3
1	2	7	2	78	3
3	2	1	2	221	3
0	1	0	1	111	32
3	0	5	3	314	4
1	3	7	2	222	3
0	2	0	1	127	3
0	2	0	1	47	8
2	1	5	2	174	4
1	3	1	2	116	8
3	2	7	2	76	3
2	0	7	3	33	8
3	2	2	2	30	4
1	2	6	2	93	4
3	1	3	2	124	3
0	1	0	1	311	3
3	1	3	2	155	4
0	3	0	1	197	8
1	3	5	2	255	4
0	2	0	1	209	8
1	2	7	2	52	32
0	2	0	1	81	8
3	2	5	2	146	8
3	2	3	2	214	3
2	3	2	2	292	8
0	3	0	1	25	4
1	0	1	3	23	32
0	3	0	1	103	8
0	1	0	1	120	32
0	3	0	1	277	3
0	2	0	1	305	8
3	0	5	3	152	8
1	3	5	2	242	3
3	2	4	2	312	4
0	1	0	1	165	3
1	0	4	3	45	32
3	1	7	2	41	3
1	2	4	2	222	3
1	0	1	3	75	3
1	3	2	2	294	4
0	2	0	1	189	8
1	0	1	3	225	3
0	2	0	1	145	8
1	2	5	2	264	32
3	0	1	3	26	4
2	3	6	2	232	8
0	3	0	1	57	32
3	2	5	2	246	32
3	0	4	3	183	8
3	2	4	2	153	4
3	1	6	2	168	32
0	2	0	1	288	8
0	1	0	1	266	32
0	3	0	1	40	3
3	1	1	2	79	4
0	3	0	1	204	3
3	0	2	3	70	8
0	3	0	1	164	4
2	1	3	2	165	4
2	1	7	2	11	4
1	3	3	2	76	3
3	0	2	3	79	8
3	1	6	2	307	3
2	3	2	2	148	32
2	3	2	2	188	3
0	1	0	1	130	32
0	3	0	1	7	8
0	3	0	1	58	8
0	1	0	1	275	8
0	1	0	1	16	32
3	1	5	2	147	3
3	0	5	3	56	32
2	1	3	2	69	4
3	2	5	2	133	32
0	3	0	1	15	32
2	1	4	2	68	3
1	2	7	2	103	8
3	0	1	3	97	3
3	1	5	2	292	4
2	1	3	2	89	3
3	0	3	3	293	8
2	0	7	3	270	8
2	3	1	2	20	8
1	3	7	2	206	32
1	0	1	3	197	3
1	3	4	2	101	3
1	0	7	3	183	4
1	0	7	3	271	4
0	2	0	1	195	3
2	3	7	2	43	32
0	1	0	1	215	4
2	3	3	2	75	4
2	1	5	2	42	32
2	1	3	2	245	4
0	1	0	1	134	32
3	2	2	2	44	8
3	2	2	2	258	3
2	0	2	3	129	32
0	3	0	1	187	32
0	3	0	1	120	8
3	1	1	2	262	3
0	3	0	1	201	32
2	3	7	2	228	32
1	0	5	3	46	32
2	0	7	3	33	8
0	3	0	1	294	8
0	1	0	1	156	3
1	0	1	3	74	3
1	0	7	3	83	4
2	0	7	3	148	32
3	0	5	3	297	4
1	3	3	2	235	8
2	3	2	2	42	4
0	3	0	1	280	8
2	0	7	3	222	8
3	2	2	2	80	8
2	0	3	3	189	3
0	2	0	1	248	4
1	3	7	2	52	32
1	0	1	3	7	32
1	3	3	2	2	4
1	0	7	3	257	4
1	3	2	2	12	8
1	0	4	3	9	3
1	3	6	2	105	4
3	0	1	3	152	3
2	3	5	2	35	4
0	1	0	1	150	8
2	3	1	2	220	3
0	3	0	1	84	4
3	0	4	3	159	3
0	1	0	1	183	8
1	2	1	2	219	3
0	1	0	1	42	4
0	3	0	1	93	32
3	2	5	2	202	3
0	2	0	1	173	3
0	3	0	1	168	8
1	0	4	3	254	8
1	0	6	3	224	8
1	2	2	2	39	32
0	3	0	1	86	32
3	0	2	3	89	32
1	2	6	2	94	32
2	3	2	2	162	3
3	2	2	2	159	3
2	1	2	2	249	32
2	0	6	3	4	8
1	2	2	2	287	8
2	0	6	3	52	4
1	3	2	2	167	3
3	1	7	2	45	32
3	2	2	2	313	3
3	1	6	2	306	8
1	2	3	2	123	8
3	0	4	3	189	32
1	3	3	2	40	3
2	0	6	3	206	3
1	3	4	2	26	3
2	3	7	2	213	32
2	1	7	2	281	32
0	1	0	1	33	4
3	2	1	2	266	8
3	1	7	2	211	32
0	2	0	1	192	8
0	2	0	1	3	32
0	1	0	1	103	3
2	1	2	2	21	3
0	3	0	1	220	8
1	2	4	2	250	4
2	1	6	2	205	8
3	2	5	2	97	4
3	0	5	3	73	4
1	2	7	2	274	8
1	0	4	3	115	8
2	3	7	2	210	8
0	3	0	1	21	8
0	2	0	1	106	3
1	2	5	2	131	8
1	0	7	3	93	4
1	0	6	3	99	8
2	3	2	2	190	3
2	3	7	2	290	8
2	0	6	3	150	32
0	1	0	1	245	3
0	2	0	1	190	4
1	3	7	2	161	3
2	1	6	2	61	4
2	0	1	3	293	8
1	3	7	2	71	8
1	2	3	2	130	8
1	2	7	2	129	8
2	0	7	3	148	8
3	1	2	2	143	32
1	0	6	3	216	3
2	3	5	2	250	4
2	3	7	2	257	4
3	2	3	2	234	8
0	1	0	1	280	32
3	1	7	2	228	8
1	0	5	3	144	8
2	3	5	2	244	8
3	1	4	2	301	8
0	1	0	1	127	32
2	3	1	2	294	3
