1	2	5	2	81	8
1	0	7	3	50	32
2	1	6	2	82	3
1	3	4	2	282	3
2	0	7	3	235	32
1	3	2	2	311	8
1	3	6	2	120	3
3	1	2	2	25	8
2	3	7	2	234	8
3	0	5	3	185	32
1	2	5	2	191	3
2	3	7	2	277	3
3	2	1	2	133	3
1	3	3	2	314	3
3	0	4	3	158	4
2	0	7	3	214	3
1	2	2	2	153	4
0	2	0	1	18	3
0	2	0	1	175	8
0	3	0	1	40	3
2	1	6	2	174	32
2	0	2	3	287	8
3	0	1	3	265	4
2	1	1	2	213	32
0	3	0	1	236	8
1	2	2	2	171	4
2	3	3	2	45	32
3	2	3	2	216	8
1	2	4	2	67	8
2	0	1	3	92	8
0	2	0	1	211	3
1	3	6	2	90	8
1	3	6	2	7	4
1	0	7	3	205	4
0	1	0	1	265	4
0	1	0	1	62	4
0	2	0	1	185	8
3	0	4	3	30	4
1	2	7	2	279	4
1	0	5	3	179	4
1	2	3	2	202	32
0	3	0	1	20	4
2	1	2	2	221	32
1	3	5	2	268	3
3	0	2	3	174	3
1	0	1	3	33	3
3	2	2	2	1	32
2	1	1	2	29	32
3	1	6	2	56	3
2	0	6	3	219	4
0	3	0	1	107	3
3	2	2	2	164	8
1	0	4	3	124	4
1	2	1	2	141	4
1	2	7	2	221	8
2	0	3	3	224	32
3	0	4	3	243	3
2	1	6	2	109	4
0	1	0	1	162	3
1	0	1	3	237	4
0	3	0	1	206	4
0	2	0	1	278	32
1	0	5	3	85	32
2	0	6	3	236	3
2	0	1	3	151	8
3	2	5	2	166	3
1	0	4	3	10	8
1	3	6	2	70	3
3	0	5	3	295	3
3	0	1	3	98	4
0	1	0	1	252	32
3	1	2	2	171	32
1	0	5	3	47	4
0	2	0	1	148	3
3	0	2	3	62	32
2	1	1	2	65	32
2	0	7	3	27	3
1	0	5	3	63	3
1	3	3	2	113	8
3	1	2	2	302	3
1	3	4	2	35	3
3	0	5	3	117	4
2	3	1	2	229	4
1	0	7	3	116	3
2	0	3	3	230	8
3	1	2	2	117	32
2	3	1	2	307	8
2	3	2	2	116	8
2	3	7	2	73	3
2	1	2	2	182	3
2	3	7	2	152	4
0	3	0	1	245	32
3	0	1	3	146	3
2	1	5	2	240	3
0	2	0	1	201	8
1	2	7	2	207	4
1	0	7	3	44	32
0	1	0	1	270	3
1	3	6	2	92	32
0	2	0	1	5	32
0	3	0	1	126	4
1	3	1	2	244	32
2	1	7	2	199	8
2	0	6	3	198	8
2	0	2	3	56	8
2	0	6	3	7	4
1	3	2	2	142	4
2	3	5	2	243	4
1	3	3	2	159	3
3	0	1	3	266	3
2	1	1	2	53	3
0	2	0	1	84	4
1	0	1	3	217	3
2	0	7	3	247	4
1	3	7	2	32	32
1	3	6	2	209	4
0	3	0	1	260	3
0	1	0	1	138	8
0	2	0	1	193	3
2	0	7	3	74	8
3	2	7	2	161	4
2	0	6	3	21	8
3	0	1	3	130	8
2	1	6	2	14	4
1	0	6	3	226	4
1	0	4	3	136	32
3	1	3	2	284	8
3	0	2	3	10	4
0	3	0	1	12	8
0	3	0	1	83	4
0	2	0	1	250	8
3	0	3	3	22	3
1	0	5	3	101	32
1	0	6	3	107	32
3	1	4	2	129	4
0	2	0	1	267	8
1	3	7	2	2	4
0	1	0	1	190	32
0	2	0	1	235	8
3	2	5	2	135	32
2	1	6	2	50	4
1	0	6	3	226	4
1	2	1	2	18	32
0	2	0	1	226	4
1	2	2	2	84	3
1	2	3	2	239	3
2	3	2	2	31	4
2	0	3	3	72	32
1	3	6	2	210	3
3	1	3	2	21	4
1	3	7	2	69	8
1	0	4	3	25	4
0	2	0	1	167	3
2	0	6	3	40	3
3	1	4	2	130	4
3	0	1	3	131	3
2	1	5	2	32	8
3	1	2	2	253	8
2	0	3	3	25	8
0	1	0	1	172	8
1	3	6	2	38	3
3	2	7	2	132	4
0	2	0	1	204	4
1	3	3	2	51	4
2	0	1	3	194	3
0	3	0	1	288	3
3	1	7	2	185	32
2	1	7	2	79	4
0	1	0	1	248	32
1	3	4	2	97	32
2	0	3	3	211	8
0	3	0	1	46	8
2	1	6	2	155	4
3	2	2	2	186	4
0	2	0	1	306	4
3	1	7	2	247	4
2	1	7	2	275	3
0	1	0	1	15	3
2	1	2	2	271	32
3	1	5	2	149	8
1	2	4	2	295	4
0	3	0	1	213	4
3	1	6	2	264	3
1	3	2	2	133	32
2	3	3	2	245	3
2	3	1	2	88	32
2	3	3	2	280	3
0	1	0	1	93	32
1	3	2	2	230	8
0	1	0	1	188	8
2	0	6	3	65	8
0	2	0	1	251	8
2	3	1	2	114	3
2	3	5	2	85	32
2	1	5	2	271	8
1	2	5	2	35	32
3	0	3	3	141	4
0	1	0	1	130	32
3	2	5	2	274	32
2	1	2	2	25	32
1	0	4	3	42	3
0	3	0	1	314	3
0	3	0	1	282	3
2	3	6	2	48	8
2	3	7	2	54	32
0	1	0	1	5	4
1	0	6	3	304	8
1	2	4	2	35	32
0	3	0	1	286	4
2	0	6	3	269	8
3	2	3	2	87	32
3	2	6	2	177	3
1	0	4	3	310	3
1	2	7	2	215	8
1	3	2	2	296	8
0	1	0	1	178	8
0	2	0	1	160	8
3	2	4	2	7	8
1	0	7	3	50	3
3	0	3	3	110	4
2	3	2	2	116	4
0	1	0	1	41	8
3	0	2	3	93	4
1	3	2	2	68	32
3	1	3	2	66	8
1	3	7	2	61	32
2	3	4	2	128	32
0	2	0	1	264	4
1	3	6	2	159	3
3	0	1	3	218	8
3	2	3	2	181	3
3	0	1	3	13	32
0	1	0	1	254	32
1	3	2	2	34	8
3	1	5	2	51	32
2	1	3	2	24	4
0	3	0	1	267	8
1	0	1	3	105	32
0	1	0	1	202	4
2	3	4	2	114	3
2	0	7	3	171	8
1	0	1	3	304	8
1	2	3	2	2	32
1	3	3	2	185	32
1	2	7	2	107	32
1	2	2	2	115	8
0	3	0	1	131	32
0	3	0	1	174	4
3	1	6	2	152	4
2	3	2	2	217	8
0	2	0	1	152	8
2	3	4	2	7	3
0	1	0	1	34	3
2	3	2	2	247	4
0	1	0	1	160	8
1	0	7	3	34	8
2	0	1	3	2	8
0	2	0	1	207	4
0	1	0	1	170	3
2	0	3	3	262	8
3	1	1	2	119	32
0	1	0	1	109	8
3	0	4	3	227	32
3	1	6	2	135	4
0	2	0	1	104	8
3	0	4	3	210	8
0	1	0	1	69	32
3	2	7	2	164	32
3	0	3	3	6	3
3	2	1	2	257	32
2	3	4	2	309	8
2	3	6	2	174	32
2	0	7	3	260	32
3	1	4	2	194	32
0	2	0	1	283	3
2	1	6	2	217	4
0	1	0	1	141	32
2	3	5	2	10	32
0	2	0	1	205	8
1	3	3	2	220	8
1	2	3	2	69	4
2	1	7	2	309	8
3	1	4	2	94	3
1	2	5	2	262	3
3	1	2	2	283	8
2	0	7	3	103	3
1	2	5	2	16	3
0	1	0	1	83	32
0	3	0	1	138	8
1	3	1	2	232	8
0	3	0	1	50	8
3	1	4	2	15	4
0	3	0	1	4	8
1	0	4	3	154	4
2	0	3	3	233	8
2	3	6	2	29	3
0	2	0	1	96	32
0	1	0	1	290	8
2	1	7	2	8	4
0	2	0	1	11	8
3	0	1	3	252	4
1	3	3	2	267	8
0	3	0	1	139	4
0	2	0	1	252	4
2	1	7	2	259	32
1	0	6	3	24	3
0	1	0	1	70	4
1	0	6	3	10	3
2	1	1	2	34	4
0	3	0	1	162	8
3	0	3	3	297	8
3	1	3	2	165	4
2	0	2	3	60	32
0	2	0	1	247	3
0	2	0	1	236	3
2	1	7	2	7	32
0	1	0	1	1	4
1	3	3	2	312	4
1	0	4	3	158	8
2	1	3	2	245	32
3	1	6	2	281	4
2	3	4	2	68	3
0	3	0	1	92	3
2	1	2	2	247	32
3	0	2	3	124	3
3	0	5	3	153	32
0	3	0	1	25	3
2	0	1	3	172	3
1	0	1	3	253	32
2	1	6	2	255	32
2	0	3	3	100	3
1	3	3	2	225	8
2	3	7	2	206	3
3	0	3	3	100	4
3	0	3	3	18	4
2	3	4	2	151	32
3	1	7	2	92	32
3	0	5	3	247	4
3	2	5	2	100	4
3	2	7	2	196	3
3	2	2	2	271	4
1	0	5	3	11	4
1	2	6	2	222	4
3	1	1	2	138	3
2	3	5	2	217	32
0	1	0	1	107	4
0	3	0	1	302	4
3	1	6	2	260	8
2	1	1	2	161	3
2	3	5	2	73	8
3	0	1	3	118	32
3	2	1	2	172	8
0	3	0	1	100	4
1	2	2	2	215	8
1	0	1	3	111	3
3	1	5	2	89	3
1	0	1	3	269	3
0	1	0	1	33	32
2	3	7	2	45	32
0	1	0	1	45	32
0	3	0	1	201	32
1	0	7	3	282	4
3	2	7	2	246	8
3	0	4	3	2	32
0	1	0	1	139	3
2	3	2	2	266	8
0	2	0	1	148	3
2	0	6	3	186	3
2	3	6	2	196	3
0	2	0	1	163	32
2	1	4	2	16	3
0	1	0	1	73	3
2	1	1	2	23	4
1	0	5	3	85	3
3	2	2	2	0	32
0	2	0	1	258	8
1	0	5	3	221	4
3	2	3	2	238	32
1	2	3	2	27	32
0	3	0	1	235	8
3	1	7	2	121	32
2	3	4	2	241	3
0	2	0	1	33	3
2	0	1	3	94	32
1	2	7	2	17	8
1	2	2	2	165	4
2	1	7	2	45	8
0	1	0	1	205	3
2	0	6	3	103	4
0	1	0	1	180	3
2	3	4	2	24	32
1	3	6	2	246	3
1	0	5	3	209	8
3	0	3	3	98	8
0	2	0	1	112	8
3	2	2	2	87	8
0	2	0	1	39	4
0	2	0	1	41	8
0	3	0	1	284	4
2	1	7	2	206	3
0	1	0	1	20	4
3	2	4	2	109	3
2	1	4	2	47	32
0	2	0	1	222	8
2	3	5	2	60	32
3	1	4	2	305	8
0	1	0	1	118	32
0	1	0	1	262	32
1	2	7	2	292	3
0	2	0	1	304	8
2	1	1	2	50	32
1	2	2	2	127	8
1	0	4	3	183	32
2	1	6	2	296	8
2	0	2	3	153	4
0	2	0	1	181	3
1	2	6	2	8	4
2	0	1	3	163	4
1	0	4	3	204	4
2	0	1	3	63	4
3	2	2	2	146	4
2	3	4	2	76	8
2	0	7	3	71	8
2	3	4	2	274	4
1	3	7	2	55	4
2	1	2	2	74	3
0	2	0	1	231	3
3	0	5	3	302	4
1	3	2	2	227	32
2	0	7	3	190	4
1	2	7	2	84	4
3	1	2	2	7	8
3	2	7	2	206	3
0	3	0	1	225	4
3	0	4	3	109	3
0	1	0	1	104	8
3	0	5	3	240	32
0	1	0	1	80	4
1	2	5	2	85	3
1	2	4	2	63	8
0	3	0	1	182	4
1	3	4	2	190	32
0	1	0	1	97	32
3	2	6	2	302	3
2	1	4	2	307	8
2	3	1	2	11	32
1	2	6	2	130	3
0	1	0	1	120	3
3	2	6	2	46	4
1	2	5	2	287	32
2	3	7	2	306	8
0	2	0	1	73	8
3	1	7	2	186	8
0	3	0	1	99	4
3	1	5	2	8	3
1	3	1	2	99	8
1	3	7	2	111	3
1	2	3	2	248	3
0	1	0	1	244	32
1	0	4	3	17	32
0	2	0	1	114	8
1	3	7	2	106	3
0	1	0	1	271	8
0	3	0	1	94	32
3	2	1	2	186	4
3	0	5	3	90	8
0	2	0	1	23	8
1	2	6	2	125	4
2	1	2	2	8	32
2	3	2	2	178	32
1	2	7	2	206	8
1	2	4	2	34	32
2	1	2	2	214	4
3	0	4	3	299	3
2	3	6	2	195	3
0	3	0	1	273	8
2	1	5	2	307	8
0	1	0	1	216	8
2	1	2	2	194	32
2	0	1	3	185	3
1	3	2	2	90	4
0	1	0	1	281	8
1	0	6	3	121	4
0	3	0	1	199	4
2	0	7	3	108	32
2	0	2	3	180	3
1	0	1	3	118	4
0	1	0	1	261	3
3	1	4	2	130	4
3	2	2	2	173	32
1	2	6	2	212	8
2	3	1	2	226	8
1	2	2	2	162	32
1	0	7	3	107	4
2	0	7	3	92	32
1	2	7	2	25	8
0	1	0	1	40	8
0	1	0	1	225	4
0	2	0	1	255	32
0	2	0	1	59	8
3	1	3	2	55	32
3	2	6	2	181	8
0	3	0	1	187	3
0	2	0	1	107	3
1	0	5	3	252	8
3	0	4	3	86	32
1	3	3	2	231	32
0	1	0	1	158	4
2	1	2	2	190	32
3	0	3	3	203	3
1	3	5	2	265	8
2	3	2	2	303	3
3	1	6	2	240	3
0	3	0	1	294	8
2	0	6	3	258	8
3	1	7	2	28	8
0	1	0	1	97	3
1	2	5	2	210	8
2	3	5	2	275	8
2	0	3	3	252	3
3	0	3	3	301	3
2	0	6	3	96	32
3	2	5	2	127	8
2	1	4	2	172	32
0	1	0	1	303	8
2	1	5	2	99	4
3	2	2	2	127	4
0	1	0	1	105	8
2	1	2	2	166	4
3	0	3	3	310	3
0	3	0	1	41	8
1	0	7	3	92	3
3	1	4	2	171	8
3	0	4	3	81	4
0	3	0	1	26	32
0	2	0	1	26	4
1	0	1	3	204	32
0	3	0	1	170	8
1	2	7	2	274	3
1	0	4	3	285	4
0	2	0	1	6	32
1	3	3	2	123	8
0	2	0	1	118	8
3	1	4	2	227	4
0	1	0	1	45	4
0	1	0	1	81	32
3	2	3	2	312	4
0	2	0	1	164	4
3	2	1	2	283	4
2	1	4	2	129	3
1	3	3	2	174	8
1	2	6	2	217	4
0	3	0	1	266	4
1	3	3	2	98	32
1	3	2	2	247	8
0	3	0	1	129	4
3	2	4	2	232	3
0	2	0	1	252	3
0	1	0	1	196	3
0	1	0	1	55	32
3	1	7	2	76	32
1	0	6	3	249	8
1	0	7	3	128	32
0	2	0	1	206	4
2	3	1	2	87	4
3	0	2	3	297	8
1	0	6	3	227	8
0	2	0	1	95	8
3	2	7	2	95	32
2	1	7	2	166	32
1	0	5	3	2	4
3	2	3	2	286	4
0	3	0	1	133	4
2	1	6	2	299	4
0	2	0	1	271	32
3	0	2	3	155	4
0	1	0	1	237	32
0	3	0	1	209	32
3	0	3	3	228	3
0	3	0	1	226	8
2	0	7	3	102	32
0	3	0	1	59	8
3	1	7	2	22	4
0	1	0	1	98	4
0	1	0	1	82	32
2	1	7	2	54	3
2	1	7	2	125	32
3	2	4	2	219	8
1	2	6	2	151	3
0	3	0	1	196	8
0	3	0	1	86	32
3	1	3	2	36	4
3	1	1	2	35	8
3	2	3	2	6	3
1	2	7	2	238	4
1	2	5	2	235	32
3	2	2	2	146	8
0	3	0	1	123	4
2	1	6	2	163	32
3	1	7	2	165	8
3	2	5	2	297	8
0	1	0	1	179	8
0	2	0	1	285	32
2	1	5	2	108	3
3	2	4	2	127	8
3	0	4	3	92	3
0	1	0	1	296	3
2	3	5	2	56	32
1	3	2	2	124	32
2	0	3	3	209	4
1	3	4	2	310	3
3	2	1	2	184	32
3	0	1	3	215	32
2	1	2	2	160	4
2	1	1	2	310	3
0	1	0	1	212	32
2	3	4	2	153	4
2	3	6	2	57	32
3	2	2	2	5	8
0	2	0	1	163	4
3	1	5	2	250	4
0	3	0	1	161	8
0	2	0	1	51	32
2	1	7	2	125	8
1	2	3	2	279	4
3	0	2	3	14	8
2	1	3	2	222	8
2	3	2	2	277	3
3	1	4	2	47	4
3	0	2	3	219	4
0	3	0	1	16	3
3	2	7	2	250	3
0	1	0	1	98	32
2	3	6	2	13	3
0	3	0	1	255	3
2	3	2	2	268	8
0	2	0	1	12	8
3	1	5	2	137	8
3	0	5	3	124	8
1	0	1	3	175	3
2	0	7	3	223	4
3	1	4	2	45	8
0	2	0	1	297	4
1	3	3	2	242	4
3	1	1	2	8	32
3	2	6	2	72	4
3	2	5	2	25	4
2	3	4	2	145	8
0	1	0	1	156	32
1	2	5	2	199	8
1	3	2	2	190	32
1	3	7	2	96	4
2	1	7	2	298	8
2	1	3	2	208	3
0	2	0	1	85	32
0	2	0	1	269	3
2	3	6	2	222	4
2	0	1	3	116	4
3	0	3	3	6	3
2	1	2	2	265	4
1	3	1	2	223	4
2	0	7	3	268	3
0	2	0	1	97	32
0	3	0	1	130	3
2	3	1	2	304	8
3	1	6	2	188	4
1	2	4	2	263	8
1	0	5	3	212	32
3	0	2	3	239	4
0	3	0	1	314	4
2	0	7	3	163	3
3	2	1	2	233	4
1	2	5	2	266	32
2	1	3	2	259	8
2	1	7	2	89	4
0	3	0	1	140	4
1	0	7	3	129	4
3	2	4	2	175	8
0	2	0	1	15	4
0	2	0	1	12	32
2	3	6	2	246	3
2	0	7	3	226	32
0	1	0	1	86	3
3	2	3	2	114	4
1	3	7	2	131	4
0	3	0	1	216	8
2	0	7	3	39	32
3	1	7	2	226	32
3	1	4	2	127	8
1	3	1	2	21	4
1	3	4	2	14	8
3	0	3	3	218	4
2	0	3	3	302	8
2	3	2	2	161	8
2	0	3	3	227	8
3	0	5	3	40	8
2	0	3	3	237	32
0	2	0	1	39	3
0	2	0	1	25	32
1	3	6	2	315	3
1	0	7	3	268	8
0	3	0	1	288	32
3	0	4	3	101	8
0	3	0	1	115	4
1	2	1	2	21	8
2	1	3	2	269	3
0	2	0	1	98	32
1	2	4	2	181	32
1	2	5	2	34	3
3	0	2	3	22	8
2	0	6	3	305	4
3	1	3	2	303	8
0	3	0	1	179	32
0	1	0	1	130	32
2	3	2	2	280	3
0	3	0	1	84	4
1	0	1	3	91	8
0	2	0	1	127	32
3	1	2	2	49	8
3	0	2	3	296	3
0	2	0	1	96	3
3	2	1	2	15	4
3	1	4	2	160	8
0	3	0	1	142	4
0	2	0	1	231	4
3	2	3	2	198	4
0	1	0	1	188	32
1	0	4	3	37	8
3	2	5	2	11	4
0	3	0	1	180	3
2	1	7	2	132	8
3	2	1	2	30	4
2	3	7	2	131	3
1	0	7	3	126	4
0	2	0	1	190	3
0	2	0	1	283	32
3	1	5	2	135	8
1	3	7	2	145	3
1	0	6	3	1	8
3	0	1	3	212	3
3	1	2	2	289	4
2	1	5	2	28	8
2	1	7	2	103	32
1	3	1	2	284	3
0	1	0	1	241	8
0	3	0	1	215	32
1	2	1	2	116	4
1	3	4	2	48	8
3	0	2	3	263	4
3	1	3	2	173	4
1	2	6	2	16	3
2	1	6	2	109	8
2	3	3	2	88	32
2	1	6	2	27	8
1	3	4	2	184	32
2	1	2	2	146	4
0	2	0	1	64	32
1	0	4	3	211	8
1	3	2	2	209	8
1	3	5	2	227	32
1	2	4	2	105	3
1	3	6	2	234	32
0	3	0	1	93	8
2	1	1	2	209	3
0	1	0	1	165	3
2	1	3	2	69	32
3	0	1	3	228	3
0	2	0	1	54	4
0	2	0	1	218	4
1	3	6	2	172	4
0	1	0	1	116	32
1	2	4	2	226	4
3	1	5	2	171	4
3	0	3	3	193	8
2	0	1	3	179	8
0	1	0	1	284	4
3	1	7	2	303	4
3	1	1	2	240	4
2	3	1	2	316	4
1	3	7	2	127	32
1	0	5	3	87	8
2	3	7	2	239	4
1	0	7	3	89	4
2	0	3	3	166	8
3	0	1	3	10	4
0	2	0	1	311	8
3	0	1	3	298	4
2	0	6	3	35	32
3	1	1	2	99	4
0	3	0	1	70	3
3	2	1	2	283	4
0	3	0	1	287	8
3	0	3	3	23	32
3	0	1	3	124	3
2	1	7	2	251	3
0	3	0	1	32	8
2	0	7	3	291	3
2	1	1	2	270	32
2	3	3	2	82	32
1	2	3	2	226	8
3	2	7	2	220	32
3	1	1	2	262	3
1	0	7	3	20	4
1	3	7	2	223	32
0	2	0	1	79	4
1	0	6	3	232	3
3	0	5	3	192	4
2	3	7	2	232	3
3	0	5	3	204	3
0	3	0	1	91	32
2	1	7	2	218	8
0	2	0	1	150	32
3	0	3	3	137	3
2	0	7	3	250	3
2	1	6	2	0	3
1	3	3	2	23	32
3	1	1	2	234	8
2	0	1	3	196	4
3	1	4	2	92	4
3	0	1	3	96	4
0	2	0	1	44	32
2	0	2	3	154	3
2	1	6	2	202	8
2	3	5	2	281	4
0	1	0	1	49	3
3	0	4	3	110	4
1	0	7	3	109	4
1	3	2	2	136	32
1	3	7	2	240	3
2	0	2	3	122	3
1	2	1	2	277	8
0	1	0	1	300	8
3	2	4	2	68	3
1	2	7	2	59	32
3	1	6	2	305	4
3	2	3	2	130	3
2	3	4	2	280	3
3	0	5	3	282	8
3	0	2	3	172	4
3	0	3	3	238	8
0	3	0	1	90	3
0	3	0	1	168	3
1	0	5	3	166	32
0	1	0	1	76	8
1	0	7	3	25	32
3	2	6	2	285	4
1	3	7	2	270	3
1	3	5	2	231	4
0	1	0	1	90	3
1	2	1	2	18	4
2	0	1	3	218	32
2	0	6	3	267	3
3	2	5	2	65	32
2	0	2	3	302	3
2	1	7	2	22	3
3	2	6	2	174	3
1	2	5	2	199	4
0	3	0	1	233	8
1	3	5	2	164	32
1	3	3	2	21	32
0	2	0	1	185	32
1	0	6	3	231	8
2	0	1	3	40	3
1	3	6	2	259	8
0	2	0	1	44	8
2	3	4	2	249	8
2	0	1	3	165	3
1	3	3	2	171	3
1	2	4	2	25	32
0	2	0	1	169	8
3	2	4	2	81	8
1	3	3	2	253	4
1	2	6	2	301	4
1	3	3	2	99	8
3	0	4	3	163	4
2	0	3	3	158	8
0	1	0	1	167	8
2	3	3	2	286	3
2	3	7	2	228	3
3	0	3	3	92	4
1	0	7	3	42	3
2	3	1	2	32	8
3	1	4	2	106	8
2	1	3	2	177	3
0	2	0	1	59	3
0	1	0	1	176	4
3	1	2	2	274	32
2	0	6	3	269	32
2	0	3	3	147	32
1	3	7	2	85	32
2	3	1	2	84	8
3	2	4	2	78	32
0	3	0	1	64	8
1	3	6	2	53	8
0	1	0	1	150	4
1	0	5	3	195	4
1	0	6	3	94	32
3	2	5	2	255	3
3	0	2	3	94	32
2	3	2	2	145	4
3	0	5	3	2	4
1	2	4	2	77	8
2	0	7	3	59	32
0	2	0	1	75	32
2	0	3	3	279	3
3	0	3	3	79	4
1	0	4	3	36	3
2	0	7	3	94	32
2	1	7	2	19	3
3	0	5	3	8	4
3	1	4	2	156	32
3	1	3	2	141	4
2	0	6	3	83	8
0	1	0	1	117	3
3	1	3	2	166	4
1	0	5	3	236	32
0	3	0	1	79	3
0	3	0	1	35	3
3	0	1	3	6	32
3	0	5	3	165	8
3	1	3	2	36	3
3	0	5	3	140	32
0	3	0	1	287	4
1	0	7	3	154	32
2	0	2	3	67	4
1	0	6	3	36	3
3	2	2	2	50	8
0	3	0	1	144	32
3	1	5	2	66	4
2	0	1	3	219	3
2	1	3	2	111	8
2	1	4	2	2	4
0	2	0	1	12	32
0	2	0	1	271	4
3	0	2	3	115	8
1	0	1	3	40	4
2	3	6	2	291	4
3	1	6	2	185	32
3	2	5	2	70	32
3	2	4	2	273	8
1	2	2	2	117	3
0	2	0	1	245	8
0	2	0	1	267	3
3	2	1	2	257	8
1	3	2	2	143	8
3	0	4	3	41	4
2	1	3	2	67	3
0	1	0	1	149	4
1	0	6	3	286	4
1	0	1	3	178	4
2	1	4	2	73	4
0	3	0	1	199	4
1	2	1	2	229	4
0	1	0	1	135	4
0	3	0	1	25	4
2	0	1	3	216	3
3	2	7	2	93	3
0	1	0	1	240	32
0	3	0	1	58	8
3	0	1	3	151	4
1	0	5	3	211	32
2	3	7	2	216	4
1	2	1	2	196	4
3	1	4	2	222	4
0	1	0	1	283	32
3	1	5	2	168	3
2	1	1	2	303	3
3	0	5	3	307	3
1	3	5	2	220	8
1	0	7	3	276	4
0	3	0	1	292	8
2	0	1	3	312	4
3	1	3	2	122	4
3	1	2	2	285	32
1	0	4	3	209	32
2	0	1	3	218	3
1	2	6	2	27	8
0	1	0	1	200	3
2	3	5	2	47	8
1	3	6	2	158	3
0	2	0	1	17	4
2	3	1	2	219	8
1	0	6	3	164	8
2	0	1	3	66	8
1	2	7	2	171	3
3	0	2	3	34	3
2	1	2	2	207	32
3	1	4	2	81	4
2	3	6	2	215	3
1	3	1	2	265	4
2	3	6	2	246	32
2	3	2	2	307	8
3	2	4	2	2	3
1	3	7	2	151	32
1	0	1	3	112	3
1	0	5	3	208	4
3	1	7	2	58	8
2	0	2	3	162	3
1	2	5	2	54	4
2	1	1	2	115	3
2	0	6	3	297	8
3	0	5	3	123	3
3	1	2	2	74	8
2	3	6	2	275	8
0	3	0	1	148	8
3	1	3	2	204	4
1	2	6	2	165	32
2	3	4	2	42	32
1	2	7	2	13	8
0	1	0	1	214	4
2	1	5	2	32	32
3	1	6	2	269	3
1	3	7	2	312	3
0	2	0	1	20	3
1	2	2	2	92	32
1	3	1	2	148	32
2	3	6	2	15	3
1	2	7	2	186	8
0	3	0	1	42	4
0	1	0	1	95	8
1	2	1	2	252	32
2	0	3	3	262	4
2	1	5	2	266	4
3	1	4	2	217	32
0	2	0	1	203	3
0	2	0	1	47	32
0	2	0	1	167	32
0	2	0	1	264	32
0	1	0	1	163	32
1	0	1	3	245	8
1	3	5	2	58	4
2	3	1	2	310	8
2	1	4	2	129	3
3	0	2	3	73	4
3	1	4	2	10	32
2	1	2	2	69	32
0	3	0	1	42	3
2	3	6	2	282	4
3	1	5	2	2	32
1	0	4	3	157	8
3	1	7	2	10	3
3	1	1	2	227	4
1	0	4	3	28	4
0	1	0	1	191	4
1	0	6	3	228	8
1	2	1	2	284	3
1	3	6	2	202	8
3	2	6	2	201	32
3	1	3	2	298	4
3	2	7	2	85	32
1	3	7	2	140	8
3	0	4	3	244	8
0	2	0	1	61	3
3	1	6	2	211	4
3	2	1	2	75	3
0	2	0	1	313	3
1	2	2	2	155	4
2	1	1	2	13	8
2	1	1	2	307	8
3	0	5	3	138	4
0	1	0	1	202	8
0	2	0	1	242	8
3	1	2	2	154	8
3	1	4	2	22	32
1	0	4	3	76	32
1	0	4	3	185	32
2	3	7	2	114	8
2	0	1	3	281	4
1	2	6	2	270	3
2	1	6	2	110	4
1	0	6	3	206	32
2	0	7	3	31	32
3	1	5	2	250	4
0	3	0	1	310	8
2	0	2	3	235	4
2	0	6	3	293	8
2	0	6	3	172	8
2	1	2	2	42	3
1	0	4	3	95	3
1	3	5	2	186	32
3	0	2	3	309	8
0	3	0	1	235	8
1	3	1	2	210	3
1	2	6	2	22	32
1	2	3	2	222	3
2	0	6	3	106	4
2	3	4	2	236	3
1	0	7	3	144	4
3	2	7	2	242	8
2	3	5	2	308	8
2	0	2	3	45	4
0	1	0	1	87	4
3	1	6	2	252	4
0	1	0	1	12	3
3	2	3	2	94	8
0	1	0	1	138	8
2	3	6	2	149	4
0	1	0	1	152	4
2	1	3	2	150	32
0	2	0	1	121	32
0	2	0	1	64	4
1	3	2	2	237	32
3	2	1	2	113	32
2	0	7	3	235	3
1	0	1	3	244	8
3	2	1	2	118	4
1	3	4	2	76	8
0	1	0	1	183	3
0	1	0	1	290	8
0	3	0	1	151	3
0	2	0	1	42	4
1	3	7	2	273	32
1	2	4	2	90	8
0	3	0	1	202	4
0	1	0	1	108	3
0	1	0	1	9	32
2	3	4	2	165	32
1	0	6	3	185	4
0	3	0	1	102	4
1	2	5	2	19	4
2	1	3	2	92	32
1	3	1	2	29	4
3	0	4	3	261	4
0	1	0	1	155	4
3	1	1	2	147	4
3	1	7	2	159	4
1	2	5	2	250	8
3	0	3	3	119	32
2	0	2	3	34	4
1	2	4	2	186	8
0	1	0	1	178	32
3	0	2	3	207	32
3	0	5	3	212	4
2	1	6	2	144	3
2	0	7	3	188	32
1	3	2	2	302	4
1	3	2	2	260	3
3	0	2	3	133	4
0	2	0	1	107	32
1	3	3	2	165	3
2	3	5	2	96	32
2	1	6	2	182	3
2	3	7	2	75	8
1	3	1	2	113	3
1	2	4	2	123	32
2	3	5	2	4	32
3	1	7	2	136	3
1	3	4	2	124	32
1	3	2	2	297	8
2	3	5	2	11	4
1	0	4	3	228	32
0	3	0	1	46	32
2	1	2	2	14	4
2	0	6	3	163	8
0	1	0	1	176	32
2	3	3	2	206	32
3	1	4	2	250	8
1	3	2	2	211	8
0	2	0	1	17	32
3	2	6	2	102	3
2	1	3	2	294	4
2	3	3	2	208	32
0	1	0	1	237	32
0	3	0	1	300	8
1	3	5	2	262	8
1	3	4	2	205	3
1	0	4	3	31	4
3	2	5	2	294	4
1	3	5	2	293	8
2	0	2	3	219	32
1	0	5	3	24	4
1	2	6	2	95	3
1	3	6	2	116	3
3	1	6	2	293	4
0	3	0	1	27	32
0	2	0	1	254	3
3	1	3	2	134	3
2	1	1	2	287	8
0	2	0	1	137	8
2	3	3	2	270	3
1	3	2	2	84	3
0	3	0	1	230	32
3	2	6	2	34	4
1	3	2	2	176	3
1	3	5	2	104	4
2	3	4	2	198	32
2	3	4	2	62	3
3	1	1	2	97	8
1	3	1	2	95	8
1	0	5	3	255	8
0	2	0	1	145	3
0	2	0	1	2	3
3	1	7	2	137	3
2	0	6	3	164	32
2	3	7	2	16	3
2	1	1	2	94	4
3	2	4	2	152	4
1	3	7	2	285	4
2	0	7	3	35	4
3	0	2	3	264	32
1	3	3	2	69	8
0	3	0	1	172	8
3	1	4	2	40	32
3	2	5	2	57	4
2	3	4	2	219	4
3	1	7	2	203	4
3	2	1	2	173	8
2	3	1	2	133	4
0	3	0	1	263	32
2	3	5	2	25	8
1	0	4	3	143	3
1	2	5	2	308	3
1	0	4	3	48	8
1	3	6	2	227	32
0	2	0	1	303	3
1	3	7	2	82	3
3	0	4	3	285	4
1	0	6	3	92	3
3	1	4	2	120	32
0	3	0	1	180	32
3	0	2	3	37	4
2	0	1	3	203	4
3	2	3	2	275	3
0	1	0	1	101	32
1	0	4	3	25	4
0	3	0	1	134	3
0	3	0	1	87	4
3	0	4	3	67	4
0	1	0	1	136	32
1	0	7	3	121	4
3	1	1	2	159	3
0	2	0	1	31	4
3	1	3	2	122	3
2	0	6	3	240	32
1	3	3	2	162	32
0	2	0	1	147	32
3	1	1	2	51	8
1	3	6	2	183	3
1	2	6	2	286	8
0	1	0	1	226	4
0	3	0	1	215	32
3	1	7	2	153	4
1	2	1	2	215	4
0	1	0	1	169	3
3	0	2	3	220	8
2	3	4	2	138	3
3	0	3	3	156	32
2	1	7	2	183	32
2	1	2	2	230	32
0	3	0	1	275	32
3	2	6	2	191	4
1	3	5	2	95	8
3	1	4	2	281	4
1	0	1	3	95	8
2	3	5	2	127	4
2	0	2	3	248	8
2	3	2	2	15	3
1	3	2	2	50	8
1	0	4	3	41	32
3	0	3	3	89	32
1	2	7	2	205	4
2	0	6	3	138	8
1	2	6	2	313	4
1	0	4	3	95	32
3	2	3	2	103	8
3	2	1	2	40	8
2	3	7	2	268	4
0	2	0	1	243	3
3	2	1	2	267	3
2	0	3	3	239	3
0	2	0	1	9	8
1	3	1	2	52	4
1	0	1	3	27	32
1	0	4	3	10	3
3	0	1	3	167	32
2	0	2	3	241	4
1	2	7	2	309	4
2	1	7	2	81	32
3	1	7	2	113	4
2	3	5	2	63	3
3	2	5	2	165	3
1	3	6	2	244	8
0	2	0	1	237	3
3	1	6	2	5	8
1	3	4	2	191	4
2	3	1	2	149	3
2	1	1	2	74	3
0	1	0	1	260	8
2	3	3	2	81	32
1	2	2	2	108	4
1	0	6	3	178	4
2	3	3	2	129	8
2	1	5	2	23	8
3	1	3	2	41	8
3	0	2	3	165	4
0	3	0	1	18	3
3	1	7	2	65	8
3	1	5	2	33	8
2	1	3	2	104	8
1	2	5	2	161	3
1	3	5	2	45	32
2	1	4	2	222	4
3	0	4	3	80	32
1	3	5	2	176	4
3	2	7	2	264	32
1	3	6	2	76	32
1	2	3	2	298	8
0	1	0	1	279	3
3	1	7	2	139	3
0	1	0	1	33	32
0	3	0	1	213	4
0	1	0	1	27	32
2	3	3	2	261	8
1	0	1	3	215	4
0	2	0	1	276	8
1	2	1	2	128	3
3	2	7	2	55	4
3	2	5	2	42	32
0	3	0	1	139	32
1	0	4	3	34	8
1	0	1	3	18	8
1	3	4	2	197	4
1	0	4	3	126	8
1	3	5	2	279	3
1	3	4	2	240	32
2	3	4	2	295	4
3	2	7	2	152	4
0	3	0	1	24	4
0	1	0	1	255	32
0	1	0	1	84	8
1	0	1	3	260	8
3	0	5	3	158	8
0	3	0	1	7	32
0	3	0	1	8	32
3	2	2	2	50	8
2	1	6	2	24	32
0	3	0	1	120	4
1	0	6	3	232	8
1	0	6	3	32	4
3	1	1	2	242	8
3	2	7	2	152	3
2	3	6	2	165	3
3	2	3	2	62	4
0	2	0	1	214	4
3	2	2	2	33	4
0	1	0	1	199	32
2	3	5	2	32	32
0	1	0	1	155	32
0	3	0	1	260	8
0	2	0	1	245	32
0	3	0	1	73	4
2	1	7	2	230	32
3	1	4	2	228	32
3	2	6	2	51	3
0	1	0	1	80	4
3	2	1	2	70	32
3	2	1	2	234	3
0	2	0	1	233	32
3	1	7	2	65	32
1	0	6	3	224	8
3	0	3	3	82	4
2	0	1	3	315	3
0	1	0	1	244	4
0	1	0	1	84	32
2	3	5	2	204	32
0	1	0	1	195	3
0	2	0	1	296	3
3	1	7	2	33	32
1	0	6	3	44	3
1	3	3	2	199	4
3	0	5	3	289	3
0	2	0	1	6	8
3	2	1	2	293	3
1	2	6	2	310	8
0	1	0	1	146	3
3	0	5	3	147	8
1	0	7	3	58	4
1	2	3	2	260	32
0	2	0	1	26	4
1	0	4	3	248	4
1	3	5	2	233	3
2	3	2	2	53	4
0	3	0	1	103	8
3	1	6	2	23	32
0	1	0	1	56	8
0	3	0	1	225	3
0	3	0	1	237	8
2	1	4	2	300	8
3	2	5	2	16	4
2	0	6	3	293	4
1	3	6	2	266	3
1	0	6	3	84	4
0	3	0	1	141	3
1	0	6	3	292	3
0	3	0	1	101	4
0	3	0	1	121	32
3	0	1	3	63	8
2	3	7	2	274	32
2	3	6	2	28	3
3	1	5	2	204	4
2	1	1	2	232	4
0	3	0	1	185	3
0	2	0	1	179	4
0	2	0	1	292	4
2	1	2	2	55	4
3	1	6	2	150	3
3	1	7	2	241	8
1	2	3	2	149	32
1	0	6	3	281	4
2	1	6	2	40	8
0	2	0	1	298	8
1	3	3	2	14	4
2	1	5	2	250	8
2	3	6	2	5	8
2	0	3	3	251	8
0	1	0	1	307	3
0	1	0	1	41	32
2	0	1	3	252	32
1	2	2	2	239	32
2	3	3	2	259	8
1	2	6	2	309	3
0	1	0	1	297	8
1	3	6	2	104	8
0	1	0	1	161	8
2	3	7	2	135	4
1	2	4	2	284	8
1	0	5	3	210	4
2	1	3	2	79	8
3	2	4	2	95	3
0	3	0	1	17	4
1	0	7	3	277	4
0	1	0	1	237	4
3	0	4	3	37	32
0	3	0	1	89	32
0	2	0	1	280	8
1	0	6	3	76	4
1	0	5	3	82	3
1	0	7	3	292	4
1	3	7	2	308	4
0	3	0	1	81	8
3	0	2	3	6	32
1	2	7	2	142	32
2	1	1	2	79	3
2	3	1	2	98	8
0	3	0	1	45	4
3	2	1	2	270	4
0	2	0	1	212	32
3	1	6	2	151	3
1	2	2	2	233	3
1	3	6	2	92	32
3	0	5	3	49	8
0	3	0	1	58	4
1	0	7	3	55	8
0	1	0	1	54	32
2	3	6	2	5	8
2	1	3	2	50	8
2	0	2	3	29	4
1	3	5	2	272	3
2	0	6	3	138	8
2	0	7	3	3	8
2	1	3	2	90	32
0	2	0	1	10	32
3	2	7	2	169	8
2	3	3	2	8	8
1	2	4	2	108	32
1	2	2	2	310	8
1	3	7	2	206	4
3	2	7	2	247	32
2	3	2	2	144	4
3	0	4	3	71	32
2	3	2	2	187	8
0	1	0	1	89	4
0	1	0	1	268	8
2	3	4	2	123	8
1	0	1	3	153	8
0	1	0	1	79	8
3	1	7	2	121	3
0	1	0	1	213	32
0	2	0	1	309	3
3	0	3	3	134	32
0	1	0	1	202	3
0	3	0	1	91	3
1	0	1	3	115	32
0	1	0	1	103	4
3	2	5	2	196	8
3	1	7	2	311	3
0	2	0	1	272	3
0	3	0	1	205	32
2	3	7	2	148	4
2	3	5	2	247	8
0	1	0	1	251	8
3	0	1	3	312	8
3	0	1	3	140	8
1	3	5	2	236	32
1	2	7	2	125	4
0	2	0	1	274	32
0	2	0	1	36	8
3	0	2	3	75	8
3	0	4	3	161	8
2	1	1	2	140	3
