2	1	2	2	11	4
2	0	7	3	103	3
0	1	0	1	48	3
3	0	3	3	194	8
2	0	1	3	248	4
0	3	0	1	153	4
2	1	4	2	53	32
2	1	2	2	180	32
2	1	6	2	268	3
1	2	6	2	241	32
2	1	5	2	72	3
1	0	7	3	59	4
2	3	2	2	234	4
0	3	0	1	134	3
0	1	0	1	100	32
3	0	1	3	113	8
1	3	5	2	175	3
3	0	5	3	164	8
3	1	6	2	207	8
3	1	5	2	308	8
1	2	3	2	212	8
0	1	0	1	75	4
0	2	0	1	257	8
1	2	6	2	79	4
3	1	6	2	297	4
0	3	0	1	191	32
3	2	5	2	273	32
1	3	7	2	149	3
2	3	1	2	211	32
0	3	0	1	295	8
0	3	0	1	108	8
1	2	3	2	57	8
0	3	0	1	139	8
1	3	3	2	209	3
2	1	7	2	316	4
2	0	2	3	114	4
0	2	0	1	195	3
0	1	0	1	116	3
3	2	2	2	60	32
2	0	7	3	256	8
2	3	7	2	41	4
3	0	2	3	244	32
0	1	0	1	132	8
3	1	2	2	159	3
0	1	0	1	231	32
0	3	0	1	128	4
0	1	0	1	157	32
2	1	6	2	175	4
1	3	3	2	168	3
3	2	3	2	97	8
2	3	6	2	123	32
0	1	0	1	7	32
3	0	5	3	270	8
1	2	1	2	268	32
1	3	5	2	65	3
1	3	3	2	313	3
2	1	4	2	145	8
2	3	2	2	15	4
0	3	0	1	143	8
0	3	0	1	253	8
1	2	7	2	167	8
3	0	1	3	284	8
2	3	4	2	191	32
1	3	3	2	146	32
2	0	7	3	40	8
1	2	2	2	213	3
1	0	7	3	128	3
2	0	1	3	242	8
0	3	0	1	160	32
1	0	6	3	291	3
3	0	1	3	221	3
1	2	6	2	283	3
0	2	0	1	27	4
3	1	5	2	204	3
2	3	1	2	198	8
2	0	6	3	208	8
2	1	5	2	124	4
3	1	2	2	41	4
0	3	0	1	202	3
0	1	0	1	249	4
1	2	1	2	134	32
1	0	6	3	226	8
1	2	3	2	290	3
0	1	0	1	108	3
3	1	5	2	123	4
1	3	6	2	82	8
3	2	1	2	50	8
2	0	6	3	3	4
1	2	3	2	89	8
3	0	4	3	206	32
0	3	0	1	275	4
3	1	6	2	263	8
1	0	6	3	234	32
1	0	4	3	274	3
3	0	4	3	1	8
0	2	0	1	204	8
0	2	0	1	187	4
2	1	5	2	145	4
3	2	5	2	71	4
3	1	1	2	244	8
1	0	6	3	313	4
3	0	1	3	90	4
0	3	0	1	126	3
2	0	6	3	306	8
2	1	7	2	250	4
2	3	7	2	272	4
0	1	0	1	125	32
0	1	0	1	74	4
0	3	0	1	92	4
1	2	3	2	54	3
0	3	0	1	203	3
3	1	5	2	63	8
2	0	3	3	262	3
2	0	2	3	101	4
1	0	4	3	150	32
2	1	5	2	234	8
2	1	5	2	224	8
1	0	1	3	98	4
0	3	0	1	257	32
0	3	0	1	146	3
3	0	1	3	157	3
2	0	3	3	283	3
3	2	5	2	286	4
3	1	5	2	257	3
2	1	5	2	94	8
3	0	5	3	9	32
0	1	0	1	216	32
3	2	2	2	100	4
1	0	5	3	93	4
2	0	1	3	192	3
2	0	1	3	78	32
3	1	4	2	173	3
3	1	1	2	110	32
1	0	5	3	76	8
0	1	0	1	164	32
3	0	2	3	101	4
3	2	1	2	153	3
2	0	6	3	250	3
2	1	2	2	265	3
0	1	0	1	186	4
2	1	6	2	15	4
1	2	1	2	255	32
2	3	3	2	268	3
2	1	4	2	29	32
3	2	2	2	5	4
3	0	5	3	232	32
0	3	0	1	310	3
0	2	0	1	60	8
2	0	1	3	59	3
2	1	6	2	143	8
2	3	5	2	11	4
1	2	2	2	21	32
3	2	5	2	136	32
0	1	0	1	315	4
2	0	6	3	303	3
0	3	0	1	227	32
1	2	5	2	274	4
3	1	4	2	32	4
3	2	4	2	16	3
0	1	0	1	1	3
3	0	1	3	265	8
0	2	0	1	59	32
3	2	1	2	269	32
0	2	0	1	234	8
2	1	5	2	139	3
2	0	2	3	232	32
2	3	4	2	158	3
2	3	4	2	109	32
3	1	5	2	147	32
1	3	7	2	51	8
1	2	7	2	136	4
3	1	4	2	174	3
0	3	0	1	192	32
1	0	1	3	249	3
2	1	7	2	24	4
2	1	4	2	258	32
3	1	2	2	275	4
2	0	2	3	137	32
0	3	0	1	132	4
2	1	5	2	154	4
3	1	5	2	218	3
3	2	1	2	121	4
2	0	7	3	143	32
3	2	7	2	193	32
1	3	4	2	3	32
0	2	0	1	26	32
3	1	4	2	227	8
2	0	7	3	6	3
2	0	1	3	118	4
2	3	6	2	234	4
1	0	5	3	28	32
1	2	3	2	147	4
2	0	2	3	86	3
3	2	4	2	8	4
1	3	7	2	29	3
0	2	0	1	46	8
0	1	0	1	70	32
2	1	2	2	277	4
0	3	0	1	64	4
1	2	6	2	194	32
3	1	5	2	275	8
0	3	0	1	117	3
0	3	0	1	92	8
2	1	1	2	163	4
2	1	7	2	96	32
3	1	2	2	295	3
3	0	3	3	269	32
3	0	1	3	114	4
2	1	2	2	89	32
0	1	0	1	221	3
3	0	3	3	260	8
1	3	3	2	79	32
2	3	2	2	62	3
1	0	5	3	253	8
1	0	1	3	262	8
3	0	5	3	259	4
2	3	7	2	155	8
3	0	4	3	14	3
2	0	6	3	86	4
3	2	3	2	300	4
2	0	7	3	40	3
3	1	4	2	270	32
0	2	0	1	122	4
0	1	0	1	288	8
2	0	3	3	194	32
0	2	0	1	48	32
2	3	6	2	153	8
0	2	0	1	163	3
3	0	3	3	19	3
0	2	0	1	87	32
3	1	4	2	239	32
3	1	7	2	52	8
2	3	5	2	246	32
2	1	4	2	55	32
2	0	3	3	300	8
3	2	4	2	214	8
3	0	4	3	191	8
2	3	4	2	304	3
2	3	5	2	171	3
3	0	4	3	210	8
3	0	5	3	243	8
1	3	4	2	315	3
1	3	4	2	309	3
0	1	0	1	250	8
1	2	1	2	209	3
1	2	3	2	280	32
3	1	5	2	26	8
3	1	4	2	175	3
0	2	0	1	99	3
1	2	7	2	64	32
1	0	1	3	0	4
3	0	1	3	308	3
2	3	2	2	135	4
0	3	0	1	117	3
0	3	0	1	188	8
3	0	3	3	118	3
1	2	5	2	153	8
2	3	7	2	238	32
2	0	7	3	185	3
1	2	2	2	147	32
0	3	0	1	107	32
3	1	6	2	288	4
2	3	6	2	124	4
3	2	2	2	132	3
1	0	6	3	91	32
1	3	2	2	194	8
2	1	7	2	19	4
1	3	2	2	251	4
0	2	0	1	24	8
2	0	1	3	16	8
0	2	0	1	156	3
2	1	1	2	167	4
2	0	2	3	67	3
2	1	1	2	48	3
2	3	3	2	246	4
1	0	6	3	268	8
0	3	0	1	104	3
2	1	4	2	213	4
0	1	0	1	241	32
3	2	5	2	52	32
0	2	0	1	0	8
2	1	1	2	192	8
2	3	1	2	301	4
3	0	1	3	216	4
3	2	3	2	149	8
1	3	6	2	287	32
3	0	3	3	237	3
1	3	7	2	195	8
0	3	0	1	16	3
3	0	4	3	208	4
1	0	4	3	287	4
1	2	6	2	184	3
0	3	0	1	54	4
1	0	1	3	48	32
3	0	2	3	29	3
2	0	1	3	276	4
3	2	1	2	75	8
3	2	6	2	137	8
0	2	0	1	283	4
0	1	0	1	130	3
2	0	7	3	28	8
2	3	6	2	222	4
2	1	5	2	183	3
2	3	1	2	137	32
0	2	0	1	44	4
2	1	6	2	288	8
1	2	1	2	248	32
3	0	4	3	206	4
3	2	5	2	70	32
3	1	2	2	181	3
0	2	0	1	172	8
0	3	0	1	279	4
1	2	2	2	15	8
0	2	0	1	125	3
1	0	7	3	285	4
3	2	5	2	35	32
3	2	4	2	46	3
0	1	0	1	189	3
1	3	2	2	25	32
2	1	2	2	37	3
1	2	3	2	241	3
1	2	7	2	46	4
2	1	6	2	197	4
0	1	0	1	225	3
0	1	0	1	165	32
0	3	0	1	3	8
0	3	0	1	151	8
0	3	0	1	74	32
1	3	4	2	278	32
0	2	0	1	116	8
3	0	1	3	169	8
2	1	7	2	270	32
2	3	5	2	218	3
1	0	6	3	226	4
2	3	2	2	178	32
0	3	0	1	139	4
0	3	0	1	69	4
1	2	7	2	76	4
0	2	0	1	241	8
1	2	2	2	115	4
2	0	6	3	181	3
0	1	0	1	101	8
1	3	7	2	49	32
2	1	1	2	135	4
0	3	0	1	265	4
2	3	3	2	57	8
0	3	0	1	198	32
3	2	4	2	250	8
1	3	5	2	171	32
2	0	3	3	153	3
0	2	0	1	153	8
0	3	0	1	182	3
3	2	5	2	162	32
0	3	0	1	117	8
2	3	4	2	288	4
1	0	1	3	132	32
1	0	7	3	163	32
3	2	1	2	259	8
2	0	6	3	34	8
2	3	5	2	0	32
2	1	7	2	181	8
1	2	3	2	281	3
2	0	1	3	270	32
1	2	7	2	292	3
0	1	0	1	171	8
1	2	1	2	128	8
3	1	2	2	234	4
3	2	2	2	255	3
3	2	6	2	139	32
0	3	0	1	223	32
0	1	0	1	309	4
2	0	3	3	165	32
3	2	7	2	134	8
3	2	3	2	170	32
1	3	6	2	245	3
1	0	7	3	71	32
3	1	5	2	40	32
1	0	4	3	146	32
3	0	5	3	216	4
0	2	0	1	239	32
0	3	0	1	176	3
1	3	2	2	83	32
1	0	6	3	241	3
3	0	4	3	48	3
1	0	4	3	40	3
3	1	1	2	290	4
0	1	0	1	264	4
3	2	6	2	37	32
2	0	1	3	70	4
3	2	7	2	88	32
1	2	6	2	10	4
2	0	2	3	236	3
0	3	0	1	298	8
2	3	5	2	261	8
1	2	6	2	266	32
3	1	7	2	257	32
0	2	0	1	161	32
2	1	2	2	99	3
1	2	5	2	280	8
3	1	3	2	157	4
2	1	7	2	232	3
3	1	3	2	277	3
2	1	2	2	60	32
1	2	5	2	311	3
0	3	0	1	125	4
2	0	7	3	140	3
1	3	7	2	295	4
3	2	7	2	180	32
3	0	1	3	105	8
0	2	0	1	129	4
0	3	0	1	300	4
1	0	7	3	32	3
1	3	5	2	75	4
1	3	7	2	56	32
1	0	4	3	99	32
1	3	7	2	138	4
3	0	2	3	35	32
1	3	2	2	193	32
2	0	7	3	105	3
1	2	4	2	53	3
0	1	0	1	254	3
0	3	0	1	178	4
1	2	7	2	303	8
1	0	7	3	305	3
0	2	0	1	269	4
3	0	1	3	255	8
3	2	7	2	270	3
3	1	6	2	52	32
0	1	0	1	76	4
2	0	7	3	212	32
1	2	6	2	5	32
1	0	5	3	269	3
0	1	0	1	286	32
2	3	2	2	92	3
2	0	3	3	291	4
2	0	6	3	312	3
0	2	0	1	103	8
1	0	1	3	47	4
2	0	2	3	224	8
1	2	5	2	209	4
1	0	6	3	31	3
3	2	2	2	201	4
3	0	3	3	109	4
2	3	2	2	119	4
1	2	5	2	193	3
0	3	0	1	277	8
3	0	4	3	168	3
0	2	0	1	243	32
1	2	5	2	68	4
1	2	1	2	265	32
3	0	5	3	28	32
0	1	0	1	211	3
2	3	6	2	266	8
0	2	0	1	112	32
1	0	7	3	162	4
3	0	5	3	273	4
1	0	7	3	157	8
3	1	3	2	40	4
2	0	6	3	108	8
1	0	5	3	162	8
1	3	1	2	156	4
2	1	2	2	115	8
3	0	2	3	208	8
2	1	1	2	256	32
0	1	0	1	213	4
0	1	0	1	196	4
3	2	6	2	291	3
1	3	5	2	162	3
1	2	2	2	254	3
3	2	6	2	66	8
3	0	3	3	212	3
2	0	6	3	106	8
0	3	0	1	69	4
3	0	4	3	178	3
1	0	4	3	39	4
1	0	4	3	185	4
2	3	6	2	154	32
3	1	5	2	232	4
1	2	1	2	184	4
0	3	0	1	20	8
1	2	5	2	53	3
0	2	0	1	119	3
0	1	0	1	300	4
1	0	5	3	307	3
0	1	0	1	158	8
0	2	0	1	104	3
0	1	0	1	201	8
0	1	0	1	66	4
0	3	0	1	88	3
0	2	0	1	297	4
0	2	0	1	187	8
3	2	7	2	198	3
3	0	4	3	24	32
0	1	0	1	209	32
2	3	6	2	203	4
0	3	0	1	262	3
3	2	3	2	152	8
0	3	0	1	150	32
2	3	2	2	121	4
1	0	1	3	289	3
1	2	2	2	248	4
0	1	0	1	103	8
0	1	0	1	91	3
3	2	1	2	86	32
1	2	1	2	140	8
2	1	6	2	37	32
0	3	0	1	277	8
1	2	1	2	64	8
1	2	1	2	104	4
2	1	7	2	161	4
2	3	7	2	165	32
2	1	6	2	142	32
0	1	0	1	12	8
1	2	3	2	248	3
2	0	2	3	11	32
1	3	6	2	242	3
3	2	4	2	83	32
0	1	0	1	271	32
2	0	7	3	169	4
3	0	1	3	91	8
1	2	6	2	65	8
3	1	3	2	196	8
2	1	1	2	15	8
2	0	7	3	308	4
2	1	4	2	270	4
0	1	0	1	0	4
0	3	0	1	236	8
1	2	1	2	120	8
3	1	1	2	164	3
1	2	4	2	29	32
2	3	5	2	94	3
0	1	0	1	74	3
0	2	0	1	92	4
3	2	5	2	74	3
3	1	3	2	198	4
3	0	1	3	54	3
3	0	2	3	61	4
2	0	1	3	189	3
1	2	3	2	124	4
2	0	1	3	302	8
3	1	4	2	304	8
2	0	7	3	155	32
0	3	0	1	85	32
2	3	6	2	19	32
3	1	3	2	88	8
3	1	2	2	133	8
1	0	4	3	173	8
0	2	0	1	253	3
0	2	0	1	66	8
2	0	1	3	251	4
3	0	2	3	147	8
2	3	5	2	49	32
1	3	4	2	307	4
2	1	2	2	282	8
3	2	3	2	143	8
1	0	6	3	271	3
3	1	1	2	240	8
1	3	4	2	301	4
1	0	7	3	16	32
3	2	3	2	293	3
3	2	1	2	46	32
3	0	4	3	299	3
3	1	6	2	228	8
0	1	0	1	260	8
0	2	0	1	195	32
3	0	4	3	266	3
3	2	3	2	109	8
2	1	6	2	231	3
1	3	6	2	266	32
1	3	6	2	245	8
2	0	3	3	239	4
3	1	2	2	303	4
1	3	7	2	275	3
3	0	5	3	263	4
3	1	1	2	65	32
1	0	5	3	169	32
3	0	5	3	170	3
1	3	2	2	205	4
0	1	0	1	11	32
0	2	0	1	202	32
1	3	3	2	72	8
0	3	0	1	123	32
2	1	7	2	295	8
2	3	1	2	279	8
0	2	0	1	234	4
1	2	6	2	3	8
3	0	3	3	266	32
2	1	4	2	197	8
0	1	0	1	136	3
0	2	0	1	83	8
3	1	3	2	166	32
1	0	7	3	92	8
1	0	1	3	68	32
3	0	4	3	315	4
1	3	3	2	32	4
1	2	5	2	225	4
0	2	0	1	248	8
2	3	2	2	166	4
2	1	4	2	148	4
0	1	0	1	41	3
3	1	7	2	189	8
0	3	0	1	70	8
3	0	5	3	219	8
3	1	2	2	133	3
3	1	7	2	14	8
0	2	0	1	99	32
2	0	1	3	82	8
1	0	7	3	68	32
2	0	3	3	195	8
2	0	2	3	174	3
2	1	5	2	14	3
1	3	6	2	153	8
2	0	1	3	101	4
0	2	0	1	266	4
2	0	3	3	137	32
3	0	1	3	223	32
2	1	6	2	293	8
0	2	0	1	277	4
3	0	4	3	59	32
3	1	3	2	47	8
3	2	1	2	271	3
2	1	4	2	27	8
3	0	4	3	215	3
3	2	6	2	146	4
2	3	3	2	87	4
2	3	6	2	140	4
1	2	3	2	19	8
0	3	0	1	296	4
0	3	0	1	68	3
2	0	7	3	155	4
1	3	1	2	258	3
2	1	2	2	16	32
3	0	2	3	196	32
1	3	4	2	223	8
1	3	4	2	61	4
0	2	0	1	102	8
3	0	4	3	101	3
2	0	1	3	266	32
3	1	2	2	313	3
1	0	4	3	17	8
2	0	2	3	86	3
0	1	0	1	286	4
1	0	4	3	281	32
0	1	0	1	285	4
1	3	2	2	52	8
3	2	2	2	88	3
2	0	7	3	258	8
0	1	0	1	116	4
0	3	0	1	6	32
2	1	3	2	258	32
1	0	7	3	212	8
0	1	0	1	79	4
2	3	3	2	17	3
1	2	3	2	250	3
0	2	0	1	216	3
3	2	5	2	80	32
3	1	2	2	147	3
1	0	5	3	259	32
0	1	0	1	223	32
2	1	4	2	250	8
2	3	3	2	5	8
1	2	3	2	95	8
2	0	3	3	277	3
2	0	6	3	145	8
3	2	4	2	46	8
1	2	4	2	100	8
0	1	0	1	197	8
2	3	1	2	199	4
1	3	2	2	13	3
3	2	7	2	263	3
1	0	7	3	176	4
2	0	1	3	102	4
3	1	4	2	275	4
2	1	6	2	285	3
1	2	4	2	316	3
3	2	7	2	254	32
1	0	1	3	22	4
3	0	5	3	28	3
0	1	0	1	233	32
1	2	1	2	139	32
3	2	7	2	60	32
1	0	7	3	80	4
1	0	6	3	142	32
2	3	4	2	186	3
3	0	5	3	295	3
2	1	5	2	283	4
0	1	0	1	67	4
0	3	0	1	132	8
2	1	3	2	13	3
2	1	7	2	12	32
0	1	0	1	249	4
2	3	6	2	198	32
2	3	3	2	35	4
1	3	7	2	119	4
2	0	6	3	127	32
3	2	7	2	158	32
0	1	0	1	237	32
2	3	7	2	28	3
3	0	5	3	178	8
0	2	0	1	119	4
3	0	5	3	229	3
3	2	4	2	294	8
2	1	4	2	209	4
3	0	3	3	7	8
2	3	2	2	303	3
2	0	7	3	112	3
3	2	1	2	198	3
3	0	1	3	175	32
3	1	6	2	74	8
0	2	0	1	295	8
1	2	5	2	190	8
0	2	0	1	193	32
3	0	2	3	53	3
3	0	4	3	140	4
1	3	7	2	221	32
2	0	1	3	69	4
0	1	0	1	83	8
3	0	5	3	230	32
2	3	4	2	61	8
1	0	6	3	101	4
1	3	1	2	86	4
1	2	4	2	5	32
1	0	5	3	302	8
1	0	5	3	142	32
0	2	0	1	227	4
1	0	4	3	98	32
0	2	0	1	268	3
3	1	1	2	156	8
2	3	4	2	275	8
1	0	4	3	230	3
3	1	6	2	219	3
1	0	5	3	171	3
2	3	4	2	125	3
0	3	0	1	192	3
2	3	2	2	284	8
1	2	1	2	129	32
2	1	6	2	183	8
1	0	7	3	122	8
0	2	0	1	49	4
2	0	2	3	79	4
3	1	2	2	226	4
3	0	4	3	257	8
2	3	4	2	129	8
0	2	0	1	111	3
0	1	0	1	36	3
0	2	0	1	27	4
3	2	4	2	226	3
1	2	3	2	3	32
3	1	5	2	59	8
3	2	3	2	291	8
1	2	3	2	188	32
2	0	7	3	134	3
2	1	1	2	84	32
1	0	7	3	233	4
1	2	4	2	54	32
1	0	7	3	204	8
1	0	1	3	284	3
1	2	1	2	102	4
1	2	5	2	284	32
2	0	2	3	315	4
3	1	2	2	50	32
1	0	7	3	269	8
0	3	0	1	172	8
2	0	2	3	154	4
2	3	5	2	236	4
2	1	6	2	252	32
1	3	3	2	72	32
1	2	7	2	307	3
3	0	2	3	279	3
3	2	6	2	263	3
3	0	1	3	207	8
1	3	1	2	234	3
3	2	7	2	59	32
1	3	3	2	131	8
3	2	1	2	54	8
0	3	0	1	37	8
0	1	0	1	253	3
2	3	6	2	132	32
1	3	7	2	232	8
3	0	2	3	90	4
2	0	6	3	122	4
3	2	5	2	38	32
1	3	1	2	286	8
3	2	1	2	276	32
0	1	0	1	100	32
2	0	3	3	155	32
0	1	0	1	21	32
3	2	5	2	122	32
2	1	1	2	255	32
3	0	4	3	252	4
2	3	1	2	228	8
1	0	6	3	146	32
1	2	4	2	137	3
3	1	7	2	197	8
1	3	1	2	282	3
2	1	2	2	225	32
0	2	0	1	121	8
1	2	2	2	147	8
1	2	2	2	304	3
2	1	2	2	270	8
0	3	0	1	74	4
3	0	4	3	256	3
3	2	5	2	140	4
0	3	0	1	262	8
1	0	6	3	268	8
2	0	6	3	195	8
2	1	6	2	173	3
0	3	0	1	175	8
2	1	2	2	21	3
2	1	6	2	65	8
0	1	0	1	273	3
0	3	0	1	312	8
3	0	3	3	2	3
0	3	0	1	211	32
2	0	1	3	81	4
0	2	0	1	235	32
3	2	2	2	230	3
3	1	6	2	271	8
1	2	6	2	39	32
0	3	0	1	160	8
2	3	7	2	134	3
1	0	5	3	104	32
1	0	4	3	102	8
2	3	1	2	10	3
1	3	3	2	205	8
3	0	5	3	275	8
3	2	1	2	182	3
3	0	3	3	259	3
3	0	2	3	3	32
2	1	6	2	134	8
1	2	1	2	234	32
3	0	1	3	24	32
3	2	6	2	195	3
1	2	2	2	295	8
1	0	4	3	96	3
1	3	3	2	165	4
3	0	3	3	87	4
3	1	2	2	167	32
1	2	6	2	91	32
0	3	0	1	262	8
3	0	5	3	148	8
3	2	3	2	102	32
3	1	5	2	57	32
0	3	0	1	218	4
2	3	3	2	66	3
3	0	5	3	96	8
0	3	0	1	92	32
2	0	6	3	137	3
0	1	0	1	129	8
2	3	3	2	307	4
1	0	4	3	72	4
1	0	7	3	184	4
3	0	4	3	228	32
2	0	7	3	101	3
2	0	3	3	89	32
0	3	0	1	229	32
3	1	4	2	79	32
3	2	2	2	282	3
0	3	0	1	262	3
0	3	0	1	231	3
1	0	6	3	155	3
3	2	3	2	246	32
2	1	4	2	301	4
3	0	4	3	126	3
2	0	6	3	53	4
0	3	0	1	128	8
3	0	2	3	235	32
1	0	5	3	32	4
2	3	5	2	212	32
2	3	7	2	144	8
2	1	6	2	260	4
1	0	5	3	273	32
2	3	2	2	42	8
3	1	5	2	96	8
3	0	4	3	206	32
0	2	0	1	59	32
3	0	4	3	139	8
1	3	1	2	2	32
2	0	2	3	227	3
0	2	0	1	141	4
1	0	4	3	269	3
0	1	0	1	40	32
1	0	6	3	129	8
2	1	6	2	144	3
0	2	0	1	289	3
2	0	1	3	95	32
2	3	7	2	209	4
3	1	1	2	149	3
3	2	6	2	137	32
2	1	4	2	53	4
3	0	4	3	152	3
0	2	0	1	182	3
3	1	5	2	299	4
3	0	5	3	193	4
3	0	3	3	107	8
2	0	3	3	97	4
2	3	1	2	15	4
1	3	6	2	253	3
3	0	3	3	186	8
2	1	4	2	28	8
0	3	0	1	226	32
3	0	4	3	17	8
0	2	0	1	240	8
0	1	0	1	172	8
0	1	0	1	68	3
2	1	7	2	92	4
1	3	6	2	117	8
0	1	0	1	271	4
1	2	4	2	177	4
1	2	1	2	136	3
2	1	4	2	139	32
3	2	1	2	119	4
0	3	0	1	220	3
1	0	4	3	291	3
2	1	2	2	38	8
1	3	6	2	269	3
2	1	6	2	176	32
3	2	3	2	245	3
3	1	6	2	187	3
2	3	4	2	281	4
2	3	3	2	238	32
1	2	4	2	28	32
1	3	6	2	221	32
1	2	7	2	100	4
2	1	5	2	158	32
1	0	7	3	100	32
0	1	0	1	264	4
2	3	1	2	211	3
0	2	0	1	268	32
1	0	4	3	99	8
2	1	3	2	64	32
3	0	5	3	142	3
3	2	3	2	54	4
3	2	2	2	58	32
2	0	6	3	67	8
0	1	0	1	198	8
2	0	3	3	197	32
3	0	5	3	236	32
3	1	3	2	230	32
1	2	5	2	136	4
1	3	2	2	138	8
1	0	1	3	31	4
1	2	5	2	231	32
1	0	5	3	257	4
1	0	7	3	40	3
0	2	0	1	295	4
2	0	3	3	185	3
1	0	6	3	216	8
0	2	0	1	166	3
3	0	3	3	146	32
3	1	5	2	274	32
1	3	1	2	129	3
1	2	3	2	98	8
3	0	5	3	191	3
1	0	1	3	14	8
0	1	0	1	177	32
2	3	4	2	306	8
1	2	4	2	254	4
1	3	3	2	203	8
0	3	0	1	78	8
1	0	7	3	76	4
1	0	6	3	304	4
3	1	1	2	85	4
3	2	5	2	5	8
2	3	7	2	242	32
2	1	1	2	202	32
2	3	3	2	216	32
0	2	0	1	67	3
3	1	2	2	228	3
1	3	4	2	46	32
0	1	0	1	58	8
0	1	0	1	281	8
1	0	6	3	217	4
1	2	1	2	228	4
2	1	5	2	193	3
1	2	5	2	0	32
3	2	1	2	47	8
2	1	1	2	316	4
2	3	3	2	185	8
0	1	0	1	178	3
0	2	0	1	224	3
0	2	0	1	270	8
2	0	1	3	158	4
0	1	0	1	39	3
2	1	4	2	40	32
0	2	0	1	223	3
0	3	0	1	63	3
3	0	3	3	143	32
1	0	1	3	160	3
1	2	3	2	308	4
3	0	1	3	11	32
0	2	0	1	174	4
0	2	0	1	271	8
3	0	5	3	35	3
2	0	2	3	158	32
0	1	0	1	117	4
3	0	5	3	156	8
2	0	3	3	28	32
3	1	4	2	296	4
0	2	0	1	73	4
1	3	7	2	91	8
3	1	7	2	165	3
1	0	6	3	310	8
2	1	6	2	230	32
1	0	6	3	42	8
0	3	0	1	4	32
3	1	1	2	299	4
2	1	7	2	253	8
2	0	1	3	81	8
3	1	2	2	233	8
1	2	7	2	40	32
0	2	0	1	127	4
1	3	6	2	129	3
1	0	7	3	238	4
2	1	3	2	302	4
3	1	6	2	141	32
3	0	2	3	221	3
0	1	0	1	133	3
0	2	0	1	230	8
3	2	4	2	169	3
2	3	2	2	132	32
1	3	7	2	114	3
3	2	1	2	277	8
2	0	3	3	210	3
3	0	2	3	218	32
3	0	2	3	1	3
0	1	0	1	63	32
3	0	5	3	20	8
1	3	1	2	175	4
2	1	4	2	192	4
3	2	4	2	177	4
2	3	1	2	156	3
3	1	1	2	86	32
1	2	4	2	244	3
2	0	3	3	1	32
3	2	1	2	123	3
3	2	1	2	19	3
2	1	5	2	84	32
3	0	1	3	16	4
1	2	7	2	270	4
1	2	6	2	249	8
3	0	1	3	110	4
0	2	0	1	283	3
2	0	6	3	81	32
3	2	5	2	191	32
1	2	1	2	285	3
2	1	4	2	185	3
0	2	0	1	57	3
3	1	6	2	98	8
2	0	7	3	90	32
1	0	4	3	102	3
2	1	5	2	129	3
0	3	0	1	315	3
3	2	6	2	248	4
3	2	4	2	169	4
1	2	4	2	198	32
3	0	5	3	269	4
0	2	0	1	0	3
0	1	0	1	246	4
1	0	1	3	130	4
1	2	4	2	27	8
1	0	1	3	312	8
2	3	5	2	205	4
0	3	0	1	245	3
3	0	4	3	315	4
0	3	0	1	56	32
3	0	2	3	110	32
3	2	4	2	201	8
2	0	6	3	127	8
3	2	3	2	199	8
3	2	5	2	111	32
1	2	2	2	294	8
1	0	7	3	39	8
0	3	0	1	88	8
0	2	0	1	168	3
2	3	5	2	297	4
0	1	0	1	74	8
0	3	0	1	249	8
2	0	2	3	117	4
1	2	5	2	300	4
3	0	5	3	256	3
2	3	3	2	112	8
0	3	0	1	104	3
1	2	1	2	259	4
3	2	3	2	222	32
1	2	2	2	114	3
3	1	7	2	168	4
0	2	0	1	260	8
0	1	0	1	248	4
2	1	1	2	189	3
2	0	3	3	114	32
0	3	0	1	316	4
3	2	1	2	74	4
3	1	1	2	68	3
0	3	0	1	110	8
3	2	6	2	55	8
3	2	4	2	35	32
0	3	0	1	35	3
2	0	6	3	206	4
1	0	5	3	70	8
2	3	4	2	243	4
2	3	6	2	180	8
0	1	0	1	217	3
3	1	7	2	208	8
2	3	1	2	303	8
0	2	0	1	166	4
1	3	6	2	186	4
0	2	0	1	17	32
1	3	2	2	229	8
0	3	0	1	78	32
1	3	3	2	218	8
0	2	0	1	165	32
3	1	1	2	128	32
2	1	4	2	161	3
1	2	2	2	152	3
0	2	0	1	285	3
2	0	3	3	309	3
0	1	0	1	295	8
2	0	6	3	181	3
1	0	4	3	214	8
2	0	2	3	235	4
3	0	4	3	204	4
3	0	3	3	70	8
1	3	4	2	215	8
3	2	6	2	222	3
0	2	0	1	12	8
2	3	4	2	157	3
0	3	0	1	66	4
1	0	1	3	152	8
2	1	2	2	236	8
0	1	0	1	250	3
2	3	5	2	2	32
0	3	0	1	246	32
0	1	0	1	220	4
1	0	5	3	249	8
3	1	4	2	121	3
1	0	6	3	220	8
0	1	0	1	73	8
0	1	0	1	7	8
1	2	3	2	10	3
1	0	4	3	106	3
0	3	0	1	116	32
0	3	0	1	188	3
3	2	5	2	125	32
0	3	0	1	119	3
3	2	2	2	267	4
3	2	1	2	40	32
2	1	2	2	229	3
0	2	0	1	216	8
2	3	7	2	2	4
2	0	3	3	113	4
2	3	7	2	104	4
3	0	5	3	189	8
1	0	6	3	120	3
3	1	6	2	181	32
0	2	0	1	48	32
0	3	0	1	167	8
2	0	3	3	276	4
0	2	0	1	129	4
1	2	6	2	214	3
0	3	0	1	220	3
3	1	1	2	101	32
3	1	4	2	104	3
1	3	5	2	138	3
0	2	0	1	139	8
3	0	5	3	17	4
3	1	7	2	156	4
1	2	5	2	26	32
2	3	2	2	96	8
1	3	1	2	15	8
2	3	4	2	126	4
1	0	4	3	38	8
2	3	5	2	112	8
0	3	0	1	117	8
2	0	3	3	223	3
0	2	0	1	189	4
1	2	6	2	261	3
0	3	0	1	185	4
1	3	1	2	122	32
2	1	2	2	94	32
3	2	1	2	227	4
0	1	0	1	63	3
0	3	0	1	2	3
1	2	4	2	183	3
1	2	7	2	41	32
3	1	2	2	255	8
2	3	5	2	218	32
0	2	0	1	315	3
1	0	4	3	159	32
0	3	0	1	216	32
0	1	0	1	160	32
3	2	2	2	108	3
0	3	0	1	112	32
0	2	0	1	59	8
3	2	2	2	71	4
3	0	2	3	176	8
2	1	1	2	287	8
0	2	0	1	144	32
1	3	6	2	256	32
3	1	4	2	214	3
1	3	4	2	280	3
1	2	6	2	292	8
1	3	5	2	286	32
2	3	4	2	152	32
2	1	4	2	275	8
3	2	5	2	21	4
2	1	5	2	4	3
2	0	1	3	146	32
1	3	2	2	210	32
0	1	0	1	26	4
2	3	2	2	68	32
1	2	7	2	163	3
1	2	2	2	273	32
0	2	0	1	150	4
1	2	5	2	295	3
3	2	5	2	192	8
2	1	4	2	59	3
3	0	1	3	283	8
2	3	7	2	242	32
2	3	5	2	86	3
3	0	1	3	225	8
2	3	6	2	283	3
3	0	4	3	16	3
3	0	4	3	114	4
1	0	4	3	102	4
1	0	5	3	120	3
2	3	2	2	268	8
1	0	7	3	161	32
0	1	0	1	169	8
1	2	5	2	167	3
3	1	1	2	68	8
1	0	4	3	87	32
0	3	0	1	257	4
2	0	6	3	309	8
0	1	0	1	9	8
2	0	7	3	22	3
3	0	3	3	215	4
2	0	3	3	279	32
2	1	5	2	249	3
1	0	7	3	131	3
1	0	5	3	114	8
2	0	2	3	141	32
3	0	4	3	272	8
2	0	7	3	219	8
0	3	0	1	27	3
1	0	1	3	48	32
1	3	1	2	207	32
1	3	3	2	42	32
1	3	6	2	5	8
0	3	0	1	3	32
3	0	1	3	178	8
2	3	1	2	167	4
3	2	3	2	71	3
0	2	0	1	69	32
2	3	1	2	93	3
0	3	0	1	15	8
2	3	2	2	9	8
2	1	5	2	148	8
1	0	7	3	205	8
3	1	6	2	94	8
3	0	3	3	293	3
1	0	7	3	229	3
1	0	4	3	217	3
2	1	1	2	96	4
3	0	5	3	248	8
1	3	2	2	90	8
1	0	7	3	110	4
0	3	0	1	3	32
3	2	7	2	202	8
2	0	2	3	296	8
1	0	6	3	123	32
3	0	5	3	133	32
2	0	6	3	142	4
0	1	0	1	275	8
1	3	1	2	141	8
3	1	6	2	25	8
0	1	0	1	16	3
3	1	7	2	173	8
0	2	0	1	29	32
3	0	3	3	279	32
0	3	0	1	133	3
3	1	3	2	171	3
0	1	0	1	50	8
2	1	5	2	31	4
3	1	1	2	291	3
2	1	3	2	256	8
0	3	0	1	183	32
1	3	6	2	304	3
3	1	5	2	273	8
1	3	6	2	279	32
3	0	2	3	231	4
2	3	3	2	57	3
2	1	3	2	107	4
3	2	6	2	40	8
3	2	5	2	287	4
3	0	5	3	74	4
1	0	1	3	244	4
1	3	2	2	160	4
3	2	6	2	235	32
2	0	7	3	191	8
2	1	1	2	217	3
0	1	0	1	166	8
3	2	2	2	214	4
3	1	5	2	115	32
3	0	1	3	134	4
2	0	6	3	265	4
0	1	0	1	13	3
2	1	6	2	288	3
1	3	2	2	211	32
0	2	0	1	204	8
0	3	0	1	165	4
2	0	3	3	95	4
0	2	0	1	164	8
0	1	0	1	12	32
3	1	3	2	77	4
0	3	0	1	177	4
1	0	7	3	47	3
3	2	2	2	97	32
1	0	6	3	212	3
1	3	2	2	12	3
0	3	0	1	34	8
2	3	6	2	115	32
2	0	7	3	176	4
2	0	7	3	58	3
1	0	5	3	11	4
2	3	2	2	267	8
3	1	6	2	78	4
1	0	1	3	67	8
1	0	6	3	2	8
1	2	3	2	292	3
2	0	7	3	237	3
1	0	1	3	25	8
0	3	0	1	77	4
1	0	5	3	298	3
2	3	7	2	36	4
0	1	0	1	240	3
0	3	0	1	24	8
2	3	7	2	111	32
3	0	5	3	114	4
2	1	2	2	148	3
2	0	7	3	224	32
2	0	1	3	267	32
0	1	0	1	275	32
2	3	6	2	230	32
2	3	4	2	32	32
2	3	3	2	54	4
1	0	5	3	268	4
2	1	3	2	183	32
1	0	7	3	156	4
0	1	0	1	289	4
0	3	0	1	139	3
2	1	7	2	270	4
1	3	7	2	316	4
2	3	4	2	270	3
2	1	2	2	179	3
0	1	0	1	57	3
1	2	2	2	195	4
1	3	4	2	10	3
3	1	2	2	130	4
0	3	0	1	133	8
1	2	1	2	0	8
1	0	5	3	226	3
3	0	5	3	171	8
0	1	0	1	104	3
0	2	0	1	168	3
3	0	3	3	61	3
3	2	4	2	70	4
1	2	5	2	213	8
3	0	4	3	312	8
2	0	6	3	75	3
0	3	0	1	280	4
0	2	0	1	127	32
1	0	1	3	195	3
2	1	3	2	28	4
2	3	6	2	251	32
0	2	0	1	207	8
2	3	1	2	155	32
2	1	2	2	211	4
0	3	0	1	177	8
1	3	6	2	233	3
0	1	0	1	265	4
0	1	0	1	38	8
0	3	0	1	31	4
1	3	7	2	306	8
0	3	0	1	234	3
1	0	1	3	263	4
3	1	5	2	176	32
3	1	4	2	181	32
2	3	2	2	38	3
3	1	1	2	248	8
2	0	3	3	91	8
1	3	4	2	113	32
3	1	4	2	235	4
3	2	3	2	240	4
2	3	3	2	177	3
3	2	6	2	38	8
0	1	0	1	180	4
3	1	2	2	130	8
3	0	1	3	137	32
3	1	1	2	21	32
