0	2	0	1	228	8
0	3	0	1	79	8
3	2	6	2	103	32
1	0	7	3	144	3
1	2	5	2	58	3
0	2	0	1	109	4
0	2	0	1	21	4
2	0	2	3	229	4
0	2	0	1	215	32
3	2	4	2	290	3
0	1	0	1	53	3
0	3	0	1	275	32
0	3	0	1	281	32
3	1	6	2	120	8
3	2	6	2	11	4
3	1	7	2	39	8
1	3	6	2	220	3
0	2	0	1	151	4
3	0	5	3	103	3
1	3	3	2	109	32
3	2	6	2	82	32
3	2	3	2	299	8
3	1	1	2	107	4
3	1	5	2	151	4
1	2	4	2	10	32
1	0	1	3	289	4
1	0	1	3	166	32
3	1	3	2	297	3
2	1	7	2	227	32
1	3	7	2	277	8
3	0	3	3	279	32
2	3	3	2	276	4
3	1	2	2	248	4
3	1	1	2	180	8
0	2	0	1	136	8
0	1	0	1	239	3
3	2	2	2	69	4
1	0	6	3	269	8
0	2	0	1	91	4
2	1	1	2	225	32
0	3	0	1	79	32
2	0	1	3	55	32
2	0	2	3	5	3
1	0	4	3	171	32
1	2	3	2	100	32
2	3	7	2	81	8
3	2	1	2	166	8
0	2	0	1	148	4
1	2	4	2	3	8
0	2	0	1	202	3
3	2	6	2	251	32
3	1	1	2	86	32
1	0	6	3	309	3
2	0	3	3	60	32
1	0	5	3	116	8
3	1	2	2	61	4
1	0	5	3	116	4
3	1	4	2	221	8
1	0	6	3	97	8
2	3	3	2	200	8
3	2	1	2	85	4
0	3	0	1	204	3
3	0	3	3	141	3
3	0	3	3	9	8
1	0	6	3	110	3
3	1	4	2	1	8
2	0	6	3	250	32
0	1	0	1	24	8
2	0	2	3	187	32
0	2	0	1	68	3
0	3	0	1	219	3
3	0	3	3	262	4
0	2	0	1	222	4
3	2	5	2	305	4
3	1	7	2	254	3
0	3	0	1	298	8
0	2	0	1	187	8
3	2	4	2	57	32
2	3	2	2	160	32
2	3	1	2	90	32
0	3	0	1	3	8
2	1	3	2	39	32
0	2	0	1	26	32
0	1	0	1	35	8
2	0	3	3	250	32
2	3	6	2	163	4
0	3	0	1	92	32
1	2	6	2	123	32
0	1	0	1	272	32
0	1	0	1	231	4
0	2	0	1	57	8
3	0	5	3	250	3
1	2	5	2	77	3
2	0	2	3	40	8
3	0	3	3	215	8
0	2	0	1	217	8
3	1	3	2	109	3
3	2	5	2	25	8
1	3	3	2	55	4
1	2	6	2	269	8
2	0	6	3	42	8
2	3	5	2	42	4
2	3	1	2	210	32
0	2	0	1	181	8
3	2	1	2	136	8
2	3	5	2	171	4
2	3	2	2	264	8
2	3	1	2	102	8
2	3	1	2	21	4
2	0	6	3	151	4
0	3	0	1	241	8
0	3	0	1	237	3
2	1	6	2	59	8
1	2	3	2	254	3
3	0	1	3	37	4
2	1	2	2	28	4
0	2	0	1	56	3
2	0	2	3	42	4
0	3	0	1	237	8
1	3	4	2	161	4
0	1	0	1	76	3
0	3	0	1	209	4
2	3	3	2	27	3
2	0	7	3	116	32
2	3	2	2	78	8
1	2	5	2	246	3
2	0	7	3	70	32
1	2	7	2	210	8
0	2	0	1	115	3
0	2	0	1	163	3
1	2	4	2	64	32
1	3	4	2	147	8
2	0	3	3	287	3
1	2	4	2	95	32
0	3	0	1	83	4
1	2	6	2	183	4
1	2	7	2	303	3
3	0	2	3	227	3
0	2	0	1	144	8
1	3	1	2	275	32
3	0	2	3	187	4
2	1	7	2	223	3
0	2	0	1	117	8
1	3	6	2	34	32
3	1	3	2	186	8
0	2	0	1	51	3
2	0	7	3	57	32
2	0	7	3	144	8
0	1	0	1	23	4
3	2	5	2	35	32
1	0	1	3	41	4
2	0	7	3	173	3
0	1	0	1	168	3
0	3	0	1	58	4
3	2	3	2	295	3
1	0	7	3	13	3
2	1	4	2	182	4
3	1	3	2	149	32
0	1	0	1	99	4
3	2	2	2	154	4
2	1	2	2	75	3
2	1	1	2	115	3
3	1	6	2	138	8
3	1	2	2	18	3
0	2	0	1	262	3
0	1	0	1	139	4
1	2	3	2	117	32
0	1	0	1	274	3
2	3	6	2	119	4
3	0	2	3	282	3
0	3	0	1	162	32
1	0	6	3	276	3
2	3	2	2	257	32
2	3	1	2	214	8
0	2	0	1	130	3
1	2	4	2	59	32
1	0	5	3	132	4
0	1	0	1	133	4
0	2	0	1	0	32
1	3	6	2	242	8
2	0	6	3	273	32
0	2	0	1	221	32
0	2	0	1	246	32
0	1	0	1	88	3
3	2	7	2	92	32
3	0	3	3	204	4
2	1	1	2	277	4
3	0	1	3	65	32
0	1	0	1	5	8
3	0	5	3	257	32
1	2	7	2	278	32
3	0	3	3	66	4
1	0	5	3	132	4
0	3	0	1	25	4
2	3	7	2	228	3
3	0	4	3	129	4
3	2	6	2	82	4
2	3	1	2	23	8
3	1	1	2	71	8
1	0	1	3	8	3
2	3	1	2	25	4
2	1	2	2	247	32
0	1	0	1	158	8
3	2	5	2	147	8
1	3	4	2	19	32
0	1	0	1	263	32
0	2	0	1	157	3
3	2	7	2	147	4
2	3	2	2	32	8
0	1	0	1	94	3
2	1	4	2	117	3
1	2	6	2	48	32
3	0	1	3	118	32
3	0	2	3	49	4
0	3	0	1	58	3
2	0	6	3	235	32
0	3	0	1	229	4
3	1	2	2	25	32
3	0	3	3	268	3
2	3	4	2	162	3
0	2	0	1	195	4
3	1	4	2	156	3
0	2	0	1	80	8
3	1	7	2	196	32
2	3	3	2	140	4
0	3	0	1	71	4
2	3	2	2	21	4
3	1	7	2	2	3
2	0	7	3	75	8
1	2	3	2	118	3
2	0	1	3	245	3
2	0	6	3	158	3
3	1	5	2	226	4
2	0	7	3	27	4
3	2	1	2	259	3
3	0	2	3	43	32
0	3	0	1	311	3
1	3	1	2	137	3
2	0	2	3	133	32
1	2	3	2	69	32
3	2	6	2	190	8
2	3	4	2	169	8
0	3	0	1	67	32
2	0	7	3	114	32
3	2	2	2	132	3
3	2	4	2	10	32
2	1	7	2	32	8
0	3	0	1	283	3
1	2	3	2	154	32
1	0	5	3	305	3
3	0	5	3	40	3
1	2	1	2	148	3
3	2	5	2	239	8
1	3	5	2	21	32
3	0	3	3	135	3
3	1	1	2	180	3
2	3	4	2	4	3
2	3	1	2	190	4
3	2	7	2	3	3
3	2	1	2	123	4
2	3	2	2	107	4
2	0	1	3	32	4
2	1	6	2	296	8
3	1	1	2	219	4
0	3	0	1	95	32
1	2	1	2	6	4
3	0	1	3	117	32
1	0	4	3	209	4
1	3	2	2	175	8
0	2	0	1	82	3
3	1	1	2	146	3
1	0	4	3	249	8
3	2	7	2	33	32
0	2	0	1	228	8
2	3	7	2	207	32
1	0	1	3	297	8
3	1	6	2	28	4
3	1	7	2	128	3
2	1	1	2	39	32
0	3	0	1	134	3
0	2	0	1	156	8
0	2	0	1	184	8
3	0	3	3	134	32
0	3	0	1	290	3
1	3	5	2	0	8
3	1	4	2	189	3
0	3	0	1	228	4
3	0	4	3	5	4
1	2	1	2	295	4
0	2	0	1	170	8
3	2	2	2	208	8
3	0	5	3	267	4
1	0	6	3	84	4
0	2	0	1	186	3
0	1	0	1	263	3
0	3	0	1	177	32
0	1	0	1	83	4
2	3	5	2	297	4
3	2	7	2	205	8
0	2	0	1	204	4
1	0	6	3	29	8
1	0	4	3	173	8
3	1	2	2	232	3
2	1	2	2	273	8
3	1	3	2	284	32
0	3	0	1	84	32
2	3	5	2	253	3
2	0	3	3	185	3
3	1	3	2	248	8
2	3	6	2	67	8
0	2	0	1	248	3
2	0	6	3	86	8
1	0	1	3	141	4
2	0	7	3	97	32
1	0	1	3	280	3
1	0	6	3	34	8
3	2	7	2	252	4
1	2	7	2	136	4
1	3	5	2	311	4
3	0	5	3	178	32
3	2	2	2	232	8
1	2	3	2	111	4
2	3	5	2	39	3
0	3	0	1	163	32
1	2	2	2	22	4
2	3	3	2	290	8
1	2	2	2	290	4
2	3	4	2	74	8
0	1	0	1	289	8
1	0	4	3	28	8
3	0	4	3	149	4
3	0	1	3	126	8
3	0	5	3	23	32
0	2	0	1	232	8
2	1	6	2	45	32
3	2	3	2	91	4
1	3	2	2	209	3
2	3	3	2	100	8
1	2	2	2	291	3
0	2	0	1	69	8
3	1	7	2	112	3
0	1	0	1	94	32
1	2	6	2	12	32
2	1	6	2	98	8
3	1	5	2	244	4
0	3	0	1	46	3
0	3	0	1	27	32
1	3	4	2	256	3
0	1	0	1	100	4
3	1	7	2	144	32
3	1	3	2	280	8
2	3	1	2	223	8
2	0	7	3	296	4
0	2	0	1	85	8
2	1	4	2	52	32
2	3	3	2	94	8
2	1	7	2	295	8
2	0	3	3	0	32
2	1	2	2	294	3
0	1	0	1	294	8
2	1	4	2	272	32
1	0	5	3	64	4
0	2	0	1	308	4
1	3	5	2	109	8
0	1	0	1	24	8
3	1	7	2	138	8
0	3	0	1	126	8
3	2	3	2	253	3
0	1	0	1	228	3
0	2	0	1	70	4
1	2	2	2	172	4
0	3	0	1	279	8
1	0	7	3	284	32
1	3	2	2	278	8
1	3	5	2	30	8
1	2	3	2	254	3
0	3	0	1	258	32
2	0	6	3	81	8
3	1	5	2	34	4
0	2	0	1	119	4
0	2	0	1	269	32
0	3	0	1	55	4
3	2	7	2	119	4
1	0	6	3	146	3
2	1	6	2	243	32
3	2	5	2	59	3
0	1	0	1	110	8
3	0	4	3	7	32
2	1	6	2	270	8
2	1	6	2	77	8
0	1	0	1	176	4
2	3	7	2	116	3
3	2	2	2	126	8
3	2	5	2	10	8
0	3	0	1	83	32
3	0	5	3	91	3
2	3	4	2	123	8
0	3	0	1	262	8
1	2	5	2	126	4
2	0	7	3	245	32
2	3	2	2	19	8
2	0	2	3	25	8
1	3	2	2	222	3
1	0	5	3	206	3
1	3	4	2	126	8
3	1	7	2	183	3
2	3	3	2	216	32
3	1	7	2	186	4
1	2	5	2	300	8
1	2	5	2	121	3
2	0	6	3	186	8
1	0	4	3	204	4
0	1	0	1	66	8
0	2	0	1	111	3
0	1	0	1	13	3
3	1	1	2	99	3
2	3	6	2	132	4
1	3	6	2	101	4
3	0	3	3	43	8
0	3	0	1	179	8
3	2	3	2	245	4
2	0	2	3	187	8
3	0	3	3	245	32
0	3	0	1	219	8
1	3	3	2	39	8
3	2	4	2	228	8
1	2	5	2	42	3
0	3	0	1	245	8
0	3	0	1	154	3
1	2	6	2	3	3
0	1	0	1	57	4
1	2	4	2	219	4
0	3	0	1	157	8
2	1	3	2	247	8
2	3	6	2	112	3
2	3	3	2	122	3
3	2	1	2	74	3
1	0	1	3	135	4
3	1	4	2	237	3
2	0	1	3	212	4
1	0	5	3	188	3
1	2	4	2	48	4
1	3	7	2	275	4
3	1	2	2	120	32
1	2	1	2	316	4
3	1	7	2	97	32
0	2	0	1	163	32
2	3	7	2	158	3
3	2	1	2	203	8
1	0	1	3	55	3
1	2	4	2	92	4
1	0	6	3	118	8
1	3	6	2	120	4
1	2	3	2	228	8
1	3	2	2	308	3
2	1	4	2	246	3
3	0	4	3	41	32
1	2	1	2	10	8
2	1	1	2	204	3
1	0	4	3	20	32
3	1	1	2	131	32
0	2	0	1	74	3
0	1	0	1	290	8
0	3	0	1	181	32
3	0	1	3	168	32
1	3	5	2	116	8
3	1	1	2	211	32
2	0	3	3	70	8
3	0	5	3	241	3
2	3	4	2	207	4
0	1	0	1	308	8
0	1	0	1	143	8
0	1	0	1	83	8
0	2	0	1	121	4
3	0	4	3	20	3
2	1	6	2	60	32
2	0	2	3	17	4
0	3	0	1	143	32
0	1	0	1	17	4
1	2	3	2	178	3
3	2	4	2	231	8
1	2	6	2	201	8
0	1	0	1	82	3
0	3	0	1	130	3
3	1	5	2	125	4
1	0	5	3	230	32
0	1	0	1	18	8
3	2	2	2	112	3
2	1	3	2	152	8
1	3	3	2	285	4
0	2	0	1	275	8
0	1	0	1	184	32
0	3	0	1	39	4
3	1	3	2	99	3
2	3	1	2	39	8
0	1	0	1	204	3
2	3	6	2	247	4
1	2	4	2	100	3
1	2	6	2	19	4
2	1	6	2	127	4
0	3	0	1	291	3
3	0	5	3	156	3
1	3	2	2	77	32
2	3	7	2	23	8
3	0	4	3	273	8
0	2	0	1	145	8
3	0	3	3	211	8
0	1	0	1	165	3
3	1	7	2	77	3
1	0	7	3	69	4
2	1	6	2	68	4
0	3	0	1	118	32
0	3	0	1	146	4
1	3	7	2	170	32
3	0	5	3	211	3
2	3	7	2	184	8
0	3	0	1	34	8
3	0	3	3	291	4
0	3	0	1	60	8
1	0	7	3	235	32
0	1	0	1	207	3
0	2	0	1	256	3
0	2	0	1	130	4
0	1	0	1	265	4
3	1	7	2	31	3
2	0	6	3	193	32
1	2	6	2	88	8
2	0	3	3	313	4
2	1	2	2	159	4
1	2	3	2	43	3
2	1	3	2	8	32
2	1	5	2	142	4
0	2	0	1	8	32
3	1	2	2	122	32
3	2	1	2	120	8
2	0	7	3	130	8
3	1	1	2	72	4
0	3	0	1	186	32
2	1	1	2	54	4
1	3	4	2	171	4
2	1	5	2	101	32
2	0	7	3	124	4
0	2	0	1	165	3
2	0	2	3	105	8
2	3	7	2	112	32
3	1	3	2	27	32
1	3	6	2	54	3
2	1	2	2	212	3
1	0	1	3	280	4
3	1	6	2	54	8
3	1	7	2	283	3
3	2	6	2	281	3
2	3	3	2	41	4
0	3	0	1	307	8
1	2	6	2	132	8
3	1	5	2	17	3
1	3	4	2	79	8
2	0	1	3	112	3
3	0	3	3	94	32
1	2	4	2	206	3
0	3	0	1	98	3
0	3	0	1	156	3
1	3	5	2	12	3
2	0	7	3	84	4
1	3	2	2	11	3
2	0	7	3	132	4
2	3	4	2	2	8
2	3	2	2	217	3
3	2	6	2	110	32
1	0	1	3	126	3
0	3	0	1	234	32
0	3	0	1	272	32
0	2	0	1	97	3
1	2	3	2	45	3
3	0	3	3	65	8
1	0	7	3	72	8
3	0	1	3	115	4
3	2	7	2	210	3
1	3	4	2	174	8
0	3	0	1	151	8
2	3	6	2	215	3
0	1	0	1	131	32
2	1	2	2	147	8
1	3	4	2	126	3
0	3	0	1	82	4
0	2	0	1	265	8
0	2	0	1	146	3
3	0	3	3	184	4
0	1	0	1	251	32
0	2	0	1	256	3
0	3	0	1	247	4
1	2	6	2	54	32
1	3	1	2	219	8
2	1	4	2	90	4
1	3	5	2	61	4
3	2	7	2	51	8
0	1	0	1	126	8
1	2	7	2	217	4
0	2	0	1	316	3
1	3	2	2	251	8
2	1	4	2	151	8
2	0	2	3	160	8
1	0	4	3	53	3
3	2	7	2	105	8
2	3	7	2	180	8
1	0	5	3	234	32
2	1	5	2	128	8
3	0	1	3	129	8
3	2	7	2	294	3
2	0	7	3	67	8
3	2	2	2	273	32
1	2	7	2	30	4
1	3	7	2	16	4
3	0	1	3	119	3
2	3	1	2	90	4
1	3	5	2	143	8
1	0	1	3	268	32
3	1	4	2	100	32
1	0	1	3	52	3
2	3	1	2	3	32
2	0	7	3	101	3
2	0	1	3	14	32
2	3	5	2	180	32
1	0	7	3	7	4
0	2	0	1	304	4
1	3	2	2	181	8
0	3	0	1	198	4
1	0	7	3	304	4
3	1	5	2	12	32
0	1	0	1	188	3
0	2	0	1	210	32
2	0	1	3	306	4
3	1	7	2	93	4
1	2	3	2	43	8
0	2	0	1	81	8
2	1	7	2	115	8
3	0	1	3	236	4
1	0	7	3	95	4
0	2	0	1	250	3
0	2	0	1	135	8
3	1	6	2	37	4
1	3	3	2	291	3
2	3	3	2	236	4
2	0	3	3	101	4
2	3	1	2	128	3
0	3	0	1	285	8
3	1	1	2	3	8
2	3	4	2	46	32
3	2	5	2	177	3
0	2	0	1	116	32
2	1	6	2	157	4
1	2	1	2	170	8
0	3	0	1	172	32
3	1	4	2	236	4
0	3	0	1	212	32
0	2	0	1	179	3
1	0	6	3	27	4
1	0	7	3	249	3
2	3	3	2	220	4
0	2	0	1	268	3
2	1	4	2	315	4
0	3	0	1	47	8
1	0	7	3	82	4
1	3	1	2	212	3
1	2	7	2	73	3
2	3	4	2	40	3
1	3	6	2	227	3
2	1	4	2	48	8
3	2	4	2	183	4
1	2	6	2	271	4
3	0	5	3	0	8
1	3	3	2	129	4
2	0	1	3	146	4
0	1	0	1	51	8
0	1	0	1	82	8
3	1	4	2	128	3
2	0	6	3	149	4
3	2	3	2	43	3
2	1	4	2	142	3
1	2	1	2	244	8
1	2	2	2	273	32
0	2	0	1	179	32
0	3	0	1	280	8
3	1	6	2	266	32
3	0	5	3	258	3
0	2	0	1	246	8
3	2	7	2	14	3
1	0	6	3	254	8
0	1	0	1	18	32
0	2	0	1	276	4
2	0	6	3	213	32
2	1	2	2	0	8
0	3	0	1	92	8
1	3	6	2	118	32
0	3	0	1	160	3
2	1	5	2	66	4
1	2	2	2	115	32
1	2	3	2	141	4
1	2	5	2	0	32
3	0	5	3	46	4
2	0	6	3	75	32
2	3	4	2	68	4
0	3	0	1	241	8
3	2	5	2	0	3
3	2	5	2	116	3
2	0	1	3	215	32
0	1	0	1	155	4
3	2	6	2	143	3
2	0	6	3	273	3
1	3	5	2	260	4
2	1	3	2	277	8
2	1	7	2	311	4
1	3	6	2	269	3
3	1	5	2	134	3
2	0	7	3	77	3
0	2	0	1	205	8
0	1	0	1	153	4
1	0	5	3	159	4
2	3	5	2	82	8
3	2	5	2	310	3
2	0	2	3	258	32
3	1	7	2	161	8
3	2	6	2	135	8
3	0	2	3	1	3
2	3	4	2	189	3
0	2	0	1	252	3
2	3	6	2	202	3
3	0	1	3	243	32
2	1	5	2	54	8
3	0	5	3	238	4
2	1	7	2	219	8
2	0	6	3	50	8
3	2	1	2	257	4
0	1	0	1	109	32
0	2	0	1	160	3
3	0	3	3	295	3
1	2	2	2	55	3
0	3	0	1	250	3
1	0	5	3	4	4
2	3	1	2	287	3
0	1	0	1	187	4
3	1	5	2	316	3
0	1	0	1	266	8
3	1	1	2	51	8
1	0	7	3	202	32
0	3	0	1	132	3
0	3	0	1	146	8
0	3	0	1	313	3
1	3	4	2	31	3
2	1	3	2	175	4
1	0	5	3	80	8
3	1	3	2	70	8
0	1	0	1	188	8
0	2	0	1	202	4
2	0	1	3	235	32
3	2	6	2	34	3
2	1	4	2	296	3
2	1	4	2	166	3
0	3	0	1	168	4
2	0	2	3	213	8
3	1	5	2	15	3
3	1	1	2	167	4
1	3	4	2	206	3
2	1	1	2	13	3
1	3	2	2	117	3
1	0	5	3	147	32
0	3	0	1	253	8
0	1	0	1	125	4
2	1	4	2	142	3
0	1	0	1	179	3
2	3	4	2	173	32
1	0	4	3	258	3
3	2	5	2	207	3
1	0	1	3	74	3
3	1	5	2	75	4
2	1	2	2	296	8
1	0	5	3	82	8
0	1	0	1	216	8
2	1	7	2	22	3
0	3	0	1	225	8
0	2	0	1	287	4
2	0	2	3	175	3
2	0	6	3	11	3
3	1	3	2	30	8
1	0	4	3	231	3
1	0	5	3	12	32
3	0	5	3	20	3
0	3	0	1	305	3
0	1	0	1	239	3
1	3	1	2	63	3
1	3	7	2	235	3
0	2	0	1	39	32
3	1	3	2	137	3
1	3	4	2	293	8
2	1	2	2	216	32
0	3	0	1	73	4
3	2	4	2	145	4
0	2	0	1	58	8
1	2	5	2	34	8
3	1	6	2	80	4
3	2	3	2	216	4
1	3	2	2	215	4
0	1	0	1	80	3
0	1	0	1	256	4
3	2	2	2	259	4
0	3	0	1	152	8
0	1	0	1	119	8
3	2	7	2	103	3
2	3	3	2	159	32
3	0	1	3	60	32
2	0	2	3	157	4
0	1	0	1	141	32
1	3	5	2	66	8
1	2	4	2	111	4
0	3	0	1	194	4
3	0	5	3	44	4
1	0	6	3	274	4
1	3	4	2	68	8
1	3	1	2	25	32
1	2	1	2	294	4
3	0	5	3	8	3
2	3	6	2	261	8
1	0	7	3	131	4
0	2	0	1	37	3
1	3	1	2	281	4
0	3	0	1	18	4
2	0	1	3	226	32
1	3	6	2	207	3
3	0	4	3	247	4
1	2	5	2	18	3
3	1	2	2	112	8
1	3	5	2	17	8
2	3	1	2	308	4
2	1	5	2	94	32
3	0	2	3	247	3
3	2	3	2	243	32
1	3	1	2	178	4
0	1	0	1	311	4
2	3	2	2	180	3
2	1	5	2	88	32
1	0	4	3	133	8
2	0	1	3	95	8
3	2	2	2	62	3
2	3	1	2	240	4
1	3	7	2	301	8
1	0	5	3	48	32
0	1	0	1	67	32
0	1	0	1	271	8
1	3	3	2	210	8
2	0	6	3	108	8
1	3	4	2	300	4
3	0	5	3	93	4
2	0	7	3	2	32
0	3	0	1	150	4
3	2	7	2	275	3
0	2	0	1	15	4
1	0	5	3	189	32
3	2	4	2	278	32
1	3	4	2	87	8
0	1	0	1	316	4
0	2	0	1	314	4
3	0	2	3	44	32
2	0	7	3	57	8
3	2	1	2	166	32
1	3	3	2	192	3
0	3	0	1	258	8
2	3	6	2	276	8
3	2	6	2	287	4
1	3	3	2	276	3
3	0	3	3	52	4
3	1	4	2	55	32
2	0	3	3	91	8
0	3	0	1	57	32
1	0	6	3	316	3
1	3	1	2	147	32
1	0	4	3	218	3
2	3	3	2	216	8
1	0	4	3	307	8
3	0	1	3	197	32
1	0	1	3	181	4
1	0	1	3	83	32
3	2	4	2	7	8
0	1	0	1	256	3
3	0	3	3	118	4
0	1	0	1	180	3
1	0	1	3	164	4
0	3	0	1	180	3
3	0	4	3	267	3
0	2	0	1	231	4
0	2	0	1	206	8
0	2	0	1	22	4
3	2	2	2	36	4
1	0	6	3	179	8
2	0	3	3	68	32
2	0	3	3	193	32
1	3	2	2	14	8
0	1	0	1	220	8
0	1	0	1	197	8
1	2	6	2	230	32
3	0	4	3	287	4
2	1	3	2	221	4
1	3	5	2	291	8
1	3	7	2	141	4
3	0	5	3	147	32
2	1	1	2	150	32
1	3	6	2	282	32
1	2	3	2	195	3
0	1	0	1	223	8
2	3	3	2	20	32
2	0	1	3	310	4
3	2	4	2	132	4
2	1	4	2	277	8
2	3	2	2	269	8
1	0	1	3	45	32
2	0	7	3	79	4
0	3	0	1	246	8
2	3	5	2	212	32
2	3	6	2	282	3
1	0	5	3	94	8
1	2	5	2	90	3
1	2	4	2	183	8
0	2	0	1	264	3
0	2	0	1	205	32
3	0	1	3	35	32
0	1	0	1	212	8
0	3	0	1	227	3
1	3	2	2	203	8
2	3	2	2	273	32
2	0	2	3	52	32
0	2	0	1	310	3
0	3	0	1	266	3
1	0	1	3	178	8
1	0	4	3	82	8
0	2	0	1	45	8
0	2	0	1	286	32
3	1	3	2	90	3
3	2	3	2	119	4
2	0	1	3	212	4
2	0	7	3	133	3
2	0	1	3	272	32
1	2	6	2	285	3
1	0	6	3	10	32
0	2	0	1	187	3
0	3	0	1	192	3
0	3	0	1	69	3
3	0	3	3	229	3
2	3	7	2	228	4
0	2	0	1	66	8
3	2	1	2	235	32
3	0	2	3	110	8
2	3	2	2	136	32
2	0	7	3	158	32
1	0	7	3	236	32
1	0	5	3	281	3
1	2	2	2	187	4
2	0	7	3	136	32
0	3	0	1	266	8
1	2	7	2	202	4
0	2	0	1	268	4
0	2	0	1	269	4
0	2	0	1	63	4
1	2	3	2	65	4
0	3	0	1	107	4
1	0	5	3	109	4
3	1	1	2	193	3
3	0	4	3	227	8
2	0	7	3	267	4
1	2	1	2	267	32
0	3	0	1	70	32
0	3	0	1	89	8
3	1	3	2	52	3
0	2	0	1	16	4
0	2	0	1	145	8
2	0	7	3	175	4
1	0	4	3	218	3
0	1	0	1	11	3
2	1	3	2	187	4
0	1	0	1	36	3
2	1	2	2	238	3
2	3	7	2	178	32
1	2	6	2	182	4
3	1	2	2	279	8
0	1	0	1	311	4
0	2	0	1	7	3
0	3	0	1	297	4
1	2	5	2	36	32
3	2	5	2	179	32
3	2	5	2	80	32
2	3	2	2	151	3
1	0	7	3	176	32
3	1	7	2	186	8
2	0	2	3	3	8
1	3	3	2	95	8
0	3	0	1	171	3
1	2	5	2	207	3
3	2	1	2	165	32
0	2	0	1	278	3
0	1	0	1	76	3
3	0	5	3	283	32
2	3	1	2	58	3
1	0	6	3	262	32
3	1	7	2	117	4
1	2	3	2	306	4
2	1	2	2	212	8
3	0	5	3	96	8
2	0	1	3	161	4
1	0	5	3	274	3
2	0	2	3	211	32
1	0	6	3	247	3
1	0	4	3	190	4
2	3	1	2	231	8
2	0	2	3	148	4
0	2	0	1	310	8
1	0	1	3	160	32
2	3	5	2	310	3
1	2	6	2	249	8
3	0	3	3	9	8
1	0	1	3	276	3
1	3	5	2	304	3
0	2	0	1	274	4
3	0	1	3	221	4
3	0	1	3	94	32
1	3	7	2	180	4
2	0	7	3	271	3
3	1	1	2	158	3
3	1	1	2	129	32
2	0	6	3	301	8
3	1	1	2	253	32
2	3	3	2	270	8
0	2	0	1	148	4
2	1	4	2	49	32
3	1	6	2	102	4
3	0	1	3	311	3
1	2	4	2	110	3
1	0	1	3	304	3
3	1	6	2	170	8
3	2	7	2	109	4
0	1	0	1	232	8
2	3	5	2	213	3
3	1	2	2	224	3
3	1	4	2	220	8
3	2	2	2	242	3
1	2	7	2	12	32
1	3	3	2	136	32
0	1	0	1	174	4
0	2	0	1	3	4
3	1	6	2	300	8
2	3	1	2	25	3
3	2	2	2	6	8
2	1	6	2	74	8
3	1	3	2	144	8
3	1	6	2	2	3
1	2	7	2	250	8
2	1	6	2	189	8
2	0	6	3	214	8
2	1	4	2	50	3
2	0	3	3	36	4
3	1	5	2	261	8
0	3	0	1	43	32
0	3	0	1	253	3
1	3	6	2	8	3
3	1	5	2	84	3
2	0	6	3	40	4
0	3	0	1	201	8
3	2	2	2	287	3
3	2	7	2	47	8
3	2	1	2	144	8
0	3	0	1	172	8
0	3	0	1	244	3
1	3	3	2	298	3
3	0	3	3	281	3
1	0	1	3	96	4
1	2	6	2	150	32
2	0	6	3	206	32
1	2	2	2	183	32
0	2	0	1	273	32
1	0	7	3	130	8
3	0	1	3	264	4
0	1	0	1	148	32
0	2	0	1	168	4
3	2	3	2	51	3
3	1	5	2	290	8
1	0	5	3	150	8
0	1	0	1	307	3
2	0	3	3	35	8
0	1	0	1	276	4
1	0	7	3	92	8
3	1	5	2	87	8
1	3	7	2	309	4
0	3	0	1	236	32
0	2	0	1	257	32
0	1	0	1	55	32
2	0	3	3	14	32
1	0	6	3	192	32
2	0	1	3	282	3
2	1	3	2	79	3
1	2	4	2	202	8
3	2	6	2	101	32
0	3	0	1	109	8
3	1	3	2	298	3
1	0	4	3	102	3
3	0	4	3	129	8
3	1	4	2	76	4
3	0	4	3	237	4
0	1	0	1	273	8
1	0	5	3	242	3
2	1	4	2	60	4
3	2	3	2	248	3
2	0	3	3	205	8
3	0	5	3	295	4
1	3	6	2	160	32
2	1	2	2	56	8
0	3	0	1	80	3
3	2	6	2	274	8
1	2	3	2	42	3
0	1	0	1	117	32
0	2	0	1	140	3
1	2	2	2	260	4
3	2	3	2	151	4
3	2	6	2	189	8
0	3	0	1	1	32
2	3	6	2	56	8
1	2	4	2	307	8
2	3	3	2	234	8
2	3	7	2	242	8
3	2	6	2	230	4
3	1	7	2	73	3
0	1	0	1	281	3
2	3	3	2	103	32
3	2	4	2	245	8
0	3	0	1	275	3
1	2	3	2	126	4
3	2	2	2	95	32
3	0	4	3	307	4
2	1	5	2	17	32
1	3	7	2	91	3
3	2	7	2	230	8
3	1	5	2	254	32
2	0	3	3	144	8
2	3	7	2	259	8
1	2	4	2	168	4
2	0	1	3	151	4
2	3	3	2	26	32
3	0	5	3	221	3
2	3	7	2	121	8
0	3	0	1	113	8
3	2	3	2	63	4
3	1	4	2	135	8
2	1	3	2	202	4
1	0	4	3	136	4
3	0	4	3	22	3
2	1	5	2	139	4
2	0	1	3	9	4
2	1	3	2	95	4
1	2	1	2	235	3
3	0	1	3	245	3
1	2	3	2	301	3
1	0	4	3	288	32
3	0	3	3	60	3
3	2	4	2	219	4
2	3	6	2	144	8
0	1	0	1	229	8
3	2	1	2	189	4
2	0	3	3	223	8
0	1	0	1	30	8
2	3	7	2	241	3
2	1	6	2	60	4
3	2	2	2	54	32
2	1	1	2	257	8
1	3	5	2	308	3
0	3	0	1	289	3
2	3	7	2	254	32
0	1	0	1	128	3
0	2	0	1	243	3
2	3	5	2	275	4
3	2	4	2	41	4
1	2	3	2	87	4
1	0	5	3	188	4
3	1	2	2	123	8
3	0	3	3	282	32
1	3	3	2	311	3
2	0	7	3	295	3
1	0	5	3	272	3
2	3	7	2	211	8
1	3	6	2	168	8
2	0	6	3	246	4
1	2	6	2	257	4
0	1	0	1	238	32
0	2	0	1	171	3
1	2	4	2	147	3
1	3	1	2	4	8
3	2	3	2	288	3
0	3	0	1	224	4
3	0	2	3	162	3
2	1	6	2	37	8
0	2	0	1	27	4
2	3	2	2	208	4
2	1	4	2	126	8
3	1	3	2	59	8
0	3	0	1	24	32
0	1	0	1	63	4
1	3	2	2	107	4
2	3	6	2	302	4
3	1	3	2	302	3
2	3	3	2	13	4
3	1	5	2	204	8
2	0	7	3	144	32
1	2	2	2	96	3
2	3	7	2	233	3
2	0	6	3	122	32
3	2	5	2	161	3
1	0	6	3	251	3
2	0	7	3	101	4
2	1	1	2	155	3
3	1	2	2	293	4
0	1	0	1	108	8
3	2	5	2	165	8
3	2	1	2	8	3
1	2	1	2	64	3
0	2	0	1	56	3
3	2	7	2	90	3
0	3	0	1	282	3
1	0	7	3	271	8
0	3	0	1	272	4
0	2	0	1	158	3
0	1	0	1	105	32
1	0	6	3	61	4
3	2	3	2	3	32
3	2	7	2	64	8
2	0	6	3	78	3
3	0	2	3	46	8
3	2	3	2	18	8
1	0	6	3	64	3
2	0	6	3	42	4
1	3	2	2	132	32
2	0	6	3	142	8
3	1	2	2	277	32
1	0	6	3	137	8
1	3	2	2	150	32
3	2	7	2	35	8
1	2	3	2	258	4
0	3	0	1	88	3
0	3	0	1	225	8
1	2	2	2	301	8
2	3	4	2	87	32
2	3	7	2	59	32
2	1	2	2	24	32
0	1	0	1	119	4
0	2	0	1	150	8
2	3	2	2	123	32
0	2	0	1	195	32
2	0	2	3	245	3
2	1	2	2	255	8
0	2	0	1	187	4
0	3	0	1	81	32
3	1	2	2	138	4
0	1	0	1	2	3
3	2	5	2	162	32
3	0	1	3	241	32
1	3	7	2	234	4
2	1	1	2	282	3
2	3	1	2	62	8
2	3	2	2	248	3
3	2	4	2	79	32
2	0	2	3	119	8
3	2	7	2	169	32
1	3	7	2	198	3
0	2	0	1	155	4
3	2	5	2	278	8
1	2	7	2	226	3
2	3	3	2	35	8
1	2	4	2	6	4
2	3	1	2	296	3
3	0	2	3	184	8
0	1	0	1	0	4
1	3	6	2	101	4
0	1	0	1	233	4
1	0	5	3	262	32
2	3	2	2	100	4
1	0	4	3	290	8
1	2	7	2	118	32
2	1	7	2	228	8
0	2	0	1	55	8
1	3	3	2	248	8
0	1	0	1	55	32
2	1	3	2	107	4
1	3	2	2	24	4
1	0	4	3	261	8
3	0	1	3	46	3
3	2	2	2	17	32
1	0	6	3	54	8
3	2	1	2	166	3
3	0	1	3	148	8
1	2	2	2	69	4
3	1	6	2	88	32
3	1	2	2	36	4
3	0	5	3	284	32
3	0	5	3	239	32
2	3	4	2	133	4
2	3	4	2	203	8
1	2	1	2	31	32
2	3	3	2	189	3
3	0	4	3	7	8
3	0	1	3	200	3
2	0	2	3	261	3
3	1	4	2	20	4
1	2	3	2	23	4
3	1	5	2	97	4
1	3	6	2	238	32
0	1	0	1	12	32
1	3	1	2	48	8
1	0	4	3	229	8
1	2	1	2	308	8
3	2	2	2	205	8
1	0	5	3	93	3
1	0	4	3	255	8
3	0	5	3	272	8
2	3	3	2	256	3
2	1	1	2	289	4
0	1	0	1	32	4
1	2	2	2	133	4
0	1	0	1	131	4
3	0	2	3	95	8
2	1	1	2	58	3
0	2	0	1	231	3
1	3	6	2	135	8
0	1	0	1	214	3
1	2	4	2	160	4
1	0	6	3	34	4
0	1	0	1	101	32
2	0	2	3	161	32
2	0	6	3	253	32
1	3	5	2	307	4
3	0	1	3	258	32
0	1	0	1	59	8
0	2	0	1	221	32
2	0	1	3	270	3
0	3	0	1	49	32
2	1	7	2	242	32
1	2	5	2	5	3
1	2	3	2	246	3
3	2	5	2	5	8
2	3	1	2	276	32
3	2	1	2	226	4
0	3	0	1	117	32
3	2	4	2	164	3
2	0	2	3	10	8
0	2	0	1	180	3
3	1	7	2	122	3
2	1	6	2	238	8
0	2	0	1	166	3
3	2	7	2	152	32
1	2	3	2	172	32
1	0	4	3	21	4
3	0	2	3	285	4
0	1	0	1	220	4
1	2	6	2	45	8
1	0	7	3	155	8
1	3	1	2	179	4
2	3	2	2	189	8
1	0	7	3	170	8
2	0	2	3	92	32
1	2	2	2	217	4
3	2	3	2	120	3
2	0	2	3	180	32
1	3	1	2	199	8
3	0	3	3	276	3
3	2	5	2	283	8
1	2	2	2	68	3
2	3	5	2	127	3
3	0	1	3	13	8
3	1	5	2	3	3
1	2	2	2	162	3
0	2	0	1	80	3
0	3	0	1	250	32
2	3	5	2	62	3
0	1	0	1	174	8
3	2	5	2	156	4
3	1	2	2	83	8
3	0	3	3	95	8
1	0	6	3	279	32
2	1	7	2	301	4
3	2	3	2	238	8
2	0	2	3	55	8
2	3	6	2	82	32
0	1	0	1	263	32
2	3	1	2	295	4
0	1	0	1	87	3
3	0	1	3	289	3
1	3	2	2	211	3
1	0	5	3	133	3
3	0	4	3	3	8
2	3	2	2	279	3
2	1	2	2	150	4
2	1	4	2	58	32
0	2	0	1	269	4
0	1	0	1	188	4
3	1	3	2	52	8
3	0	5	3	285	3
3	0	3	3	99	32
0	3	0	1	195	8
2	3	7	2	242	4
3	0	5	3	109	32
3	2	1	2	213	4
1	3	7	2	283	4
1	3	5	2	104	32
3	0	5	3	38	3
1	3	5	2	170	8
0	1	0	1	87	32
1	0	7	3	192	3
0	1	0	1	64	4
3	1	1	2	145	4
3	1	3	2	232	3
3	1	3	2	240	3
3	2	3	2	74	8
1	0	1	3	127	32
1	3	6	2	130	4
1	3	6	2	65	32
1	2	7	2	316	4
2	0	2	3	86	4
1	0	7	3	235	3
0	1	0	1	75	4
0	1	0	1	245	8
3	2	7	2	284	8
0	3	0	1	9	4
3	2	3	2	94	8
0	2	0	1	150	8
3	0	5	3	211	4
1	0	1	3	193	3
2	0	3	3	178	32
3	2	1	2	241	3
2	0	3	3	101	8
3	1	2	2	89	3
1	3	7	2	233	4
0	2	0	1	281	4
2	3	4	2	173	8
2	3	6	2	277	32
0	2	0	1	302	8
3	2	2	2	184	4
3	0	4	3	77	8
3	0	5	3	280	4
3	0	4	3	226	32
2	3	2	2	259	4
0	1	0	1	175	32
0	1	0	1	257	4
2	1	7	2	208	4
2	1	3	2	215	8
1	2	5	2	14	4
0	3	0	1	105	8
0	1	0	1	298	3
0	1	0	1	203	32
3	2	4	2	131	32
0	2	0	1	10	3
0	3	0	1	63	4
2	1	2	2	146	3
3	2	4	2	213	3
1	2	2	2	233	4
0	2	0	1	22	32
1	0	6	3	273	32
2	1	2	2	144	3
2	0	3	3	78	4
1	2	2	2	15	32
0	2	0	1	257	3
3	2	7	2	158	4
0	1	0	1	276	4
3	0	3	3	267	32
1	2	3	2	152	8
0	1	0	1	63	3
3	1	5	2	283	32
2	3	2	2	34	3
1	3	7	2	233	32
1	0	7	3	207	3
2	0	2	3	114	8
2	1	1	2	33	3
0	2	0	1	169	3
3	0	5	3	92	32
2	0	7	3	300	8
1	3	6	2	295	3
1	0	6	3	290	8
0	3	0	1	276	3
2	3	4	2	313	3
0	2	0	1	120	3
2	1	1	2	187	3
2	0	1	3	203	3
3	0	1	3	223	32
0	3	0	1	9	8
3	0	1	3	144	8
1	3	6	2	177	3
2	1	5	2	137	32
2	0	3	3	123	4
1	0	5	3	109	32
3	1	5	2	279	8
1	2	5	2	3	32
3	2	5	2	248	4
0	3	0	1	247	3
2	0	7	3	246	4
0	2	0	1	15	8
3	0	4	3	211	32
2	1	3	2	73	8
0	3	0	1	110	4
0	2	0	1	301	4
0	2	0	1	172	32
0	3	0	1	241	8
3	2	2	2	171	3
1	0	7	3	93	3
1	2	7	2	69	8
2	0	6	3	100	32
3	2	6	2	18	4
0	3	0	1	165	32
0	3	0	1	286	3
0	3	0	1	146	4
0	1	0	1	131	4
1	3	3	2	317	3
3	0	2	3	79	32
0	3	0	1	265	4
2	1	6	2	166	3
1	2	5	2	42	32
1	2	5	2	303	3
1	3	5	2	238	8
0	2	0	1	19	32
0	2	0	1	251	3
2	3	7	2	56	8
0	3	0	1	227	3
0	2	0	1	247	8
3	0	2	3	96	4
0	3	0	1	226	32
0	2	0	1	42	8
2	1	7	2	213	4
2	3	5	2	52	32
3	0	1	3	189	4
3	2	3	2	89	32
3	0	1	3	219	4
3	2	3	2	108	8
3	1	4	2	312	3
3	1	1	2	13	8
0	1	0	1	304	3
0	1	0	1	256	3
2	3	7	2	123	4
2	3	4	2	274	4
1	3	1	2	184	3
3	1	2	2	48	32
1	0	4	3	44	3
2	0	3	3	46	3
1	2	5	2	48	8
2	0	7	3	15	4
1	3	1	2	35	8
0	2	0	1	119	32
2	0	6	3	299	3
0	1	0	1	175	8
1	0	5	3	262	32
3	1	4	2	72	32
1	2	1	2	269	32
1	3	4	2	219	3
0	1	0	1	218	4
0	3	0	1	141	32
1	2	3	2	310	8
0	2	0	1	254	4
2	1	7	2	261	8
1	0	1	3	264	8
3	0	5	3	124	4
1	2	6	2	141	8
2	1	4	2	90	4
0	2	0	1	79	8
2	1	4	2	98	32
2	0	7	3	276	8
3	2	7	2	134	3
2	0	3	3	54	3
2	0	7	3	99	4
0	2	0	1	252	4
1	0	5	3	247	32
2	0	6	3	159	3
3	1	1	2	206	8
3	0	4	3	158	4
2	0	7	3	151	32
1	0	1	3	266	4
3	1	1	2	190	32
3	1	6	2	196	32
3	0	5	3	100	3
0	2	0	1	37	8
1	2	1	2	70	32
3	0	2	3	47	3
2	1	6	2	140	8
2	1	3	2	222	4
2	1	6	2	128	8
2	3	4	2	260	32
2	1	4	2	207	3
1	3	2	2	246	3
2	0	3	3	33	4
1	3	7	2	129	3
3	2	6	2	98	4
2	3	4	2	173	32
0	3	0	1	108	4
2	3	4	2	112	8
0	3	0	1	178	3
2	0	1	3	278	32
2	1	7	2	179	4
1	3	1	2	307	8
3	0	1	3	268	3
2	3	3	2	146	3
3	0	3	3	41	8
3	1	3	2	138	4
3	2	1	2	188	8
3	0	4	3	0	32
3	2	2	2	78	3
3	0	3	3	100	4
2	1	3	2	182	32
2	1	5	2	274	8
2	3	1	2	79	3
3	1	6	2	297	3
3	2	6	2	274	4
2	0	6	3	113	8
2	1	5	2	266	8
2	3	2	2	307	4
1	2	7	2	264	8
0	1	0	1	94	3
2	1	7	2	275	3
2	1	3	2	248	32
1	0	5	3	57	32
0	3	0	1	223	32
1	3	6	2	232	3
0	2	0	1	39	32
1	2	4	2	38	8
2	0	2	3	305	3
3	0	4	3	210	32
2	0	7	3	183	32
3	2	6	2	94	32
2	0	1	3	96	4
0	2	0	1	263	3
1	0	5	3	171	3
1	2	7	2	131	32
1	0	6	3	176	4
3	0	5	3	23	4
2	1	3	2	255	3
3	1	4	2	199	3
3	0	2	3	103	3
0	3	0	1	122	3
0	3	0	1	169	3
0	1	0	1	31	4
0	1	0	1	285	8
2	0	7	3	309	8
3	0	2	3	215	32
3	1	3	2	107	4
1	3	2	2	215	32
3	1	3	2	107	8
0	1	0	1	90	8
1	2	3	2	252	8
3	0	5	3	81	32
0	3	0	1	6	4
0	2	0	1	120	3
0	2	0	1	104	3
1	3	2	2	256	3
0	1	0	1	270	3
3	1	3	2	215	32
0	2	0	1	201	32
1	2	1	2	260	3
0	2	0	1	244	32
0	2	0	1	253	8
1	0	5	3	267	32
3	2	3	2	46	4
2	3	4	2	82	4
3	0	3	3	228	8
3	0	3	3	179	4
0	2	0	1	212	8
3	0	2	3	87	4
3	0	3	3	59	3
2	0	2	3	221	4
0	3	0	1	192	8
2	3	5	2	271	4
2	1	5	2	166	3
1	0	6	3	96	4
3	0	4	3	56	4
2	1	7	2	254	4
0	3	0	1	287	8
2	0	6	3	174	8
3	2	4	2	74	3
3	1	4	2	153	8
1	2	4	2	135	32
3	1	5	2	29	32
1	2	6	2	10	8
1	0	7	3	106	32
0	2	0	1	50	8
1	2	7	2	71	32
1	2	2	2	18	32
1	2	4	2	63	32
2	0	7	3	14	4
3	0	2	3	78	8
0	3	0	1	135	4
1	0	4	3	144	4
1	0	5	3	104	32
3	2	5	2	120	4
0	1	0	1	144	4
1	0	5	3	297	8
3	2	6	2	91	3
2	0	7	3	30	3
3	0	1	3	46	4
2	3	4	2	117	32
2	3	4	2	26	3
2	3	3	2	172	8
3	2	3	2	132	4
2	3	4	2	257	32
3	0	5	3	180	3
3	2	4	2	218	8
2	0	3	3	117	3
1	3	3	2	175	8
1	3	7	2	103	8
2	3	3	2	30	8
0	1	0	1	193	3
2	0	6	3	141	4
3	2	7	2	214	4
2	3	5	2	188	8
2	3	6	2	38	8
0	1	0	1	17	32
0	2	0	1	134	32
1	2	4	2	161	4
3	0	1	3	245	4
3	0	1	3	284	3
0	3	0	1	198	32
3	2	1	2	129	4
3	1	7	2	177	3
3	2	2	2	281	3
3	0	3	3	301	4
3	2	2	2	136	4
2	3	2	2	316	4
0	2	0	1	98	8
3	2	2	2	228	32
0	2	0	1	228	4
2	3	1	2	263	4
0	2	0	1	137	4
2	0	3	3	230	32
3	1	7	2	67	32
3	1	7	2	44	4
2	1	3	2	8	32
1	3	2	2	131	3
2	1	6	2	268	3
0	1	0	1	270	3
3	1	3	2	216	8
2	3	1	2	281	3
1	2	4	2	180	8
2	0	3	3	55	8
2	0	7	3	285	32
1	3	7	2	289	8
0	3	0	1	88	3
1	0	7	3	85	32
3	0	2	3	193	4
3	2	4	2	133	8
3	0	3	3	157	3
3	0	1	3	184	4
2	0	7	3	210	4
0	1	0	1	1	32
1	2	4	2	260	8
0	1	0	1	98	32
0	1	0	1	232	32
3	2	6	2	75	3
1	0	4	3	80	3
3	1	6	2	77	8
1	0	4	3	227	8
1	2	2	2	16	8
3	1	7	2	213	3
1	0	4	3	140	32
0	3	0	1	247	8
0	3	0	1	266	3
3	2	3	2	153	8
3	2	5	2	54	3
1	3	7	2	213	3
3	2	5	2	264	8
2	0	7	3	106	4
2	3	3	2	69	4
1	3	2	2	149	4
1	2	5	2	249	4
0	3	0	1	53	8
1	2	3	2	148	8
2	0	3	3	16	8
3	2	1	2	182	3
3	1	1	2	153	3
2	3	5	2	304	8
1	0	4	3	34	3
2	1	2	2	224	4
0	2	0	1	154	3
0	3	0	1	211	4
1	2	6	2	94	3
0	2	0	1	294	8
1	3	3	2	8	3
1	0	7	3	239	3
0	1	0	1	15	4
0	2	0	1	255	32
2	0	7	3	10	4
1	3	6	2	14	4
1	0	4	3	97	4
3	1	3	2	47	8
3	2	3	2	210	32
0	2	0	1	176	8
2	3	7	2	197	3
2	3	6	2	209	4
3	0	1	3	257	8
2	3	6	2	104	3
3	2	3	2	143	3
3	1	1	2	61	3
3	0	2	3	206	32
3	2	3	2	176	3
3	1	3	2	172	32
2	0	3	3	80	4
0	1	0	1	172	4
3	1	3	2	200	32
3	0	2	3	22	32
0	3	0	1	255	4
0	1	0	1	7	8
3	2	3	2	212	3
0	3	0	1	103	32
1	0	4	3	187	8
2	0	2	3	20	3
3	1	1	2	178	8
3	0	1	3	64	3
1	3	7	2	165	8
0	1	0	1	253	4
0	3	0	1	34	32
1	2	3	2	142	4
0	1	0	1	226	3
2	3	5	2	285	32
0	2	0	1	140	32
0	2	0	1	298	4
2	0	1	3	308	4
0	1	0	1	173	4
1	2	1	2	91	8
2	1	3	2	228	3
1	3	6	2	246	4
2	0	6	3	281	4
0	2	0	1	5	3
2	0	1	3	34	4
2	0	2	3	165	32
1	3	4	2	137	8
3	0	2	3	220	3
2	0	1	3	219	3
2	0	2	3	17	3
2	1	5	2	272	8
0	3	0	1	57	8
2	3	4	2	203	8
2	1	1	2	247	8
2	1	4	2	211	3
0	1	0	1	283	8
0	2	0	1	233	8
2	3	1	2	169	4
3	2	2	2	27	4
1	3	1	2	257	8
2	0	3	3	129	32
2	0	2	3	103	32
0	2	0	1	0	3
2	0	3	3	254	4
2	3	4	2	291	8
1	2	4	2	14	8
1	2	2	2	6	4
0	3	0	1	313	4
3	0	3	3	241	3
3	0	5	3	227	3
1	3	1	2	33	3
0	1	0	1	184	32
0	3	0	1	253	3
2	1	6	2	79	32
1	2	3	2	78	8
1	2	1	2	56	8
3	1	2	2	66	8
1	3	1	2	22	32
1	0	1	3	171	4
0	2	0	1	116	3
1	0	7	3	18	4
1	2	1	2	110	4
0	1	0	1	32	3
0	2	0	1	12	8
0	2	0	1	94	32
0	3	0	1	158	3
3	1	3	2	67	3
3	2	3	2	266	8
0	1	0	1	201	32
2	0	2	3	200	8
2	3	2	2	208	4
2	0	2	3	49	32
0	1	0	1	175	8
1	0	7	3	276	32
2	3	4	2	209	3
3	0	5	3	151	4
0	1	0	1	106	8
0	2	0	1	13	4
1	2	3	2	248	8
3	2	6	2	79	4
0	3	0	1	111	3
3	1	1	2	310	4
0	2	0	1	185	8
1	2	2	2	270	8
0	1	0	1	161	4
0	1	0	1	220	3
1	2	6	2	268	4
0	3	0	1	165	32
2	3	6	2	278	32
1	0	1	3	79	4
2	1	6	2	167	4
2	0	2	3	245	3
3	0	1	3	281	8
2	0	1	3	97	4
2	3	4	2	155	8
2	0	2	3	19	3
1	3	1	2	41	8
3	1	1	2	158	4
3	2	6	2	21	4
3	2	4	2	303	3
0	3	0	1	224	4
0	3	0	1	172	3
2	0	7	3	316	3
3	1	1	2	103	3
0	2	0	1	55	8
1	0	5	3	94	8
2	1	2	2	90	3
1	2	1	2	272	4
3	0	4	3	41	4
3	0	3	3	263	32
2	0	2	3	140	3
3	0	4	3	32	3
0	2	0	1	244	32
2	1	1	2	103	32
2	1	6	2	148	4
1	3	7	2	272	8
2	1	3	2	238	4
2	1	5	2	145	4
0	2	0	1	291	8
1	2	2	2	252	4
2	0	1	3	140	4
2	1	5	2	209	8
2	1	2	2	125	32
2	1	1	2	269	8
2	1	5	2	300	3
1	2	3	2	154	4
3	0	2	3	53	4
2	1	4	2	89	32
2	0	7	3	213	8
0	3	0	1	261	8
1	2	1	2	145	8
0	3	0	1	188	4
0	3	0	1	48	8
2	1	5	2	96	4
1	3	1	2	245	32
3	2	3	2	286	3
2	1	2	2	314	3
3	0	3	3	253	4
3	1	2	2	39	8
1	0	5	3	135	4
3	2	1	2	208	3
2	1	1	2	282	32
2	3	6	2	59	32
2	3	1	2	146	4
3	1	5	2	293	4
0	2	0	1	198	4
0	3	0	1	109	4
3	1	7	2	215	8
2	3	3	2	204	4
2	0	2	3	148	3
2	3	5	2	92	8
3	0	1	3	156	32
0	1	0	1	216	8
1	2	5	2	38	32
0	1	0	1	297	8
0	3	0	1	53	3
3	1	3	2	74	4
0	3	0	1	106	3
1	0	4	3	41	3
1	0	4	3	36	32
2	3	7	2	180	32
2	0	6	3	120	4
1	3	1	2	172	8
1	0	4	3	187	3
3	0	1	3	279	4
1	2	1	2	9	3
1	0	5	3	83	32
3	0	3	3	196	32
2	3	5	2	296	3
0	1	0	1	48	3
1	0	6	3	216	32
3	1	1	2	276	3
3	1	2	2	142	32
0	2	0	1	232	3
3	2	7	2	187	32
0	3	0	1	195	8
0	2	0	1	13	8
1	3	1	2	96	4
0	2	0	1	163	8
3	2	4	2	299	8
0	1	0	1	92	4
1	0	5	3	257	4
2	3	4	2	72	4
0	3	0	1	78	3
0	1	0	1	52	32
1	3	3	2	287	4
0	1	0	1	46	4
1	2	4	2	192	32
0	3	0	1	124	3
0	1	0	1	223	8
1	0	7	3	176	4
3	0	5	3	192	8
2	1	5	2	315	3
3	2	2	2	114	8
1	0	4	3	42	4
0	3	0	1	309	8
3	0	3	3	107	8
1	2	5	2	109	8
2	3	6	2	76	3
1	0	7	3	105	8
2	1	4	2	163	3
1	0	4	3	316	3
3	0	1	3	175	4
3	1	4	2	297	8
0	3	0	1	86	3
0	2	0	1	130	4
3	1	2	2	180	4
3	0	4	3	14	4
3	2	1	2	143	8
0	2	0	1	243	8
1	2	4	2	3	32
0	1	0	1	185	8
0	2	0	1	28	8
3	2	1	2	159	4
0	3	0	1	101	8
1	2	5	2	267	4
3	2	4	2	222	4
3	1	2	2	222	8
2	3	7	2	291	3
0	2	0	1	22	4
0	2	0	1	147	3
0	2	0	1	222	3
2	1	3	2	70	3
3	0	1	3	63	4
0	1	0	1	0	3
1	2	6	2	46	3
3	0	1	3	148	8
1	2	2	2	315	4
1	0	7	3	135	3
0	2	0	1	162	3
0	1	0	1	47	32
1	0	7	3	73	3
2	3	1	2	65	3
2	1	7	2	73	32
2	0	6	3	282	32
1	2	3	2	103	32
1	3	3	2	155	32
0	1	0	1	111	4
0	3	0	1	268	8
0	2	0	1	101	4
1	3	6	2	8	32
0	1	0	1	17	32
3	1	4	2	45	8
3	2	7	2	12	4
3	2	2	2	253	8
0	1	0	1	114	3
1	0	1	3	241	32
1	3	1	2	284	32
1	3	1	2	222	8
0	2	0	1	229	8
3	1	4	2	277	8
1	0	6	3	85	4
0	3	0	1	123	32
1	3	1	2	140	3
1	2	7	2	12	8
2	1	7	2	120	8
3	0	4	3	5	8
0	3	0	1	160	8
3	2	7	2	310	4
2	1	5	2	158	8
3	0	3	3	282	32
2	1	3	2	13	8
0	1	0	1	254	32
0	1	0	1	105	4
1	3	7	2	265	3
0	1	0	1	52	32
1	3	4	2	57	8
1	0	1	3	230	4
3	1	3	2	178	8
3	2	3	2	74	32
1	2	1	2	218	8
2	1	5	2	173	4
1	0	7	3	112	32
1	0	7	3	101	4
0	3	0	1	134	4
1	0	7	3	128	4
3	2	5	2	88	3
1	2	6	2	248	8
0	2	0	1	224	32
3	1	4	2	140	4
3	2	7	2	106	8
0	2	0	1	221	4
1	3	2	2	8	8
3	1	5	2	212	8
1	0	5	3	64	32
0	1	0	1	102	3
2	1	1	2	224	8
2	1	5	2	87	32
3	0	1	3	10	4
1	3	3	2	177	4
2	0	7	3	158	32
3	2	5	2	244	4
1	0	1	3	68	4
0	3	0	1	0	3
2	0	7	3	244	8
2	3	6	2	139	3
1	0	6	3	169	3
2	0	7	3	270	32
3	1	5	2	134	4
3	2	1	2	298	8
3	0	2	3	161	3
0	1	0	1	105	4
1	2	4	2	299	3
1	3	7	2	314	4
3	1	1	2	127	4
2	3	5	2	137	8
2	0	7	3	39	8
1	3	7	2	181	4
1	2	1	2	143	8
2	0	3	3	62	4
1	3	6	2	279	8
3	0	5	3	14	8
3	1	5	2	158	32
2	3	7	2	311	8
0	3	0	1	135	32
2	0	2	3	47	3
3	2	5	2	232	32
0	3	0	1	275	8
2	3	5	2	220	8
3	2	2	2	16	8
0	3	0	1	51	8
2	1	6	2	109	3
1	0	1	3	92	8
3	0	3	3	222	4
1	2	6	2	177	3
0	2	0	1	292	8
3	0	4	3	225	32
1	2	5	2	182	8
0	3	0	1	83	32
1	3	3	2	255	3
2	1	2	2	90	4
1	0	1	3	184	32
2	0	3	3	141	8
0	1	0	1	230	3
3	0	4	3	166	3
3	2	2	2	1	4
1	0	4	3	2	3
1	2	3	2	232	32
2	1	6	2	87	32
3	1	2	2	219	3
2	1	6	2	213	8
2	0	1	3	91	8
0	3	0	1	13	4
0	3	0	1	224	8
3	0	5	3	283	4
3	2	7	2	95	32
3	0	2	3	229	3
3	1	7	2	178	8
1	3	1	2	22	4
2	3	3	2	7	3
0	1	0	1	200	8
3	1	5	2	76	32
2	1	2	2	201	32
1	2	6	2	246	3
1	3	1	2	172	8
1	3	4	2	301	4
0	1	0	1	178	32
3	2	1	2	255	3
2	3	7	2	101	4
3	2	1	2	272	4
0	1	0	1	224	3
0	2	0	1	19	8
3	2	3	2	94	32
1	2	7	2	141	3
3	0	3	3	154	32
3	2	7	2	263	4
3	1	6	2	144	4
3	2	4	2	148	32
2	1	3	2	175	4
2	1	7	2	207	4
2	3	6	2	209	8
3	1	3	2	112	8
3	1	1	2	25	32
1	0	7	3	215	32
2	1	2	2	162	4
0	1	0	1	268	4
2	0	7	3	25	4
0	3	0	1	170	32
1	2	4	2	221	4
3	1	6	2	312	4
2	1	4	2	228	32
2	3	1	2	41	8
0	3	0	1	153	3
2	1	2	2	2	32
0	3	0	1	7	4
1	2	5	2	91	8
3	2	7	2	270	32
0	1	0	1	159	32
0	3	0	1	274	3
0	3	0	1	27	8
2	3	1	2	287	4
0	3	0	1	156	8
2	0	7	3	25	8
1	0	7	3	39	8
3	2	6	2	271	3
3	0	5	3	205	3
1	2	5	2	115	3
3	0	2	3	180	3
2	0	6	3	183	3
2	0	1	3	198	3
3	1	1	2	77	32
2	0	3	3	118	32
1	2	2	2	153	3
0	1	0	1	104	4
3	1	3	2	302	3
1	0	4	3	22	8
3	1	6	2	269	4
0	2	0	1	67	8
2	3	6	2	247	3
0	2	0	1	169	8
1	2	1	2	179	8
2	3	6	2	173	3
3	0	4	3	116	3
2	1	7	2	272	3
2	3	3	2	204	4
3	0	5	3	241	4
2	1	7	2	69	4
3	0	2	3	50	4
0	3	0	1	170	4
3	2	4	2	241	3
2	1	2	2	52	4
1	3	6	2	263	32
1	0	5	3	3	8
2	1	5	2	16	32
1	3	3	2	244	3
3	1	1	2	134	4
1	2	4	2	274	4
1	2	3	2	16	4
2	1	4	2	139	32
2	1	6	2	93	4
0	3	0	1	139	32
1	0	5	3	205	32
3	1	7	2	165	8
1	3	1	2	264	8
2	1	5	2	106	32
1	3	4	2	199	8
1	2	5	2	17	32
1	2	6	2	185	4
3	0	1	3	142	32
1	2	3	2	242	8
0	1	0	1	117	4
1	3	3	2	302	4
1	0	7	3	209	32
2	0	7	3	205	8
0	1	0	1	305	3
0	1	0	1	166	3
1	3	2	2	26	3
0	3	0	1	36	4
0	2	0	1	161	3
0	3	0	1	191	3
0	2	0	1	36	3
0	3	0	1	215	4
1	2	2	2	223	4
0	3	0	1	58	4
0	2	0	1	188	3
1	2	7	2	65	8
2	3	3	2	131	8
2	3	2	2	89	4
1	0	4	3	68	8
0	3	0	1	205	32
3	0	5	3	41	32
1	3	1	2	221	4
1	2	4	2	285	8
2	0	7	3	169	3
1	3	1	2	98	3
0	2	0	1	19	3
3	0	1	3	143	4
2	0	2	3	173	3
1	0	5	3	19	32
2	3	1	2	61	32
1	0	6	3	93	8
2	1	4	2	229	4
2	3	1	2	75	4
3	2	6	2	249	4
2	0	7	3	278	32
0	2	0	1	55	4
3	2	3	2	148	32
3	1	6	2	80	32
3	0	2	3	39	4
2	0	3	3	125	4
1	0	7	3	233	32
1	0	7	3	114	3
0	2	0	1	205	8
0	2	0	1	190	32
1	0	6	3	289	3
3	1	6	2	174	32
2	1	3	2	257	3
0	2	0	1	104	3
0	1	0	1	306	4
1	0	6	3	202	32
0	1	0	1	158	4
1	2	6	2	54	3
3	2	5	2	248	4
3	1	1	2	37	4
1	2	7	2	296	3
0	1	0	1	174	3
0	1	0	1	49	8
3	1	4	2	64	8
1	3	7	2	133	32
3	0	2	3	33	3
3	2	1	2	96	8
3	2	4	2	91	3
0	1	0	1	73	32
1	2	7	2	66	32
0	3	0	1	219	3
2	3	4	2	54	32
3	2	3	2	259	8
2	1	5	2	117	8
1	3	5	2	176	8
0	2	0	1	172	3
1	2	7	2	161	8
2	0	6	3	36	32
0	1	0	1	166	32
0	3	0	1	248	32
2	1	5	2	17	4
1	3	2	2	274	4
3	1	1	2	278	4
0	3	0	1	108	32
1	2	1	2	213	32
1	3	3	2	309	3
3	1	5	2	143	4
0	3	0	1	133	3
1	2	4	2	91	8
2	0	1	3	307	8
1	3	4	2	99	32
3	2	6	2	107	4
0	3	0	1	267	8
2	3	1	2	307	3
1	3	4	2	199	3
0	3	0	1	195	3
3	0	5	3	219	3
2	3	1	2	255	8
1	2	4	2	144	4
2	0	3	3	310	4
0	1	0	1	9	8
2	0	2	3	5	3
3	1	4	2	82	32
1	0	6	3	166	3
0	3	0	1	263	32
3	1	2	2	274	8
3	0	3	3	91	8
0	3	0	1	82	8
1	0	4	3	39	3
2	0	3	3	217	4
3	1	1	2	316	3
2	0	7	3	248	32
0	1	0	1	19	32
2	1	1	2	184	4
0	1	0	1	194	32
3	0	4	3	100	8
0	1	0	1	239	8
2	1	2	2	317	3
1	0	1	3	232	4
3	2	6	2	210	4
2	0	7	3	94	8
0	2	0	1	168	3
1	0	6	3	299	4
0	3	0	1	251	32
0	1	0	1	154	32
2	0	7	3	98	8
1	3	2	2	95	3
0	3	0	1	123	3
0	3	0	1	98	3
1	3	3	2	157	8
2	3	5	2	83	32
3	1	4	2	7	4
1	3	2	2	17	4
0	3	0	1	214	3
1	3	1	2	59	32
1	0	6	3	154	3
2	1	6	2	46	3
0	1	0	1	175	32
3	2	5	2	291	4
0	2	0	1	201	4
1	3	6	2	60	3
3	2	6	2	198	8
1	0	6	3	299	4
3	0	5	3	73	3
2	3	4	2	6	8
0	1	0	1	171	32
3	2	6	2	207	3
2	1	5	2	130	8
3	0	4	3	254	8
2	0	2	3	9	4
3	2	6	2	264	4
3	0	1	3	26	8
0	2	0	1	111	32
1	3	3	2	179	8
3	1	2	2	52	3
1	0	6	3	82	3
1	0	7	3	182	4
1	2	3	2	105	4
0	2	0	1	183	4
3	0	1	3	53	8
0	2	0	1	105	32
0	3	0	1	104	4
0	1	0	1	270	4
3	2	7	2	153	8
0	3	0	1	38	32
1	0	4	3	120	32
3	1	7	2	228	32
0	3	0	1	309	4
3	1	2	2	34	32
3	1	5	2	231	8
1	0	7	3	37	4
2	1	4	2	150	32
0	2	0	1	172	3
3	2	6	2	253	32
2	0	7	3	297	8
3	0	1	3	112	3
1	3	3	2	146	8
1	3	7	2	206	4
1	3	5	2	108	3
2	3	6	2	2	8
3	2	3	2	149	3
0	2	0	1	136	3
2	1	3	2	245	32
0	3	0	1	159	32
2	0	1	3	90	3
2	3	7	2	190	3
0	2	0	1	252	4
1	2	3	2	8	3
1	3	6	2	162	3
1	3	5	2	223	8
3	0	5	3	86	3
1	0	6	3	8	4
3	1	5	2	176	4
0	1	0	1	53	32
1	3	7	2	37	3
0	2	0	1	192	32
3	0	2	3	252	4
0	1	0	1	30	3
2	3	7	2	230	4
0	3	0	1	74	32
3	2	4	2	167	3
0	2	0	1	131	4
1	3	3	2	67	4
2	0	3	3	303	3
0	3	0	1	52	4
2	1	1	2	211	32
1	3	7	2	32	4
0	1	0	1	155	3
1	0	4	3	205	32
3	0	5	3	108	4
1	0	4	3	54	4
1	2	5	2	221	4
0	1	0	1	59	8
0	3	0	1	275	4
0	1	0	1	239	8
1	2	1	2	207	32
1	0	1	3	273	4
1	2	2	2	235	3
2	3	3	2	17	4
2	1	7	2	263	4
0	1	0	1	128	3
3	0	2	3	169	3
3	1	6	2	140	32
1	3	2	2	112	32
3	1	5	2	134	8
0	1	0	1	124	4
2	0	6	3	231	32
0	3	0	1	246	8
1	3	3	2	164	8
1	0	5	3	100	32
2	3	7	2	284	32
0	2	0	1	166	32
1	0	7	3	152	4
1	3	1	2	156	4
1	2	1	2	228	4
2	0	7	3	208	8
1	0	5	3	218	4
3	2	7	2	168	4
1	2	4	2	145	4
2	1	3	2	139	3
0	2	0	1	261	32
2	0	3	3	26	8
2	3	2	2	202	4
1	0	5	3	20	8
0	1	0	1	122	3
3	0	1	3	302	4
3	2	2	2	127	8
0	1	0	1	164	3
3	1	1	2	4	32
1	3	2	2	114	8
3	2	6	2	138	8
3	1	1	2	108	3
0	3	0	1	88	3
2	3	7	2	303	4
3	1	5	2	65	32
0	2	0	1	112	8
0	3	0	1	258	8
0	3	0	1	33	8
2	1	3	2	170	32
0	2	0	1	295	4
2	3	6	2	181	8
2	0	1	3	299	4
0	3	0	1	257	32
2	3	5	2	288	4
3	2	6	2	146	3
3	0	1	3	161	3
2	3	1	2	253	4
3	2	7	2	139	8
2	1	2	2	248	8
0	3	0	1	185	8
2	0	1	3	175	4
2	3	6	2	66	8
0	2	0	1	232	32
3	2	1	2	11	8
0	3	0	1	58	8
1	0	7	3	126	4
3	1	1	2	63	3
0	2	0	1	187	32
0	2	0	1	5	8
2	1	4	2	311	3
0	1	0	1	18	8
3	1	7	2	128	8
0	1	0	1	9	4
1	0	1	3	182	4
2	1	3	2	3	4
2	1	7	2	299	4
2	1	5	2	122	32
1	3	6	2	36	32
2	3	6	2	109	8
1	0	4	3	50	8
0	1	0	1	108	3
2	0	7	3	304	8
3	0	3	3	223	4
0	1	0	1	124	32
1	2	2	2	134	8
1	3	2	2	31	32
3	0	3	3	233	4
3	1	4	2	268	4
3	2	7	2	277	32
1	0	4	3	135	4
2	1	1	2	80	32
0	1	0	1	57	8
3	0	1	3	135	4
3	2	5	2	186	4
3	0	5	3	286	32
2	1	4	2	282	4
0	1	0	1	179	32
0	1	0	1	91	8
3	0	3	3	159	32
1	3	6	2	92	32
0	3	0	1	77	4
3	2	3	2	208	8
3	2	4	2	38	3
3	2	6	2	115	8
2	1	3	2	195	3
3	1	2	2	99	3
1	0	7	3	131	8
2	0	7	3	136	3
2	1	4	2	301	8
3	0	5	3	311	3
0	1	0	1	317	3
0	2	0	1	80	32
0	3	0	1	28	4
0	3	0	1	293	3
3	2	5	2	217	8
0	1	0	1	288	4
2	0	3	3	104	32
2	0	6	3	165	32
0	1	0	1	196	32
1	0	5	3	246	3
1	2	6	2	97	32
0	1	0	1	285	3
3	0	1	3	222	4
3	2	2	2	297	8
3	1	4	2	101	3
1	0	6	3	167	8
3	2	1	2	62	8
3	0	4	3	162	32
1	3	2	2	72	4
2	1	7	2	220	8
2	1	1	2	96	4
1	3	3	2	184	3
3	0	3	3	170	8
3	0	2	3	271	32
3	2	6	2	14	3
0	1	0	1	268	4
2	0	3	3	303	8
2	3	5	2	38	4
0	3	0	1	51	4
2	1	3	2	80	4
3	0	4	3	82	3
3	1	3	2	271	8
3	0	3	3	195	4
2	3	6	2	92	4
1	2	6	2	259	32
0	1	0	1	272	4
0	3	0	1	221	32
3	2	2	2	15	8
2	0	1	3	35	8
2	1	3	2	90	32
3	0	5	3	1	8
2	3	6	2	104	32
3	0	3	3	101	3
2	3	3	2	271	32
2	0	1	3	154	4
2	1	6	2	265	4
1	2	7	2	45	4
0	2	0	1	113	32
3	2	6	2	220	32
1	2	6	2	133	4
0	2	0	1	198	8
1	2	6	2	79	32
0	1	0	1	245	4
3	2	7	2	281	8
1	2	4	2	54	8
0	3	0	1	40	32
0	3	0	1	262	3
3	1	6	2	262	3
0	2	0	1	281	32
0	1	0	1	275	3
3	0	3	3	179	32
2	3	1	2	176	8
1	0	5	3	298	3
0	3	0	1	3	32
1	3	4	2	301	8
0	1	0	1	81	3
2	0	6	3	66	32
0	2	0	1	251	4
1	0	1	3	231	3
3	2	4	2	124	8
2	3	3	2	246	4
2	1	5	2	139	32
1	3	7	2	232	4
1	0	1	3	113	4
2	3	1	2	61	3
1	3	1	2	214	32
2	3	4	2	22	3
1	0	4	3	282	8
3	1	6	2	278	3
0	2	0	1	243	8
0	1	0	1	39	8
0	1	0	1	180	32
3	1	6	2	33	4
2	3	7	2	295	4
3	0	4	3	261	3
3	1	2	2	191	8
3	2	7	2	20	4
2	3	1	2	12	8
1	0	1	3	45	3
0	2	0	1	77	8
1	2	2	2	13	32
2	0	6	3	264	32
0	1	0	1	153	3
1	2	6	2	149	32
3	2	6	2	69	32
1	3	6	2	174	8
0	3	0	1	238	32
3	2	4	2	7	32
0	1	0	1	57	32
2	3	6	2	23	3
2	1	3	2	192	4
1	2	1	2	37	8
1	3	1	2	197	32
0	3	0	1	239	8
1	3	6	2	85	32
0	1	0	1	296	3
3	0	5	3	221	4
1	0	6	3	32	32
2	3	7	2	211	3
2	0	2	3	183	8
0	1	0	1	28	8
0	2	0	1	52	4
0	3	0	1	103	32
0	2	0	1	304	3
3	0	4	3	130	4
0	1	0	1	6	8
3	1	2	2	264	32
2	3	7	2	250	8
1	0	6	3	103	4
2	1	7	2	87	4
1	3	7	2	96	4
3	2	4	2	84	3
3	1	6	2	226	3
2	0	2	3	150	8
3	2	6	2	253	4
1	3	2	2	50	32
0	1	0	1	98	32
2	3	2	2	248	4
0	3	0	1	112	3
3	2	1	2	91	4
0	3	0	1	28	4
1	3	3	2	156	8
0	3	0	1	245	8
2	3	3	2	42	8
0	3	0	1	287	4
2	3	6	2	254	4
0	2	0	1	29	32
1	2	1	2	8	4
3	1	5	2	272	3
3	0	2	3	119	4
3	2	3	2	142	8
1	0	7	3	176	8
3	2	1	2	191	4
3	0	3	3	284	8
3	0	4	3	68	4
2	3	7	2	92	3
1	2	4	2	251	4
3	1	5	2	31	3
1	3	3	2	6	4
3	0	2	3	278	32
3	1	7	2	138	32
1	3	3	2	229	4
1	2	5	2	121	3
3	2	4	2	223	8
3	1	4	2	283	4
2	3	2	2	119	3
0	2	0	1	183	32
3	1	2	2	230	4
3	0	1	3	27	4
1	2	7	2	9	8
0	3	0	1	175	4
0	2	0	1	144	8
2	3	2	2	228	4
3	0	5	3	243	8
2	0	7	3	230	4
0	1	0	1	275	32
0	1	0	1	149	4
1	0	6	3	116	32
2	0	7	3	41	3
3	0	2	3	279	8
2	3	2	2	207	32
3	2	4	2	176	32
1	0	1	3	115	4
1	2	1	2	291	8
3	1	3	2	185	4
1	2	7	2	297	3
2	3	3	2	236	8
2	1	3	2	121	3
0	3	0	1	309	3
3	1	6	2	202	4
3	1	1	2	118	4
3	2	1	2	129	32
0	2	0	1	219	32
2	3	3	2	160	3
3	1	4	2	43	4
1	2	4	2	286	4
1	3	2	2	56	8
3	2	5	2	106	4
0	3	0	1	30	8
1	2	2	2	78	32
0	3	0	1	222	3
0	1	0	1	64	32
1	3	4	2	243	8
1	3	3	2	53	8
1	3	3	2	153	3
1	2	2	2	223	32
3	2	6	2	241	4
3	1	6	2	216	4
1	3	2	2	130	4
2	1	5	2	126	3
1	0	7	3	286	4
0	1	0	1	198	4
1	0	6	3	101	4
1	2	2	2	62	8
3	2	5	2	143	8
0	1	0	1	233	4
2	0	2	3	133	4
1	3	3	2	258	8
3	2	4	2	307	3
1	3	6	2	216	4
3	2	4	2	287	32
3	1	3	2	42	32
0	2	0	1	14	32
2	0	1	3	194	4
2	0	1	3	295	4
3	0	2	3	270	32
1	0	5	3	173	32
2	0	1	3	255	32
3	1	4	2	245	4
2	3	1	2	269	32
0	3	0	1	95	32
0	1	0	1	290	4
1	3	3	2	108	3
1	2	6	2	72	32
0	3	0	1	123	32
3	0	1	3	21	4
0	1	0	1	30	3
3	0	3	3	126	3
2	3	1	2	111	3
2	0	2	3	165	4
3	1	2	2	287	3
3	2	6	2	127	4
3	2	7	2	277	8
0	1	0	1	63	3
1	3	4	2	161	8
3	2	1	2	27	3
1	3	4	2	309	3
0	2	0	1	166	4
1	2	2	2	260	32
0	1	0	1	198	3
0	2	0	1	76	32
1	3	5	2	5	32
3	0	2	3	310	4
0	1	0	1	204	8
3	0	4	3	78	3
1	3	4	2	255	3
1	0	1	3	275	4
1	0	4	3	314	4
0	2	0	1	96	3
1	3	7	2	173	4
1	0	6	3	9	8
2	1	2	2	256	32
1	2	7	2	14	32
1	3	4	2	301	4
2	0	6	3	112	8
2	1	5	2	236	3
0	2	0	1	189	32
3	1	6	2	171	32
1	0	1	3	223	32
0	3	0	1	90	8
1	2	7	2	268	3
0	1	0	1	218	8
1	3	4	2	285	3
0	3	0	1	129	32
1	3	1	2	311	4
2	1	7	2	247	3
3	0	3	3	41	4
0	1	0	1	201	32
3	2	6	2	202	3
3	2	2	2	185	4
3	0	5	3	11	8
3	0	3	3	76	3
1	2	1	2	148	32
0	1	0	1	146	4
0	3	0	1	135	32
3	0	4	3	258	8
1	2	1	2	25	4
0	2	0	1	57	4
0	2	0	1	286	32
3	2	7	2	269	4
2	3	3	2	125	8
3	2	7	2	182	32
2	3	7	2	211	8
0	2	0	1	83	32
1	3	2	2	142	4
3	1	1	2	272	32
1	3	4	2	308	3
1	3	3	2	30	4
3	1	3	2	301	8
3	0	3	3	65	4
3	1	3	2	251	8
2	3	1	2	222	8
1	3	1	2	115	3
3	0	5	3	166	3
3	2	2	2	142	8
1	0	7	3	228	4
2	0	3	3	81	4
0	2	0	1	279	8
3	1	7	2	183	3
1	3	2	2	232	3
1	0	4	3	201	3
2	3	3	2	92	4
1	3	1	2	190	32
0	1	0	1	138	3
2	1	5	2	127	32
1	2	5	2	134	32
1	2	1	2	297	4
3	2	4	2	231	3
3	1	7	2	96	4
2	3	3	2	34	3
1	3	2	2	192	8
3	1	1	2	70	32
1	3	3	2	283	32
2	0	3	3	62	8
1	2	6	2	27	3
2	1	7	2	206	4
0	3	0	1	173	8
3	0	3	3	257	32
1	2	5	2	111	8
2	3	2	2	90	4
3	1	3	2	112	3
2	0	2	3	79	4
0	2	0	1	315	3
2	3	6	2	122	3
3	2	7	2	125	4
1	0	1	3	13	8
3	1	4	2	251	4
0	3	0	1	13	32
0	3	0	1	240	32
2	0	3	3	156	3
3	2	6	2	188	32
3	0	5	3	28	4
1	0	6	3	190	32
0	2	0	1	55	32
1	3	5	2	274	4
0	3	0	1	276	3
3	1	6	2	176	8
0	2	0	1	90	3
2	3	1	2	209	4
0	3	0	1	220	4
1	3	1	2	195	32
3	0	3	3	286	8
1	3	6	2	93	32
2	3	2	2	175	3
0	3	0	1	123	3
3	1	5	2	287	3
1	3	1	2	225	8
2	1	2	2	165	3
1	3	1	2	253	32
2	1	7	2	171	3
2	1	7	2	269	4
0	3	0	1	84	8
3	0	3	3	103	32
3	1	5	2	27	4
0	2	0	1	22	8
1	0	5	3	117	3
3	2	3	2	75	4
3	0	4	3	93	32
0	3	0	1	274	8
0	2	0	1	53	8
1	3	5	2	180	3
2	3	1	2	142	4
1	2	6	2	263	3
2	0	3	3	224	8
1	0	5	3	185	4
1	2	5	2	63	32
0	3	0	1	14	4
3	2	4	2	272	8
2	0	1	3	72	4
1	0	6	3	107	3
0	3	0	1	297	4
0	2	0	1	34	8
3	0	4	3	54	32
0	3	0	1	106	8
2	1	2	2	180	8
1	0	6	3	249	32
1	3	6	2	268	32
0	1	0	1	170	3
3	1	3	2	161	8
2	3	4	2	281	32
1	3	5	2	286	3
0	1	0	1	299	8
1	3	4	2	222	8
2	3	6	2	289	8
2	1	7	2	197	8
0	2	0	1	212	4
1	3	5	2	7	3
0	2	0	1	266	32
0	2	0	1	28	4
1	2	1	2	52	32
0	2	0	1	90	4
3	0	1	3	56	8
3	2	6	2	184	32
3	0	1	3	27	8
1	2	6	2	234	8
0	1	0	1	219	4
0	2	0	1	245	4
0	1	0	1	80	3
0	3	0	1	159	32
2	1	3	2	276	32
3	1	1	2	113	4
1	2	6	2	6	3
2	0	6	3	309	8
0	2	0	1	3	32
3	0	2	3	5	32
0	2	0	1	299	8
0	2	0	1	8	4
1	3	6	2	29	8
1	2	6	2	291	3
3	2	1	2	183	3
1	3	4	2	149	32
0	1	0	1	297	4
1	2	7	2	295	8
1	2	1	2	228	8
2	3	4	2	271	4
2	1	5	2	68	32
3	0	4	3	173	3
2	0	7	3	187	8
3	0	2	3	256	4
2	1	6	2	288	4
3	0	2	3	292	3
2	1	6	2	282	8
3	0	4	3	157	8
2	0	6	3	122	3
0	3	0	1	35	32
1	0	7	3	8	8
1	3	1	2	217	8
2	0	3	3	251	8
1	3	7	2	22	3
0	3	0	1	232	32
2	3	2	2	17	32
1	0	1	3	69	8
1	0	1	3	44	4
1	3	7	2	55	8
2	0	3	3	247	8
0	3	0	1	234	4
3	0	4	3	263	8
2	1	1	2	51	32
1	0	7	3	247	3
1	0	6	3	103	8
1	3	2	2	133	8
3	1	6	2	236	32
3	2	6	2	238	8
2	3	7	2	212	32
2	3	5	2	201	3
2	1	3	2	48	3
2	1	3	2	35	8
0	3	0	1	126	32
1	3	2	2	141	4
1	0	7	3	100	4
3	2	6	2	235	4
1	2	6	2	105	32
0	1	0	1	247	8
1	0	4	3	179	8
1	2	2	2	27	4
1	3	6	2	282	8
2	0	2	3	17	32
1	3	4	2	169	3
2	1	2	2	236	8
1	2	3	2	262	32
2	1	3	2	129	4
1	0	1	3	306	4
3	2	5	2	70	32
2	3	3	2	180	4
3	0	4	3	187	4
3	1	3	2	267	8
3	2	1	2	297	4
0	2	0	1	200	3
0	2	0	1	233	4
3	0	2	3	34	32
3	1	6	2	86	3
3	1	2	2	234	4
2	0	6	3	66	32
1	3	3	2	40	32
2	3	7	2	233	3
3	0	3	3	36	32
1	0	6	3	174	3
0	1	0	1	26	4
2	0	2	3	280	4
3	2	7	2	44	32
1	0	6	3	18	3
1	3	4	2	273	32
1	0	4	3	242	8
0	2	0	1	171	8
3	2	2	2	244	32
3	1	2	2	43	32
2	1	2	2	147	3
3	0	1	3	18	32
0	2	0	1	157	4
0	3	0	1	281	4
3	0	2	3	219	32
0	2	0	1	306	8
3	1	1	2	185	4
1	0	7	3	261	32
1	0	6	3	245	4
3	2	7	2	56	3
2	0	3	3	228	32
3	0	1	3	68	32
0	1	0	1	36	8
2	3	7	2	264	4
0	1	0	1	112	3
0	1	0	1	245	4
1	2	2	2	159	32
3	1	4	2	107	32
2	3	1	2	21	3
1	3	1	2	117	4
1	3	1	2	24	3
3	0	4	3	200	3
2	3	3	2	48	32
3	1	5	2	300	3
0	1	0	1	251	4
3	1	2	2	205	4
0	2	0	1	201	4
3	2	3	2	259	3
1	0	6	3	7	4
3	1	5	2	89	32
3	2	5	2	307	3
3	2	1	2	236	4
2	1	7	2	223	32
0	3	0	1	184	3
3	1	1	2	128	8
2	0	7	3	241	8
0	2	0	1	244	32
3	0	5	3	185	8
1	3	4	2	42	32
2	3	3	2	47	32
2	0	7	3	143	3
1	0	7	3	133	4
3	2	1	2	102	4
3	0	3	3	261	3
2	0	7	3	151	8
2	3	4	2	225	32
1	2	6	2	201	3
1	2	1	2	47	8
0	3	0	1	183	4
0	1	0	1	175	3
2	1	7	2	34	32
3	1	3	2	104	32
0	2	0	1	296	3
2	1	2	2	115	8
0	2	0	1	197	32
0	1	0	1	74	4
1	2	3	2	83	4
2	1	1	2	98	4
3	2	3	2	179	4
3	2	4	2	57	32
1	0	1	3	30	8
0	2	0	1	142	3
1	3	4	2	27	3
1	2	6	2	282	3
3	2	3	2	185	8
0	1	0	1	161	32
3	0	1	3	199	32
2	0	1	3	284	8
2	3	7	2	237	32
0	3	0	1	223	8
3	0	4	3	225	3
2	3	4	2	96	3
1	3	6	2	312	3
1	0	7	3	214	32
0	1	0	1	11	32
0	1	0	1	162	4
3	2	1	2	220	4
2	1	4	2	12	3
2	1	5	2	75	8
3	2	5	2	21	32
2	0	7	3	75	3
2	1	6	2	206	4
1	0	6	3	227	8
1	2	4	2	18	8
3	1	5	2	149	4
2	3	2	2	248	3
0	1	0	1	164	3
3	2	3	2	96	3
1	3	6	2	209	8
0	3	0	1	263	3
2	0	1	3	180	32
0	1	0	1	245	3
3	1	5	2	3	4
1	0	6	3	136	8
1	2	2	2	137	3
0	2	0	1	130	3
3	1	1	2	285	3
1	3	2	2	64	8
1	3	3	2	239	8
0	1	0	1	61	4
0	2	0	1	39	3
3	2	3	2	160	32
1	3	7	2	119	8
2	3	1	2	133	4
2	1	5	2	68	8
0	3	0	1	179	3
1	3	3	2	185	3
2	1	4	2	186	32
0	2	0	1	79	3
1	2	2	2	91	3
0	2	0	1	184	32
2	3	5	2	140	8
1	2	6	2	166	4
1	2	6	2	7	32
1	2	5	2	296	8
1	0	4	3	37	4
3	0	1	3	85	8
0	2	0	1	99	4
1	3	7	2	287	4
3	1	7	2	243	32
1	3	7	2	93	8
2	3	7	2	11	32
2	1	1	2	149	32
0	1	0	1	212	3
3	0	4	3	57	8
1	0	4	3	18	4
0	1	0	1	109	4
0	1	0	1	202	32
0	3	0	1	171	8
0	2	0	1	168	4
3	1	6	2	55	32
0	2	0	1	82	4
3	0	5	3	123	4
3	1	3	2	258	32
1	2	1	2	182	8
1	2	3	2	17	4
1	3	4	2	242	8
1	2	1	2	171	8
2	0	2	3	179	32
2	0	6	3	78	8
2	3	7	2	81	4
2	1	1	2	18	8
3	2	5	2	23	4
3	0	3	3	242	8
3	1	7	2	272	3
1	3	3	2	154	3
0	2	0	1	202	3
1	3	2	2	59	8
3	0	3	3	61	8
1	0	6	3	134	4
0	1	0	1	206	4
3	1	4	2	300	4
2	1	4	2	244	32
1	0	6	3	81	32
0	2	0	1	28	3
2	1	6	2	137	4
3	2	4	2	269	4
1	2	2	2	244	4
3	1	3	2	28	32
1	3	4	2	205	32
0	1	0	1	227	8
2	0	6	3	222	8
3	1	7	2	272	3
2	0	2	3	69	4
0	3	0	1	170	8
1	3	7	2	92	32
1	2	1	2	22	8
0	2	0	1	204	3
0	3	0	1	30	32
2	1	3	2	270	8
1	2	5	2	129	4
3	1	3	2	240	32
0	3	0	1	44	8
3	1	3	2	2	3
1	2	5	2	28	8
0	1	0	1	11	3
0	2	0	1	9	8
3	0	1	3	40	32
1	0	5	3	88	32
2	3	2	2	47	8
1	0	6	3	191	8
1	3	2	2	150	4
0	3	0	1	197	4
2	1	2	2	139	3
2	0	6	3	260	3
3	0	5	3	229	4
0	2	0	1	155	3
2	0	1	3	143	32
0	3	0	1	103	4
1	2	2	2	169	32
0	1	0	1	199	8
3	0	1	3	228	32
3	0	1	3	28	3
0	2	0	1	26	4
1	2	6	2	285	4
2	0	2	3	49	32
1	2	5	2	75	4
0	2	0	1	143	32
1	2	5	2	316	3
1	0	4	3	166	3
2	0	7	3	153	4
3	2	2	2	91	3
1	0	1	3	208	32
3	1	7	2	148	3
2	0	2	3	47	8
3	2	2	2	264	3
3	2	2	2	186	32
3	0	2	3	135	8
2	1	3	2	212	8
0	3	0	1	68	3
2	3	7	2	251	8
0	3	0	1	111	4
1	0	1	3	264	32
3	0	1	3	162	32
0	1	0	1	70	8
2	0	7	3	92	8
3	2	3	2	213	32
3	0	2	3	260	3
3	2	3	2	53	4
2	3	6	2	12	32
1	2	3	2	309	8
0	3	0	1	187	8
0	1	0	1	99	8
0	2	0	1	120	3
2	3	4	2	4	8
1	2	2	2	301	3
0	3	0	1	197	4
1	0	5	3	289	4
1	2	4	2	35	4
0	1	0	1	123	3
0	2	0	1	46	8
2	0	6	3	134	4
3	0	3	3	79	3
1	3	2	2	45	8
3	2	7	2	241	8
0	3	0	1	53	4
2	0	6	3	242	8
1	3	7	2	244	8
3	2	3	2	283	8
3	2	5	2	198	3
3	0	3	3	316	4
0	1	0	1	230	8
0	2	0	1	86	32
1	2	7	2	98	4
0	3	0	1	7	8
2	0	2	3	236	32
0	2	0	1	2	3
2	0	6	3	241	3
3	1	5	2	181	4
1	3	4	2	255	4
1	3	1	2	286	4
3	0	2	3	198	32
3	1	5	2	20	8
0	3	0	1	193	4
0	1	0	1	190	3
0	1	0	1	281	8
2	1	6	2	234	8
2	0	2	3	305	4
2	1	6	2	40	4
3	1	5	2	20	3
0	2	0	1	103	8
0	3	0	1	19	8
3	2	5	2	218	3
2	0	7	3	309	4
3	0	4	3	190	32
3	2	3	2	99	4
2	0	3	3	133	32
2	1	5	2	206	8
3	2	1	2	86	8
1	0	1	3	228	4
2	3	6	2	95	8
0	3	0	1	175	4
3	1	3	2	74	4
0	3	0	1	234	3
2	3	3	2	209	32
0	1	0	1	79	3
2	3	5	2	214	4
1	2	2	2	157	8
3	0	2	3	135	8
1	3	4	2	201	3
3	2	1	2	185	32
1	3	6	2	270	8
1	2	6	2	284	3
3	2	7	2	134	32
3	0	1	3	15	3
1	0	7	3	199	8
3	1	7	2	152	32
0	3	0	1	274	4
0	1	0	1	153	3
2	3	4	2	41	32
0	1	0	1	52	3
3	0	5	3	44	8
0	3	0	1	5	3
2	3	3	2	143	8
0	2	0	1	296	3
1	0	5	3	204	32
0	3	0	1	46	32
0	1	0	1	162	4
2	0	3	3	14	3
3	0	1	3	258	8
2	3	3	2	309	8
0	2	0	1	202	8
0	3	0	1	224	8
3	0	4	3	275	3
1	3	3	2	1	32
2	0	1	3	248	3
3	2	4	2	141	3
2	3	2	2	39	4
2	3	4	2	262	8
2	1	3	2	134	8
3	2	2	2	140	4
1	0	7	3	88	32
2	0	6	3	126	3
1	3	2	2	215	4
0	2	0	1	179	32
0	2	0	1	73	8
2	0	2	3	16	4
3	1	7	2	169	8
2	3	5	2	245	8
0	1	0	1	95	3
1	0	4	3	52	32
1	2	2	2	208	32
2	0	7	3	213	3
2	0	2	3	14	32
2	3	2	2	261	3
1	0	6	3	64	32
3	0	2	3	38	4
1	3	2	2	263	3
2	1	5	2	37	8
1	0	5	3	0	32
0	2	0	1	20	4
0	1	0	1	31	8
0	3	0	1	84	32
3	0	1	3	43	32
2	0	1	3	243	32
1	0	1	3	248	8
2	3	2	2	271	32
3	2	6	2	93	8
2	1	5	2	219	4
2	0	1	3	158	8
3	0	3	3	194	3
1	0	5	3	116	32
2	0	2	3	247	8
2	1	6	2	295	3
2	0	7	3	227	8
3	1	6	2	73	8
2	0	2	3	158	3
2	1	7	2	181	4
0	3	0	1	192	8
1	2	2	2	249	8
0	1	0	1	166	32
2	0	6	3	185	32
2	0	7	3	211	32
2	0	7	3	266	3
1	3	7	2	309	8
0	3	0	1	217	8
2	1	6	2	281	4
3	2	2	2	193	8
2	1	3	2	298	8
3	2	4	2	242	8
3	0	1	3	308	8
2	1	1	2	141	32
1	0	6	3	254	4
0	1	0	1	20	32
1	2	6	2	9	4
2	0	7	3	124	8
0	1	0	1	298	3
0	1	0	1	244	3
2	0	2	3	138	4
1	0	4	3	195	32
2	1	1	2	27	4
0	3	0	1	11	3
1	3	7	2	201	4
2	0	3	3	296	4
0	1	0	1	99	32
1	2	1	2	70	8
0	3	0	1	262	3
3	1	3	2	82	3
2	0	6	3	249	4
0	2	0	1	28	3
0	1	0	1	231	4
2	0	3	3	273	4
1	3	4	2	153	32
0	2	0	1	57	32
1	2	4	2	152	8
0	3	0	1	164	4
1	0	7	3	97	8
3	1	6	2	244	8
0	3	0	1	122	3
2	1	7	2	177	3
1	2	3	2	230	4
0	1	0	1	132	4
3	1	2	2	10	3
2	0	2	3	118	32
2	0	7	3	230	3
0	3	0	1	32	4
2	3	7	2	16	4
3	1	6	2	193	4
0	1	0	1	182	8
1	0	5	3	196	8
0	2	0	1	50	32
1	2	3	2	52	3
3	0	1	3	225	4
3	0	3	3	62	32
0	1	0	1	255	8
1	3	1	2	96	4
0	1	0	1	169	4
1	3	5	2	62	3
3	0	2	3	243	8
3	2	3	2	248	8
0	3	0	1	197	3
0	1	0	1	108	4
2	0	2	3	40	3
1	0	1	3	195	3
2	1	7	2	105	8
1	3	2	2	231	4
0	2	0	1	6	32
3	2	2	2	204	4
3	2	7	2	231	4
1	2	4	2	129	8
3	0	1	3	7	3
2	0	3	3	230	32
2	0	2	3	26	32
0	3	0	1	298	4
2	3	4	2	256	32
3	2	7	2	142	32
0	2	0	1	29	32
2	0	1	3	290	3
2	3	1	2	283	4
2	3	7	2	112	8
2	1	6	2	230	32
2	0	2	3	312	4
0	2	0	1	307	4
2	1	7	2	104	32
2	0	1	3	65	8
0	1	0	1	186	3
1	2	5	2	24	3
3	1	2	2	228	8
3	2	7	2	161	4
2	1	3	2	141	8
0	2	0	1	56	4
1	2	2	2	167	4
1	3	4	2	169	8
0	2	0	1	129	8
0	3	0	1	27	3
3	0	5	3	215	4
0	3	0	1	184	4
3	0	4	3	155	32
0	3	0	1	300	8
3	2	3	2	105	32
1	2	3	2	210	8
1	2	7	2	39	32
3	1	3	2	204	3
1	0	7	3	207	3
1	0	1	3	115	4
0	1	0	1	228	4
3	1	2	2	276	4
1	2	2	2	84	32
2	0	1	3	86	4
2	1	1	2	157	3
0	3	0	1	261	32
1	2	5	2	3	3
1	0	1	3	282	8
2	3	2	2	240	4
3	0	4	3	116	32
0	1	0	1	170	32
2	0	2	3	205	8
0	2	0	1	275	4
0	2	0	1	267	3
1	2	2	2	159	3
2	3	3	2	300	8
1	0	7	3	278	8
2	1	5	2	172	3
2	3	7	2	157	32
2	0	7	3	192	32
1	0	1	3	41	4
1	3	2	2	226	3
1	2	4	2	277	4
1	0	4	3	49	4
0	2	0	1	93	4
3	1	5	2	20	3
0	1	0	1	193	8
3	0	2	3	138	4
0	1	0	1	216	32
2	1	5	2	283	32
0	2	0	1	202	4
2	3	7	2	42	3
2	1	4	2	0	4
3	0	5	3	243	8
1	0	6	3	13	8
2	0	3	3	191	32
0	2	0	1	108	8
1	2	7	2	4	8
0	2	0	1	159	4
1	3	6	2	266	4
3	0	5	3	199	8
3	0	4	3	117	4
1	2	3	2	86	4
2	1	4	2	230	32
2	3	3	2	122	32
2	3	5	2	55	32
3	2	3	2	297	3
1	2	4	2	307	4
0	2	0	1	107	3
0	1	0	1	287	3
1	2	3	2	35	8
3	1	3	2	55	3
0	1	0	1	217	8
2	1	3	2	162	3
2	1	1	2	192	4
3	2	5	2	20	32
1	2	3	2	80	3
2	3	3	2	235	4
2	0	2	3	248	8
2	3	2	2	85	3
1	3	6	2	155	8
3	1	3	2	200	8
0	2	0	1	55	32
2	3	2	2	261	3
0	3	0	1	314	3
1	0	7	3	279	4
2	1	3	2	250	4
2	0	7	3	293	4
2	0	3	3	74	32
2	3	1	2	254	3
2	3	6	2	103	4
2	1	2	2	17	4
0	1	0	1	156	3
1	3	6	2	118	4
3	0	1	3	139	3
3	1	3	2	59	4
0	2	0	1	172	4
0	2	0	1	141	32
3	2	1	2	192	32
1	2	5	2	293	4
3	2	3	2	241	3
3	0	3	3	219	4
0	1	0	1	46	4
2	1	3	2	5	3
1	2	4	2	22	4
1	2	4	2	132	8
2	1	5	2	262	8
3	0	3	3	226	4
0	3	0	1	235	32
1	2	5	2	189	32
2	1	4	2	279	32
2	3	3	2	25	4
2	1	1	2	10	32
2	1	4	2	289	8
2	0	2	3	180	32
2	1	1	2	15	32
1	2	1	2	71	4
1	0	7	3	228	8
1	0	4	3	217	8
1	3	7	2	249	4
1	0	5	3	192	4
2	1	5	2	73	3
2	1	3	2	260	4
3	1	6	2	89	4
2	0	1	3	160	3
3	1	1	2	222	4
0	2	0	1	260	8
2	3	7	2	223	8
1	3	3	2	296	4
0	1	0	1	311	3
0	1	0	1	91	8
0	1	0	1	186	32
2	1	3	2	221	3
0	3	0	1	243	32
2	3	3	2	130	3
1	0	5	3	242	32
3	0	1	3	72	4
0	2	0	1	62	3
0	2	0	1	123	32
2	3	5	2	15	3
3	0	4	3	96	8
3	1	1	2	95	3
3	1	7	2	153	8
0	1	0	1	192	3
3	0	4	3	95	3
1	2	5	2	168	8
2	3	1	2	301	4
0	3	0	1	234	32
1	3	3	2	169	8
1	3	6	2	260	4
0	3	0	1	5	3
3	0	4	3	111	8
0	1	0	1	50	3
2	1	4	2	38	8
3	0	3	3	141	4
1	2	1	2	128	3
1	2	4	2	54	4
3	0	1	3	47	8
0	3	0	1	22	32
2	1	5	2	42	32
0	3	0	1	299	4
1	0	4	3	150	8
1	2	4	2	232	4
2	1	6	2	208	4
1	2	7	2	262	32
3	2	1	2	274	32
2	3	5	2	221	3
0	2	0	1	142	3
2	1	3	2	49	4
3	1	4	2	115	4
1	2	5	2	133	8
1	0	5	3	196	4
1	0	7	3	161	4
1	0	4	3	56	32
0	2	0	1	183	32
0	1	0	1	46	4
2	3	2	2	258	8
2	1	4	2	69	4
1	3	2	2	183	4
1	2	6	2	91	32
0	3	0	1	173	3
3	2	6	2	148	3
0	1	0	1	81	3
2	0	3	3	44	3
1	3	2	2	124	32
1	2	3	2	192	32
3	0	4	3	154	32
0	1	0	1	13	8
2	0	3	3	163	3
3	0	5	3	243	32
0	3	0	1	97	8
1	0	7	3	131	8
0	2	0	1	283	8
2	3	7	2	114	3
0	3	0	1	256	32
0	1	0	1	59	32
3	1	3	2	23	3
1	3	6	2	34	3
0	1	0	1	37	8
1	0	1	3	16	3
0	1	0	1	123	4
3	0	5	3	24	3
0	3	0	1	11	8
2	1	5	2	4	3
1	0	1	3	40	3
3	2	7	2	114	8
2	0	1	3	309	4
1	3	2	2	20	4
1	0	7	3	143	8
1	0	6	3	311	3
2	0	3	3	179	32
3	1	2	2	211	8
2	1	1	2	147	4
0	3	0	1	171	3
2	0	3	3	129	4
3	2	5	2	312	4
0	2	0	1	238	32
0	3	0	1	156	8
3	0	2	3	211	3
2	0	6	3	141	3
0	1	0	1	153	3
0	3	0	1	185	8
1	0	1	3	14	8
0	2	0	1	207	8
2	1	1	2	296	8
1	0	6	3	172	32
1	0	1	3	248	4
3	1	1	2	45	8
1	3	6	2	64	4
0	1	0	1	311	3
0	3	0	1	172	8
1	0	4	3	168	32
3	2	5	2	38	8
3	1	3	2	80	8
0	1	0	1	147	4
3	2	1	2	188	8
2	0	6	3	116	32
0	2	0	1	103	8
3	2	3	2	287	4
3	0	1	3	66	32
3	1	6	2	311	3
3	2	4	2	168	32
3	1	2	2	246	4
1	0	7	3	66	3
3	1	6	2	249	32
3	1	5	2	300	8
2	1	4	2	213	32
1	2	4	2	50	8
1	0	6	3	291	3
3	1	7	2	55	32
3	1	2	2	142	8
2	3	5	2	201	4
3	2	2	2	86	3
1	3	1	2	6	3
0	2	0	1	5	32
2	3	6	2	8	32
0	2	0	1	260	32
0	2	0	1	206	8
2	0	1	3	95	8
3	2	1	2	249	4
0	2	0	1	119	4
2	1	5	2	301	3
3	1	3	2	285	8
2	1	1	2	93	3
3	0	1	3	93	3
2	0	2	3	111	3
0	3	0	1	123	32
1	3	4	2	60	3
1	2	1	2	8	4
2	3	4	2	120	8
2	3	6	2	8	3
3	1	5	2	215	3
3	1	3	2	128	8
1	3	3	2	5	4
3	0	4	3	149	3
0	3	0	1	206	3
2	0	7	3	45	3
1	3	1	2	82	3
2	1	7	2	147	32
3	1	2	2	94	32
2	1	3	2	171	4
3	0	1	3	7	4
0	3	0	1	22	8
1	3	3	2	287	4
0	3	0	1	309	3
3	1	2	2	177	32
1	2	7	2	193	4
0	3	0	1	42	3
0	2	0	1	156	4
2	3	6	2	197	8
1	2	5	2	187	8
1	0	4	3	28	32
0	1	0	1	269	8
2	3	5	2	188	32
1	2	3	2	111	3
3	1	6	2	160	32
0	2	0	1	256	4
2	1	4	2	63	4
1	0	4	3	82	4
3	0	2	3	152	32
3	2	1	2	115	3
3	2	3	2	89	4
1	3	4	2	114	32
3	2	7	2	147	8
3	0	2	3	59	3
0	2	0	1	76	3
3	0	1	3	263	3
1	2	5	2	124	32
2	3	3	2	128	32
2	1	1	2	244	4
0	1	0	1	24	8
0	3	0	1	53	32
3	0	1	3	37	4
2	3	7	2	206	3
1	0	4	3	247	3
3	2	3	2	63	4
3	1	2	2	278	3
0	3	0	1	173	4
3	2	6	2	78	8
3	1	1	2	74	32
0	3	0	1	133	3
3	1	7	2	113	8
1	2	1	2	112	3
3	0	3	3	288	32
1	0	5	3	242	32
0	3	0	1	195	4
1	3	4	2	310	4
2	1	5	2	128	8
1	0	7	3	143	32
0	1	0	1	60	32
2	3	1	2	239	4
3	1	6	2	40	8
1	0	4	3	153	3
2	0	6	3	143	3
0	1	0	1	121	4
2	1	4	2	290	4
0	3	0	1	223	3
2	3	4	2	214	8
3	0	4	3	273	3
2	3	4	2	68	4
0	2	0	1	287	32
2	0	3	3	261	4
1	0	4	3	66	32
2	1	7	2	276	3
1	0	6	3	171	4
0	2	0	1	37	32
3	2	2	2	294	4
1	0	4	3	53	32
3	0	5	3	268	32
1	2	5	2	236	3
1	2	6	2	277	8
0	2	0	1	315	3
1	2	4	2	237	32
3	2	6	2	94	8
2	0	6	3	220	4
1	2	1	2	165	32
0	3	0	1	267	8
0	2	0	1	196	4
2	3	4	2	161	32
3	1	3	2	315	3
3	2	4	2	49	8
3	0	2	3	38	3
0	3	0	1	22	8
1	3	7	2	11	4
1	2	7	2	266	4
0	3	0	1	294	3
3	1	7	2	136	4
0	3	0	1	2	8
1	3	4	2	288	3
2	1	1	2	184	8
1	2	3	2	159	32
3	2	5	2	230	32
1	0	7	3	7	8
1	0	1	3	279	8
0	2	0	1	297	3
1	2	3	2	289	8
2	1	4	2	199	4
2	0	3	3	72	32
1	0	6	3	5	32
2	0	7	3	9	3
0	2	0	1	63	32
0	2	0	1	241	32
0	2	0	1	143	8
1	0	4	3	220	4
3	2	2	2	256	4
2	0	6	3	297	4
1	2	6	2	173	8
2	0	2	3	212	4
0	3	0	1	38	3
0	2	0	1	194	3
1	0	4	3	311	4
0	3	0	1	180	3
2	1	1	2	257	4
1	0	4	3	48	32
1	2	6	2	172	4
3	1	5	2	117	32
3	2	6	2	314	3
0	2	0	1	295	4
0	3	0	1	14	3
2	1	4	2	195	8
2	3	5	2	167	8
1	3	4	2	117	8
3	0	1	3	280	8
0	1	0	1	165	3
0	3	0	1	67	4
3	2	4	2	267	3
0	1	0	1	265	3
1	3	7	2	41	8
2	0	2	3	179	4
1	3	5	2	115	4
1	0	7	3	47	4
2	3	1	2	266	3
1	3	5	2	222	8
2	0	2	3	181	32
3	0	4	3	152	32
0	1	0	1	44	8
2	3	1	2	91	32
1	2	3	2	140	8
2	1	1	2	97	8
0	3	0	1	290	4
0	2	0	1	86	8
2	1	5	2	115	8
2	0	2	3	217	32
2	3	1	2	284	32
0	1	0	1	211	32
1	3	1	2	184	32
2	0	7	3	160	4
3	1	5	2	279	32
3	1	1	2	50	3
1	0	6	3	212	4
1	3	6	2	251	8
3	1	7	2	313	4
2	0	3	3	270	8
2	0	6	3	312	3
1	2	4	2	296	4
0	2	0	1	91	8
2	1	3	2	148	8
2	0	3	3	278	3
0	3	0	1	87	8
1	3	7	2	160	3
0	1	0	1	236	8
1	2	4	2	230	32
2	3	3	2	185	3
3	0	2	3	81	3
1	2	7	2	239	8
3	0	4	3	120	32
3	2	5	2	176	4
0	3	0	1	281	32
3	2	5	2	0	3
1	3	4	2	166	32
1	0	6	3	30	8
1	0	4	3	213	8
0	2	0	1	206	32
3	2	6	2	91	3
0	1	0	1	218	4
2	3	2	2	290	4
1	0	4	3	74	32
0	1	0	1	192	32
0	3	0	1	32	32
0	3	0	1	272	4
0	1	0	1	152	4
2	1	4	2	150	3
3	0	4	3	241	4
1	2	1	2	219	8
0	2	0	1	83	8
0	2	0	1	232	32
1	0	6	3	154	32
0	1	0	1	223	4
0	1	0	1	104	8
3	0	1	3	40	3
1	3	2	2	122	3
2	0	1	3	190	8
2	0	7	3	212	8
3	1	7	2	302	3
2	0	3	3	70	32
1	2	1	2	255	4
0	3	0	1	1	8
0	1	0	1	117	8
2	0	6	3	76	32
1	2	2	2	300	8
0	2	0	1	108	4
0	2	0	1	24	32
1	2	3	2	123	4
1	3	3	2	206	4
2	1	7	2	70	8
0	2	0	1	5	8
3	0	1	3	152	3
1	2	7	2	253	32
2	0	1	3	63	4
2	1	5	2	236	4
2	0	1	3	300	8
3	0	5	3	28	4
1	3	4	2	242	3
2	1	6	2	259	8
3	2	5	2	158	4
3	0	4	3	270	3
2	0	6	3	273	3
0	2	0	1	49	3
1	3	3	2	296	3
1	0	1	3	178	4
2	0	3	3	109	32
3	2	7	2	43	3
3	1	1	2	312	8
1	3	1	2	80	4
3	0	3	3	31	3
3	1	3	2	180	3
0	2	0	1	151	3
1	3	1	2	114	4
3	1	5	2	39	3
0	3	0	1	143	3
3	1	7	2	290	3
3	1	4	2	185	8
2	0	1	3	5	4
1	0	4	3	312	8
2	0	1	3	164	4
3	0	5	3	307	8
0	1	0	1	170	8
0	1	0	1	210	8
2	0	1	3	88	3
3	2	6	2	160	4
3	0	2	3	184	4
2	0	1	3	143	8
3	2	2	2	228	3
2	1	1	2	252	32
2	3	4	2	157	32
3	0	3	3	293	8
0	3	0	1	70	4
1	3	2	2	112	3
2	0	1	3	2	4
2	3	1	2	23	4
0	3	0	1	18	4
0	3	0	1	302	3
1	2	4	2	17	8
3	1	2	2	241	4
3	0	3	3	139	8
1	2	2	2	238	4
0	1	0	1	109	32
0	2	0	1	199	3
2	0	7	3	226	32
2	1	5	2	229	4
2	3	6	2	21	4
1	0	4	3	170	4
2	3	7	2	195	4
3	2	2	2	28	8
2	0	2	3	174	3
0	2	0	1	87	32
1	2	5	2	180	32
0	2	0	1	316	3
3	0	1	3	210	4
1	2	3	2	25	4
0	2	0	1	283	8
2	1	2	2	33	32
2	1	3	2	159	32
2	0	2	3	205	8
1	0	5	3	25	8
1	2	1	2	213	32
3	0	1	3	195	8
0	3	0	1	222	32
3	1	2	2	148	3
1	3	7	2	131	8
2	1	3	2	61	3
2	1	2	2	231	8
1	2	1	2	229	4
0	2	0	1	258	4
2	1	5	2	0	4
1	2	6	2	212	8
3	0	3	3	10	4
1	2	6	2	173	3
3	1	6	2	16	32
3	0	1	3	142	3
1	3	4	2	289	3
1	3	7	2	43	32
1	2	1	2	94	3
0	3	0	1	19	32
3	0	3	3	160	8
0	2	0	1	100	4
1	3	5	2	234	8
0	1	0	1	60	3
2	1	1	2	115	4
1	2	3	2	181	3
1	3	6	2	316	4
2	3	6	2	12	4
0	1	0	1	117	32
2	1	5	2	242	3
0	2	0	1	315	4
2	3	7	2	47	8
2	0	3	3	199	4
3	2	1	2	288	3
3	2	7	2	311	8
0	3	0	1	141	8
1	2	5	2	218	4
0	3	0	1	134	8
0	2	0	1	101	8
3	2	1	2	15	3
3	1	7	2	91	32
0	1	0	1	246	4
0	2	0	1	302	4
0	3	0	1	38	4
2	1	7	2	254	32
0	1	0	1	205	8
3	2	1	2	242	4
3	0	3	3	91	4
1	3	1	2	172	3
0	3	0	1	44	32
2	1	3	2	229	32
2	3	2	2	14	8
3	0	4	3	143	3
0	1	0	1	171	3
2	3	7	2	191	8
2	0	1	3	133	32
1	2	6	2	59	3
3	0	2	3	60	3
1	3	5	2	257	3
1	3	7	2	250	32
3	2	6	2	235	8
2	1	5	2	276	4
0	3	0	1	92	3
1	2	2	2	206	32
1	0	5	3	273	3
3	2	3	2	56	3
2	0	6	3	117	32
0	2	0	1	258	8
1	2	7	2	98	4
1	3	6	2	253	8
1	3	7	2	30	32
3	0	1	3	27	8
3	1	1	2	160	32
1	3	1	2	6	3
2	3	1	2	164	32
0	3	0	1	79	4
0	2	0	1	222	8
0	3	0	1	78	8
1	3	4	2	254	4
0	2	0	1	222	4
2	0	1	3	12	8
2	3	6	2	45	4
3	2	3	2	151	32
1	0	6	3	135	3
3	2	1	2	91	4
0	1	0	1	295	4
3	2	7	2	292	8
3	2	3	2	99	4
2	1	5	2	98	32
2	3	1	2	32	8
1	0	6	3	212	4
3	0	4	3	256	4
2	3	3	2	261	3
0	1	0	1	189	32
2	0	2	3	101	8
0	1	0	1	161	4
3	1	6	2	2	4
2	0	1	3	35	32
0	2	0	1	10	32
3	0	5	3	19	8
2	3	2	2	129	4
0	3	0	1	157	3
1	2	7	2	70	3
0	2	0	1	116	32
2	1	2	2	181	32
3	2	4	2	178	8
2	3	5	2	245	3
2	1	6	2	56	32
2	1	5	2	44	4
3	2	3	2	148	4
0	2	0	1	66	8
1	0	1	3	43	32
3	0	1	3	138	8
0	2	0	1	94	3
3	1	4	2	160	3
2	3	1	2	70	8
3	1	4	2	111	3
1	0	5	3	239	32
3	1	6	2	158	32
0	2	0	1	255	32
1	2	5	2	161	3
3	0	5	3	290	3
1	0	7	3	154	4
1	3	5	2	4	8
3	2	7	2	304	3
2	0	7	3	94	8
1	0	4	3	206	3
1	3	1	2	309	3
1	2	1	2	169	3
2	1	2	2	101	8
0	2	0	1	228	3
2	0	2	3	96	3
3	2	2	2	96	8
2	0	6	3	279	4
0	1	0	1	287	8
1	0	7	3	69	3
3	2	6	2	71	32
0	2	0	1	155	32
2	3	2	2	171	4
2	0	1	3	180	3
1	2	1	2	310	3
2	1	2	2	133	8
2	1	1	2	32	32
2	1	6	2	29	8
3	1	5	2	198	8
0	2	0	1	200	8
3	0	4	3	7	8
3	2	7	2	101	32
1	2	5	2	82	32
0	3	0	1	166	32
3	2	7	2	106	3
3	2	7	2	269	4
2	3	3	2	189	32
1	2	5	2	91	32
3	0	4	3	225	4
1	2	6	2	228	3
3	1	3	2	150	4
2	1	1	2	147	8
3	1	6	2	245	32
2	1	4	2	115	32
0	3	0	1	73	32
1	0	1	3	81	3
2	1	7	2	159	4
3	2	1	2	251	32
2	1	7	2	244	4
0	3	0	1	54	32
2	3	7	2	199	32
0	3	0	1	214	4
0	1	0	1	286	3
1	2	1	2	7	32
0	1	0	1	190	4
2	0	2	3	19	4
2	3	4	2	7	3
2	0	6	3	170	3
1	0	6	3	20	32
0	3	0	1	66	8
3	1	1	2	47	3
2	3	6	2	206	3
3	1	3	2	87	8
1	3	3	2	19	3
1	2	4	2	48	8
3	0	5	3	257	32
2	0	7	3	276	32
1	0	1	3	238	32
2	0	7	3	198	8
1	2	6	2	207	8
2	0	7	3	222	3
1	3	1	2	251	8
0	1	0	1	13	4
0	1	0	1	10	4
2	3	2	2	41	8
1	0	1	3	150	32
2	3	5	2	95	3
3	2	7	2	223	3
0	1	0	1	186	32
1	0	5	3	157	3
0	2	0	1	226	4
2	0	3	3	45	32
1	0	4	3	43	4
0	2	0	1	137	32
2	0	6	3	114	3
2	0	7	3	224	4
2	3	7	2	230	4
2	3	7	2	221	3
3	1	4	2	151	8
2	0	2	3	4	8
3	1	3	2	276	4
2	3	2	2	251	32
1	2	7	2	68	4
2	0	2	3	277	3
2	1	2	2	29	4
1	0	7	3	300	4
1	2	2	2	282	3
3	2	1	2	4	32
2	0	1	3	44	3
0	3	0	1	238	8
2	3	6	2	102	4
0	2	0	1	85	8
1	3	6	2	66	8
2	1	1	2	260	4
1	0	7	3	289	3
0	1	0	1	32	32
1	2	4	2	164	32
0	2	0	1	274	3
3	2	2	2	228	32
2	3	1	2	119	8
2	1	3	2	255	8
1	3	5	2	154	3
2	0	3	3	128	3
2	1	5	2	150	32
1	3	6	2	61	32
0	2	0	1	181	3
2	1	2	2	182	8
0	1	0	1	225	3
1	2	1	2	26	4
3	2	6	2	314	4
1	0	5	3	20	32
2	1	7	2	248	32
1	0	5	3	116	32
1	3	3	2	185	8
1	2	1	2	252	8
3	2	3	2	53	4
0	2	0	1	172	4
0	1	0	1	41	8
3	2	2	2	237	32
3	1	2	2	49	8
0	3	0	1	190	3
1	0	4	3	23	3
3	1	1	2	298	3
2	1	1	2	230	4
1	2	1	2	186	8
0	1	0	1	106	4
2	1	6	2	66	3
0	1	0	1	55	32
1	0	7	3	4	3
0	3	0	1	94	32
3	0	5	3	241	8
2	0	7	3	102	4
1	2	2	2	83	4
3	2	7	2	144	8
3	2	5	2	249	3
2	0	6	3	261	3
0	2	0	1	216	8
2	3	1	2	193	32
0	1	0	1	214	4
2	0	7	3	45	3
0	3	0	1	308	4
0	2	0	1	144	8
0	1	0	1	297	3
2	3	3	2	260	4
0	1	0	1	241	8
2	0	7	3	305	3
1	3	4	2	97	3
0	2	0	1	183	3
3	1	5	2	38	3
0	2	0	1	208	4
0	1	0	1	53	8
2	0	7	3	182	8
3	2	3	2	46	8
0	2	0	1	243	8
1	3	6	2	62	4
0	3	0	1	185	4
0	2	0	1	99	4
3	0	3	3	138	4
2	0	7	3	294	4
1	2	4	2	259	32
1	2	7	2	87	8
2	3	2	2	91	8
2	1	6	2	45	4
3	2	5	2	21	3
0	3	0	1	67	8
0	2	0	1	242	4
1	3	7	2	81	3
3	1	3	2	137	8
0	1	0	1	118	4
0	3	0	1	140	32
2	0	2	3	304	4
3	0	3	3	162	32
2	3	4	2	47	8
1	2	4	2	228	8
0	1	0	1	288	8
3	1	1	2	102	8
2	0	2	3	14	4
1	2	6	2	103	4
1	3	2	2	19	3
2	1	7	2	157	3
3	0	5	3	208	4
0	2	0	1	266	8
3	2	7	2	297	8
0	3	0	1	37	4
1	0	1	3	22	8
1	0	6	3	2	3
2	3	4	2	232	32
0	3	0	1	287	32
1	3	1	2	8	8
0	1	0	1	119	4
3	0	4	3	147	3
1	2	5	2	112	32
2	0	2	3	195	4
1	2	2	2	151	8
2	3	3	2	100	3
2	3	3	2	165	4
3	1	4	2	243	8
1	0	6	3	258	32
1	3	6	2	223	4
3	1	1	2	245	32
2	1	5	2	122	3
2	3	4	2	135	8
2	3	5	2	87	3
3	1	5	2	184	8
3	1	3	2	66	3
3	1	2	2	283	4
0	2	0	1	309	8
3	1	5	2	98	32
2	0	7	3	288	32
3	2	1	2	242	4
1	3	4	2	190	4
0	1	0	1	185	3
0	1	0	1	144	3
0	2	0	1	232	3
1	0	6	3	288	3
3	1	4	2	256	8
1	3	4	2	108	8
0	3	0	1	118	8
3	1	7	2	183	8
1	2	1	2	244	3
3	1	7	2	162	4
2	0	7	3	281	8
2	0	3	3	117	4
2	0	6	3	217	4
0	3	0	1	179	8
2	0	2	3	79	3
3	0	4	3	257	32
2	3	4	2	259	4
3	0	5	3	147	32
1	3	5	2	245	4
1	2	5	2	142	32
0	1	0	1	119	3
2	1	4	2	130	8
3	2	4	2	250	32
2	0	7	3	274	32
2	0	6	3	150	8
0	3	0	1	68	8
1	0	1	3	237	32
1	3	4	2	42	8
3	2	4	2	225	32
3	0	5	3	219	8
2	0	6	3	229	3
3	2	1	2	170	3
2	1	7	2	286	32
1	0	6	3	258	32
1	2	2	2	186	4
2	0	7	3	73	32
2	3	5	2	288	32
0	2	0	1	29	32
2	1	2	2	237	8
1	2	1	2	227	32
0	3	0	1	65	3
2	3	1	2	184	32
1	2	3	2	156	3
1	3	7	2	291	4
3	2	7	2	209	3
2	3	1	2	66	3
1	3	3	2	46	3
0	1	0	1	214	32
1	2	5	2	84	3
0	3	0	1	310	8
0	2	0	1	149	4
0	3	0	1	38	32
2	0	7	3	110	32
1	0	1	3	137	4
1	2	3	2	32	8
1	2	4	2	125	3
1	3	6	2	147	4
0	2	0	1	6	8
2	1	6	2	55	4
2	1	4	2	144	4
0	1	0	1	19	8
0	3	0	1	303	3
2	0	6	3	266	4
2	0	3	3	284	3
1	0	7	3	177	4
0	1	0	1	161	4
0	1	0	1	210	3
3	1	4	2	168	32
0	2	0	1	196	32
0	3	0	1	88	8
3	1	7	2	84	3
2	3	6	2	166	4
2	3	1	2	19	3
3	0	1	3	3	32
2	3	2	2	8	3
0	2	0	1	305	4
0	1	0	1	162	3
3	0	4	3	271	8
0	3	0	1	6	8
2	0	6	3	283	3
1	0	7	3	10	4
0	2	0	1	170	3
0	2	0	1	156	4
1	0	6	3	82	3
3	1	2	2	172	3
3	2	5	2	53	8
3	2	6	2	270	8
3	2	2	2	47	3
0	2	0	1	238	4
1	3	6	2	105	8
0	2	0	1	288	32
2	0	7	3	75	4
2	1	6	2	183	3
3	0	5	3	179	32
1	0	6	3	109	8
3	2	5	2	25	8
0	3	0	1	168	8
2	3	7	2	263	8
0	3	0	1	216	32
2	0	7	3	135	4
0	3	0	1	249	3
3	2	3	2	147	8
3	1	6	2	110	4
0	1	0	1	307	3
0	2	0	1	256	4
1	3	7	2	139	8
1	0	4	3	77	32
1	0	4	3	63	32
1	2	3	2	165	3
1	2	5	2	166	4
1	3	2	2	240	3
3	2	1	2	218	3
0	1	0	1	184	4
1	2	7	2	298	4
3	1	7	2	184	4
0	1	0	1	171	32
2	1	2	2	8	8
1	2	3	2	87	4
2	0	6	3	234	32
1	3	1	2	124	8
2	0	2	3	146	8
2	0	6	3	283	3
1	2	1	2	18	8
1	3	4	2	97	3
0	3	0	1	108	8
0	3	0	1	100	3
0	1	0	1	65	32
1	3	6	2	81	4
2	1	2	2	105	3
2	0	7	3	234	3
0	1	0	1	300	8
1	0	1	3	37	8
0	2	0	1	279	4
3	2	4	2	71	4
2	0	1	3	129	4
1	3	6	2	197	8
3	0	1	3	115	8
2	0	1	3	68	4
3	0	4	3	141	4
1	2	5	2	136	32
2	3	3	2	52	8
1	0	1	3	65	4
3	0	2	3	230	3
2	1	2	2	133	32
1	0	1	3	34	4
2	0	6	3	211	32
2	0	2	3	172	3
3	1	6	2	118	8
2	0	3	3	43	8
3	0	5	3	165	32
1	2	3	2	152	8
1	0	1	3	110	4
1	2	4	2	37	32
1	0	6	3	30	32
0	2	0	1	18	3
1	2	5	2	253	32
1	3	3	2	81	32
1	2	7	2	127	8
2	3	1	2	285	32
2	3	3	2	179	32
1	3	7	2	85	8
2	1	3	2	65	3
3	0	1	3	185	8
3	1	5	2	228	8
3	2	7	2	142	8
0	1	0	1	77	8
2	1	4	2	6	3
3	1	4	2	138	32
1	3	6	2	243	3
2	0	6	3	278	32
2	1	5	2	218	32
1	0	5	3	273	32
1	0	6	3	242	3
2	0	2	3	212	32
3	2	5	2	198	3
1	2	5	2	283	3
2	1	6	2	70	8
1	2	4	2	160	4
0	3	0	1	90	32
2	0	1	3	167	3
0	3	0	1	79	3
1	3	1	2	224	32
1	3	5	2	151	3
0	3	0	1	193	8
3	2	6	2	65	4
1	3	5	2	274	32
3	0	5	3	39	3
3	2	3	2	283	32
2	3	6	2	39	4
2	0	3	3	22	4
0	3	0	1	311	3
0	2	0	1	195	8
2	0	1	3	88	8
2	1	6	2	158	4
3	1	3	2	292	3
2	3	4	2	86	32
2	1	4	2	142	32
2	3	7	2	101	3
3	2	7	2	220	4
2	1	3	2	215	4
3	0	1	3	107	4
2	1	6	2	137	3
0	1	0	1	178	8
1	3	2	2	156	8
1	0	1	3	102	8
3	0	1	3	87	32
0	2	0	1	261	8
3	0	4	3	266	8
1	2	3	2	293	4
0	2	0	1	201	32
1	2	7	2	116	4
0	1	0	1	286	8
2	0	2	3	53	32
2	0	6	3	262	32
0	1	0	1	193	32
2	3	7	2	109	32
3	2	4	2	159	8
1	0	5	3	2	4
3	2	1	2	233	32
2	1	6	2	28	32
1	2	1	2	160	32
2	0	7	3	251	3
1	3	7	2	250	3
2	0	6	3	15	4
2	1	1	2	136	8
3	0	5	3	272	4
2	0	7	3	258	3
3	2	2	2	268	3
0	2	0	1	65	32
1	3	2	2	261	3
3	2	5	2	130	4
1	0	7	3	20	32
2	3	4	2	110	32
2	0	6	3	227	3
3	0	5	3	276	4
2	0	6	3	127	8
0	1	0	1	161	32
2	1	4	2	226	32
1	2	4	2	79	4
2	0	6	3	121	8
0	2	0	1	176	32
3	0	1	3	56	32
0	1	0	1	70	8
2	3	3	2	314	3
1	0	7	3	277	4
0	3	0	1	213	3
2	0	1	3	198	4
3	0	3	3	3	32
2	0	6	3	253	3
0	3	0	1	276	3
0	2	0	1	197	4
3	0	2	3	51	3
0	2	0	1	171	8
0	1	0	1	90	8
1	3	7	2	250	8
2	3	7	2	94	8
0	3	0	1	166	3
3	1	2	2	292	3
3	2	1	2	86	8
3	1	7	2	247	3
2	3	4	2	204	8
3	1	6	2	23	3
0	3	0	1	292	8
1	2	6	2	244	8
3	2	5	2	99	4
1	2	1	2	86	3
0	2	0	1	158	3
3	2	2	2	105	8
0	1	0	1	33	8
3	0	3	3	183	32
0	2	0	1	111	3
2	0	6	3	241	8
1	0	6	3	264	3
0	2	0	1	107	3
3	1	7	2	62	8
0	2	0	1	119	8
2	0	6	3	298	3
0	2	0	1	294	4
2	3	6	2	284	4
3	0	4	3	282	32
2	3	2	2	252	8
1	0	4	3	76	4
3	2	5	2	6	32
1	2	4	2	195	32
2	3	5	2	307	4
1	2	6	2	61	32
1	0	6	3	176	3
0	2	0	1	191	32
1	3	2	2	87	3
1	2	5	2	98	4
0	1	0	1	265	32
3	2	5	2	104	4
3	0	1	3	76	32
0	3	0	1	124	32
1	0	6	3	252	4
1	0	1	3	213	4
2	3	7	2	44	8
3	0	3	3	224	8
2	3	6	2	85	32
0	3	0	1	258	3
2	0	1	3	164	8
1	0	6	3	256	4
1	3	7	2	148	8
3	1	6	2	105	4
3	2	1	2	211	8
3	0	5	3	246	4
1	2	4	2	302	3
1	2	2	2	291	8
3	2	3	2	307	3
3	1	5	2	75	3
1	3	5	2	83	8
1	3	7	2	116	32
0	1	0	1	263	4
2	3	4	2	119	4
3	2	6	2	239	3
1	3	7	2	186	8
0	2	0	1	105	32
2	3	5	2	118	4
1	3	5	2	221	4
3	0	1	3	235	3
2	3	3	2	118	4
2	3	3	2	48	8
1	0	4	3	27	8
0	2	0	1	228	3
2	3	1	2	212	3
3	0	1	3	198	32
1	2	4	2	3	8
1	3	7	2	3	32
1	0	1	3	0	3
0	2	0	1	131	4
2	1	2	2	264	8
0	1	0	1	82	8
2	1	2	2	32	8
1	0	1	3	171	3
0	1	0	1	43	32
3	0	4	3	178	32
1	0	6	3	181	4
2	3	1	2	203	3
2	0	6	3	139	4
0	2	0	1	277	4
1	2	3	2	50	4
0	2	0	1	116	3
1	3	5	2	196	8
1	2	3	2	238	32
2	0	6	3	70	8
0	3	0	1	93	8
3	1	6	2	231	3
1	3	7	2	188	32
0	1	0	1	136	8
1	0	4	3	77	8
0	1	0	1	120	8
2	3	7	2	26	8
0	1	0	1	246	32
3	0	5	3	165	8
3	0	1	3	194	3
3	0	1	3	193	32
1	3	1	2	115	4
2	0	6	3	103	3
3	2	2	2	119	32
1	0	6	3	35	32
2	0	1	3	289	8
0	3	0	1	267	4
3	0	1	3	225	3
1	0	6	3	254	3
2	3	3	2	213	4
1	3	2	2	194	32
1	3	3	2	186	32
0	3	0	1	266	3
0	2	0	1	227	3
1	2	7	2	104	32
1	3	1	2	94	3
2	0	1	3	140	32
0	2	0	1	96	4
3	0	2	3	282	3
0	2	0	1	286	8
2	3	2	2	268	8
3	1	3	2	142	3
3	2	3	2	289	8
0	2	0	1	171	32
2	1	7	2	116	32
1	2	7	2	145	3
3	1	6	2	109	8
1	0	4	3	7	3
3	0	3	3	161	4
3	0	4	3	90	8
0	2	0	1	198	32
2	3	4	2	60	3
3	2	2	2	258	32
1	0	4	3	24	3
3	1	1	2	46	8
1	3	6	2	36	4
0	1	0	1	186	4
1	3	4	2	66	4
0	2	0	1	183	32
2	0	7	3	200	4
3	2	4	2	1	8
3	2	4	2	138	32
2	3	4	2	302	3
0	1	0	1	176	4
3	2	1	2	280	8
0	2	0	1	15	3
2	0	7	3	117	32
2	0	2	3	72	4
2	1	5	2	266	3
0	1	0	1	36	3
0	1	0	1	25	32
1	2	7	2	281	8
2	0	3	3	181	8
3	2	4	2	305	4
0	3	0	1	106	8
2	1	7	2	110	32
1	3	3	2	72	8
2	0	1	3	134	4
1	2	5	2	218	32
0	1	0	1	122	3
0	3	0	1	18	32
3	2	1	2	116	4
0	1	0	1	176	8
3	0	2	3	70	8
0	3	0	1	180	8
2	0	3	3	194	8
2	0	1	3	201	4
2	3	2	2	254	3
0	1	0	1	174	8
1	0	6	3	46	3
3	2	3	2	159	32
2	3	1	2	2	32
0	1	0	1	163	4
3	1	5	2	312	4
2	0	7	3	62	3
0	1	0	1	199	8
0	2	0	1	10	4
1	2	5	2	265	4
0	3	0	1	273	3
3	0	3	3	142	8
1	0	6	3	255	3
0	2	0	1	81	4
1	0	7	3	171	8
0	2	0	1	194	3
0	1	0	1	282	3
2	0	2	3	190	4
3	1	1	2	6	4
2	3	1	2	99	8
2	1	1	2	17	32
3	1	3	2	190	3
2	0	6	3	42	8
0	1	0	1	70	8
1	3	1	2	71	8
2	0	1	3	173	32
3	1	7	2	176	4
1	0	1	3	55	8
2	0	2	3	63	3
2	3	6	2	229	3
3	1	5	2	154	4
2	1	4	2	219	4
3	2	3	2	103	32
0	3	0	1	113	4
1	2	7	2	44	8
0	2	0	1	60	8
3	0	2	3	90	8
2	1	6	2	62	3
3	1	3	2	224	8
0	2	0	1	190	3
0	2	0	1	61	8
1	3	5	2	101	4
1	3	6	2	232	3
1	3	4	2	43	4
0	2	0	1	283	4
1	3	3	2	295	4
1	2	6	2	203	32
0	3	0	1	89	3
3	1	7	2	230	32
2	3	4	2	48	8
1	2	6	2	193	8
0	3	0	1	16	8
2	1	7	2	196	8
1	2	2	2	317	3
2	0	1	3	38	3
1	2	6	2	176	8
1	0	6	3	96	32
2	0	6	3	23	32
