1	0	7	3	144	8
0	3	0	1	81	3
3	1	5	2	108	3
1	2	7	2	50	3
0	1	0	1	159	3
2	1	4	2	268	3
0	2	0	1	62	32
2	1	5	2	49	3
0	1	0	1	228	3
1	0	6	3	170	32
3	1	7	2	105	32
2	1	1	2	220	32
3	1	5	2	3	3
3	1	4	2	144	8
0	2	0	1	1	32
2	1	5	2	139	3
1	0	6	3	152	3
3	2	6	2	308	4
3	2	6	2	299	3
2	0	2	3	198	32
3	2	6	2	110	3
1	2	1	2	288	3
0	2	0	1	93	32
3	0	5	3	225	8
1	3	2	2	11	8
2	1	2	2	143	3
0	2	0	1	89	32
1	3	5	2	25	3
2	3	7	2	277	8
1	0	5	3	81	32
3	1	7	2	47	8
0	3	0	1	143	4
0	1	0	1	271	32
1	3	3	2	112	8
2	3	2	2	308	3
2	3	4	2	285	4
1	3	4	2	152	4
2	1	3	2	44	3
3	2	5	2	221	4
3	0	3	3	30	32
0	1	0	1	36	32
1	3	1	2	195	32
3	0	2	3	78	3
1	2	2	2	72	3
0	1	0	1	214	4
1	2	4	2	6	8
0	2	0	1	35	8
2	0	6	3	300	4
2	3	4	2	259	3
2	1	7	2	145	32
2	3	6	2	17	3
3	1	1	2	141	3
1	2	6	2	121	8
2	0	7	3	235	4
0	2	0	1	5	4
2	0	1	3	254	4
2	3	7	2	207	8
3	0	3	3	61	8
2	0	7	3	58	8
2	1	4	2	122	3
1	0	7	3	290	3
1	3	3	2	6	8
2	3	7	2	236	3
0	3	0	1	3	4
2	0	6	3	228	4
2	1	3	2	6	4
3	0	3	3	223	3
1	2	6	2	30	32
2	0	6	3	102	8
2	0	3	3	181	32
1	2	4	2	228	32
1	2	2	2	109	8
0	1	0	1	147	4
3	1	2	2	244	4
3	2	7	2	241	8
1	2	6	2	67	4
3	1	6	2	166	32
2	1	5	2	105	4
2	1	3	2	99	4
1	2	1	2	29	8
1	3	1	2	129	8
3	2	7	2	179	3
0	1	0	1	179	32
2	3	5	2	314	3
1	3	4	2	147	32
1	0	4	3	238	4
1	3	1	2	212	8
2	1	3	2	90	8
2	1	4	2	168	3
3	2	4	2	84	4
0	3	0	1	152	8
2	0	1	3	78	3
1	2	4	2	246	3
3	1	1	2	153	32
2	0	6	3	88	32
0	3	0	1	14	8
2	1	6	2	44	4
0	3	0	1	120	3
3	1	3	2	21	3
1	3	3	2	294	3
2	3	5	2	208	4
3	0	2	3	52	8
1	2	3	2	134	4
3	2	4	2	215	4
0	1	0	1	153	4
1	3	7	2	178	4
1	2	4	2	70	8
2	1	7	2	68	8
0	2	0	1	66	3
2	3	5	2	267	4
0	3	0	1	142	3
0	3	0	1	43	8
1	2	7	2	206	32
0	1	0	1	276	3
2	3	1	2	217	32
2	1	5	2	180	8
0	3	0	1	90	4
3	1	3	2	227	4
0	2	0	1	54	8
2	0	2	3	79	4
1	0	5	3	111	8
2	0	3	3	280	4
2	1	3	2	4	8
0	3	0	1	84	3
2	3	1	2	26	8
1	3	6	2	147	3
2	1	4	2	24	3
2	0	6	3	50	8
3	2	7	2	244	8
3	0	1	3	189	3
1	3	2	2	173	8
1	2	3	2	14	8
0	3	0	1	84	4
1	2	3	2	262	32
3	2	7	2	27	8
2	1	2	2	201	8
3	1	4	2	46	4
0	3	0	1	63	3
0	2	0	1	284	32
1	0	6	3	208	8
0	2	0	1	0	3
2	3	3	2	223	4
3	0	5	3	73	8
2	0	2	3	79	32
0	3	0	1	116	8
2	3	7	2	272	4
2	3	2	2	292	3
1	0	7	3	184	4
3	2	4	2	41	32
2	3	3	2	316	3
1	2	6	2	39	4
2	0	1	3	85	3
2	1	5	2	166	8
3	2	5	2	66	3
3	2	5	2	316	4
2	1	2	2	175	32
3	2	3	2	244	8
3	0	2	3	107	3
2	0	2	3	16	4
3	2	6	2	111	32
3	2	6	2	42	3
2	0	7	3	65	32
0	2	0	1	206	32
3	2	5	2	183	8
0	3	0	1	259	3
2	3	6	2	261	4
3	1	7	2	126	8
3	1	4	2	4	4
1	0	6	3	270	8
1	3	5	2	102	4
2	3	2	2	287	4
2	0	6	3	101	8
3	2	4	2	232	32
2	3	1	2	32	32
0	1	0	1	63	4
0	1	0	1	275	4
3	2	4	2	292	3
3	1	1	2	59	8
2	3	2	2	279	8
1	0	1	3	285	32
2	0	1	3	243	32
2	1	1	2	214	8
1	2	1	2	164	8
3	2	4	2	200	8
1	0	5	3	168	32
3	0	1	3	10	4
2	0	3	3	74	3
3	0	2	3	250	3
1	2	3	2	79	4
3	1	6	2	190	8
3	2	4	2	42	3
2	0	1	3	274	4
2	0	6	3	205	4
3	0	1	3	208	4
0	3	0	1	155	8
3	2	2	2	291	4
2	3	2	2	316	4
1	0	5	3	158	8
2	0	1	3	176	32
3	2	3	2	168	8
3	1	5	2	28	32
0	1	0	1	173	8
1	3	1	2	114	3
0	3	0	1	123	8
2	1	5	2	285	4
0	2	0	1	169	4
1	0	4	3	82	3
3	2	1	2	119	8
1	3	5	2	144	8
2	0	3	3	5	3
2	0	1	3	277	3
0	1	0	1	290	8
3	2	3	2	230	32
2	0	3	3	119	3
2	1	3	2	112	3
3	0	4	3	292	4
0	3	0	1	60	3
1	0	4	3	228	4
2	1	4	2	54	4
0	2	0	1	193	8
2	1	2	2	29	8
1	0	6	3	191	32
0	3	0	1	251	32
2	3	4	2	25	4
1	3	1	2	266	3
1	3	4	2	275	4
1	3	2	2	240	8
2	0	3	3	146	4
3	0	5	3	255	32
3	0	2	3	282	3
3	1	3	2	275	8
2	3	5	2	65	8
1	2	4	2	291	3
3	0	4	3	136	4
1	3	3	2	125	8
3	2	5	2	63	32
0	1	0	1	21	3
0	3	0	1	100	4
0	3	0	1	219	8
3	2	1	2	86	32
2	3	3	2	110	3
1	0	7	3	225	4
2	1	4	2	181	3
2	0	7	3	160	4
0	2	0	1	114	3
0	2	0	1	33	8
3	0	3	3	173	32
3	2	4	2	305	8
1	2	5	2	82	3
0	2	0	1	175	8
1	2	4	2	13	32
1	3	5	2	180	3
0	3	0	1	114	3
0	2	0	1	110	3
1	3	5	2	45	32
3	2	3	2	100	3
2	1	1	2	239	4
1	3	6	2	31	3
2	1	3	2	123	4
1	3	4	2	288	3
1	0	6	3	84	8
0	1	0	1	191	4
2	3	4	2	134	8
0	2	0	1	113	3
3	2	7	2	130	32
1	2	3	2	211	8
1	0	5	3	41	32
0	3	0	1	48	8
0	1	0	1	218	3
3	1	7	2	144	32
3	1	4	2	170	3
2	3	5	2	76	32
0	3	0	1	254	3
1	3	6	2	244	32
0	2	0	1	91	4
1	0	4	3	195	3
0	3	0	1	77	3
2	3	2	2	220	32
0	3	0	1	141	3
0	3	0	1	35	8
1	3	7	2	108	3
3	0	3	3	227	8
3	1	2	2	23	8
0	2	0	1	95	3
0	3	0	1	60	3
1	0	7	3	178	8
2	0	1	3	273	3
1	2	7	2	169	32
2	3	2	2	172	3
3	1	4	2	216	3
1	3	4	2	145	4
0	1	0	1	117	4
3	2	2	2	226	32
3	0	1	3	3	3
3	0	2	3	279	3
0	1	0	1	239	8
3	0	2	3	160	3
2	1	7	2	314	3
2	3	2	2	288	8
3	1	2	2	206	4
3	0	1	3	311	4
3	0	5	3	167	4
3	0	3	3	270	4
1	2	3	2	84	32
0	2	0	1	10	3
2	3	1	2	288	32
0	3	0	1	180	3
1	2	1	2	218	8
0	2	0	1	261	8
2	0	3	3	257	4
1	2	2	2	45	32
0	1	0	1	181	3
2	3	1	2	305	8
3	1	7	2	237	3
0	1	0	1	195	32
0	2	0	1	294	4
1	3	7	2	84	4
2	0	7	3	159	4
1	0	6	3	15	32
3	2	3	2	122	4
0	1	0	1	268	4
0	1	0	1	124	32
3	0	4	3	38	32
0	2	0	1	185	4
1	2	3	2	287	32
2	3	7	2	276	3
2	0	7	3	180	4
0	3	0	1	151	4
3	1	5	2	217	4
3	2	3	2	236	32
3	1	1	2	184	3
1	3	4	2	255	4
0	3	0	1	48	3
0	3	0	1	24	32
0	1	0	1	312	4
3	0	5	3	173	32
0	1	0	1	43	32
3	1	3	2	261	8
3	1	5	2	229	3
0	1	0	1	170	4
2	1	3	2	45	4
2	3	1	2	8	3
0	2	0	1	252	3
0	2	0	1	115	32
2	1	5	2	309	3
0	3	0	1	217	32
3	1	7	2	122	3
0	1	0	1	115	3
0	1	0	1	31	32
3	2	5	2	165	8
1	3	7	2	207	8
1	0	4	3	172	4
3	0	3	3	129	8
1	0	1	3	148	4
0	1	0	1	309	4
2	3	6	2	83	3
1	3	2	2	68	3
3	1	4	2	189	8
3	2	4	2	100	8
2	0	1	3	283	32
3	2	3	2	158	4
0	3	0	1	279	4
1	3	6	2	278	4
2	1	2	2	194	8
2	3	6	2	304	3
0	3	0	1	162	8
2	0	7	3	14	8
3	1	6	2	230	8
3	2	1	2	53	8
3	0	5	3	218	32
3	1	4	2	214	32
2	1	2	2	155	8
1	2	1	2	255	4
1	3	7	2	166	4
1	3	3	2	96	3
2	1	3	2	32	8
2	3	6	2	33	32
2	1	4	2	278	32
3	1	7	2	303	3
2	1	3	2	110	8
3	2	3	2	24	8
0	2	0	1	182	8
1	2	6	2	197	32
3	2	5	2	210	3
3	2	7	2	87	32
3	1	3	2	226	8
1	3	5	2	235	4
1	2	5	2	120	4
3	1	2	2	245	32
3	2	1	2	263	32
1	3	7	2	26	32
1	0	7	3	148	4
1	3	3	2	255	4
3	0	2	3	116	4
1	3	6	2	268	8
3	0	1	3	203	3
3	1	4	2	158	32
3	1	6	2	260	32
2	0	2	3	29	3
1	2	5	2	82	3
1	0	1	3	186	32
2	3	3	2	162	4
3	1	3	2	239	3
3	2	2	2	69	4
0	3	0	1	133	4
3	2	7	2	221	4
3	2	5	2	292	4
1	3	4	2	236	3
0	3	0	1	65	8
0	3	0	1	119	3
3	1	7	2	241	8
3	1	5	2	89	4
1	3	4	2	67	8
2	3	1	2	44	4
2	0	6	3	182	4
3	1	5	2	147	32
1	2	7	2	179	32
0	2	0	1	70	8
1	0	1	3	231	3
0	3	0	1	39	8
0	3	0	1	7	8
3	2	2	2	30	4
0	1	0	1	40	4
0	1	0	1	34	32
2	0	6	3	163	32
2	0	2	3	274	8
1	3	6	2	313	3
1	0	4	3	84	32
1	3	5	2	88	8
2	0	2	3	170	3
2	0	6	3	112	32
1	3	3	2	27	4
2	3	2	2	151	32
1	3	5	2	161	4
3	1	7	2	171	32
1	3	4	2	194	4
1	3	1	2	205	32
1	0	1	3	289	3
3	1	2	2	196	3
0	3	0	1	195	8
3	2	2	2	285	4
1	0	7	3	213	3
2	1	7	2	55	4
3	2	5	2	193	8
2	0	7	3	235	3
0	3	0	1	255	8
3	1	2	2	208	8
2	3	7	2	176	3
1	2	4	2	291	8
2	3	3	2	136	4
3	0	2	3	17	32
3	0	4	3	60	3
3	2	5	2	32	3
3	1	5	2	266	32
3	0	4	3	247	3
3	2	7	2	312	8
0	3	0	1	90	3
3	2	6	2	96	32
1	0	4	3	5	3
3	2	4	2	254	8
2	0	7	3	52	3
1	0	5	3	164	32
2	1	3	2	117	8
3	2	6	2	286	3
2	3	1	2	106	4
1	3	7	2	91	3
1	3	7	2	277	4
0	2	0	1	179	32
1	3	1	2	113	32
0	2	0	1	294	4
3	1	2	2	94	4
3	1	4	2	37	3
3	1	7	2	194	4
1	0	6	3	36	8
1	2	5	2	181	4
1	0	1	3	222	8
2	0	2	3	262	3
1	3	3	2	16	3
3	1	6	2	109	8
1	2	5	2	107	32
1	0	5	3	92	8
3	1	6	2	104	4
2	0	6	3	5	3
2	3	7	2	203	8
2	0	2	3	35	32
0	3	0	1	121	32
1	2	1	2	156	32
1	2	4	2	167	32
0	2	0	1	6	3
3	1	6	2	109	8
1	3	7	2	23	32
3	2	6	2	134	8
3	1	5	2	175	32
1	0	4	3	229	4
1	3	5	2	202	32
2	0	6	3	268	3
3	1	4	2	233	32
0	1	0	1	138	8
3	2	2	2	219	32
3	1	6	2	232	32
0	1	0	1	202	8
3	0	5	3	129	32
0	1	0	1	10	8
2	3	2	2	230	3
1	0	5	3	49	3
0	2	0	1	239	32
0	3	0	1	153	4
3	0	5	3	258	32
3	1	3	2	60	8
1	3	6	2	284	4
2	0	7	3	284	4
0	1	0	1	100	3
0	3	0	1	144	3
3	1	6	2	133	3
0	1	0	1	288	3
2	1	4	2	161	4
3	1	4	2	4	32
1	2	3	2	161	8
1	0	7	3	282	4
3	1	5	2	230	8
1	2	3	2	250	4
0	2	0	1	83	4
2	0	3	3	140	32
2	1	6	2	278	4
3	0	5	3	316	3
2	3	4	2	100	4
0	3	0	1	149	3
1	0	7	3	201	32
3	0	2	3	56	32
2	0	2	3	226	32
1	0	7	3	206	4
2	0	1	3	125	8
3	0	3	3	286	4
1	3	3	2	162	8
1	2	6	2	126	4
1	2	4	2	146	4
0	1	0	1	235	32
1	3	4	2	293	4
3	0	1	3	102	3
0	2	0	1	193	32
0	2	0	1	257	4
2	0	1	3	187	8
2	1	4	2	312	3
2	3	4	2	25	4
3	2	4	2	139	8
1	0	4	3	283	3
3	1	1	2	290	3
2	3	3	2	123	32
3	0	4	3	247	8
2	0	2	3	255	3
1	2	4	2	90	3
1	2	6	2	249	8
1	3	4	2	81	4
2	0	1	3	253	3
1	2	4	2	12	4
2	0	3	3	105	8
1	2	2	2	112	8
0	3	0	1	15	32
1	3	4	2	238	8
0	2	0	1	149	8
3	2	5	2	197	8
0	3	0	1	222	3
1	3	3	2	276	32
2	0	1	3	137	32
0	3	0	1	41	4
0	3	0	1	121	3
2	0	2	3	145	8
2	3	1	2	99	8
2	0	1	3	50	3
1	2	6	2	220	3
1	3	7	2	213	4
0	1	0	1	280	32
0	3	0	1	257	8
0	2	0	1	207	32
0	3	0	1	238	8
3	2	5	2	2	4
3	1	6	2	258	3
2	0	6	3	263	32
0	1	0	1	249	3
1	2	1	2	98	4
3	2	7	2	173	8
0	1	0	1	44	8
3	1	3	2	46	3
3	0	4	3	29	32
2	3	1	2	117	32
0	3	0	1	288	4
1	3	1	2	82	8
0	3	0	1	285	8
1	2	7	2	311	3
1	2	5	2	116	8
2	1	2	2	153	32
1	2	7	2	144	3
3	2	2	2	124	8
3	0	5	3	289	3
2	0	1	3	164	3
3	0	2	3	45	4
1	0	7	3	79	8
2	3	5	2	107	3
0	1	0	1	35	4
3	1	6	2	270	3
2	1	7	2	296	8
3	2	4	2	224	32
3	0	3	3	24	3
3	0	5	3	161	4
2	0	3	3	9	4
3	0	1	3	141	32
2	0	7	3	57	8
0	1	0	1	61	4
2	0	6	3	303	4
1	2	7	2	48	4
3	0	3	3	13	4
3	0	4	3	11	3
1	0	5	3	264	8
1	0	7	3	25	8
2	1	1	2	203	4
3	0	2	3	296	4
1	2	6	2	23	4
0	2	0	1	39	32
3	0	5	3	209	8
1	3	6	2	73	8
0	3	0	1	88	4
2	0	2	3	28	32
0	2	0	1	132	32
2	0	7	3	30	32
2	3	3	2	54	3
2	0	1	3	157	8
1	2	6	2	104	4
3	0	5	3	166	32
3	2	3	2	226	3
1	2	3	2	136	8
2	1	3	2	140	8
2	3	5	2	266	8
0	3	0	1	255	8
2	3	4	2	46	3
3	1	4	2	219	32
3	1	3	2	180	3
3	0	5	3	60	3
1	3	3	2	163	8
2	0	7	3	77	8
0	2	0	1	83	32
2	3	6	2	265	32
2	0	3	3	217	3
3	2	6	2	226	8
0	1	0	1	106	4
0	3	0	1	24	4
1	2	6	2	64	3
3	0	5	3	122	4
3	0	3	3	252	3
0	2	0	1	36	3
2	0	3	3	2	4
0	1	0	1	162	3
0	1	0	1	120	3
3	0	1	3	162	8
2	1	1	2	167	3
2	1	5	2	273	8
3	2	7	2	139	3
0	1	0	1	42	8
2	0	1	3	179	32
0	2	0	1	219	32
1	0	7	3	238	32
3	1	2	2	251	3
2	0	2	3	212	32
2	1	3	2	300	4
2	0	6	3	54	4
2	1	3	2	124	4
0	2	0	1	48	3
0	1	0	1	299	4
1	2	6	2	15	32
2	0	3	3	6	8
2	1	6	2	71	32
3	0	5	3	239	32
0	1	0	1	21	32
1	3	7	2	114	32
0	2	0	1	241	32
2	3	1	2	48	32
2	1	6	2	180	32
2	3	1	2	129	32
0	2	0	1	102	32
2	1	6	2	200	8
3	2	4	2	2	32
2	1	5	2	304	8
3	1	3	2	290	8
3	0	5	3	28	3
0	3	0	1	230	4
0	2	0	1	103	32
3	1	4	2	186	8
0	2	0	1	39	8
0	3	0	1	5	8
1	3	1	2	251	4
0	2	0	1	87	3
1	3	6	2	223	32
1	3	4	2	183	3
1	2	2	2	263	32
3	0	1	3	2	32
2	1	4	2	244	4
3	1	6	2	86	4
2	0	2	3	53	32
1	3	5	2	284	3
2	0	2	3	206	32
1	0	7	3	136	8
3	0	2	3	131	3
0	1	0	1	312	4
2	1	4	2	64	4
1	0	7	3	232	4
1	3	5	2	57	8
0	2	0	1	204	8
0	3	0	1	176	32
1	0	4	3	237	3
0	2	0	1	204	32
1	3	3	2	267	32
3	0	1	3	66	3
2	1	7	2	219	3
3	1	4	2	243	8
1	2	7	2	99	3
1	3	2	2	94	4
2	0	2	3	208	32
0	3	0	1	252	4
1	0	1	3	112	4
2	1	2	2	109	4
3	0	4	3	131	3
1	2	4	2	23	8
0	2	0	1	198	4
3	2	2	2	256	32
2	0	2	3	152	8
1	0	4	3	189	4
1	3	4	2	250	32
3	1	2	2	29	3
1	0	5	3	241	32
2	0	2	3	261	3
1	0	7	3	230	4
2	3	2	2	47	8
2	0	3	3	274	32
2	3	5	2	220	8
3	1	1	2	218	3
0	2	0	1	134	4
3	1	7	2	250	32
2	0	2	3	260	8
0	1	0	1	233	3
2	3	6	2	9	4
1	2	4	2	128	8
2	0	6	3	253	4
2	1	4	2	49	4
3	2	1	2	161	4
0	1	0	1	197	8
2	0	6	3	222	32
1	3	4	2	236	32
1	2	5	2	140	3
2	1	6	2	120	3
3	2	5	2	48	32
3	0	5	3	77	4
3	0	2	3	106	8
0	3	0	1	130	32
3	2	3	2	155	8
2	1	3	2	24	4
3	1	5	2	199	4
2	1	5	2	22	3
2	0	6	3	30	8
0	2	0	1	24	4
2	3	5	2	1	3
3	0	1	3	98	4
2	1	4	2	188	32
3	0	2	3	243	8
1	0	7	3	127	32
0	1	0	1	257	32
1	3	4	2	96	32
1	3	6	2	148	4
2	0	3	3	205	4
1	3	5	2	32	32
0	1	0	1	103	3
2	0	1	3	109	3
2	0	2	3	231	3
0	2	0	1	119	4
3	1	7	2	71	32
3	1	1	2	242	32
3	2	6	2	225	3
2	1	6	2	217	4
3	2	6	2	28	8
2	1	4	2	285	32
2	1	2	2	28	32
3	1	4	2	162	8
3	2	4	2	114	4
3	2	2	2	155	32
2	0	2	3	131	32
1	3	7	2	231	3
1	2	4	2	29	8
1	3	5	2	196	8
2	3	4	2	40	4
1	2	5	2	166	4
3	0	4	3	75	4
0	1	0	1	302	8
0	3	0	1	282	8
1	2	6	2	97	4
3	1	5	2	220	32
0	1	0	1	260	8
3	2	3	2	102	32
1	2	2	2	216	8
2	3	5	2	148	4
2	0	6	3	165	8
1	0	1	3	80	8
0	1	0	1	148	8
0	2	0	1	244	4
0	1	0	1	117	8
2	1	6	2	48	32
1	0	7	3	288	4
0	3	0	1	145	3
3	2	2	2	134	4
1	2	7	2	262	32
3	0	1	3	72	8
0	1	0	1	234	8
1	0	6	3	157	3
0	2	0	1	178	8
3	0	2	3	28	8
3	0	4	3	141	8
0	1	0	1	21	4
3	1	3	2	21	8
1	2	1	2	290	8
0	3	0	1	311	8
0	3	0	1	167	32
0	1	0	1	236	3
2	3	7	2	110	3
0	1	0	1	29	4
3	0	5	3	299	4
0	3	0	1	12	32
2	3	6	2	127	4
2	0	2	3	276	3
3	1	2	2	252	4
0	1	0	1	124	3
0	1	0	1	86	4
1	3	6	2	43	3
2	3	2	2	261	32
2	1	1	2	7	32
0	3	0	1	67	4
2	0	6	3	77	4
0	1	0	1	109	4
0	2	0	1	162	3
0	1	0	1	268	3
0	2	0	1	69	3
3	1	3	2	201	3
1	2	6	2	203	3
3	1	4	2	51	8
3	0	3	3	153	8
3	2	2	2	31	4
0	3	0	1	264	4
2	1	7	2	70	32
3	2	2	2	77	4
2	0	3	3	219	8
2	1	2	2	271	32
0	2	0	1	149	3
0	1	0	1	11	4
0	2	0	1	71	8
0	3	0	1	170	8
2	0	7	3	245	32
2	3	3	2	151	32
2	0	2	3	211	3
2	3	2	2	258	3
2	0	7	3	257	32
3	1	6	2	62	8
3	0	5	3	262	4
1	0	6	3	272	4
0	3	0	1	102	32
2	1	7	2	194	8
0	2	0	1	23	8
3	2	2	2	28	3
3	1	7	2	67	3
1	2	7	2	101	8
3	1	6	2	271	4
2	0	7	3	292	3
0	1	0	1	159	3
2	0	7	3	182	32
0	1	0	1	60	8
1	0	1	3	203	8
1	3	3	2	45	8
0	3	0	1	75	4
1	0	1	3	116	8
3	0	3	3	137	3
1	0	6	3	179	3
3	0	4	3	28	8
1	3	1	2	137	32
2	1	3	2	222	3
2	0	6	3	177	8
1	3	4	2	300	4
0	3	0	1	159	32
3	1	3	2	97	3
3	2	6	2	121	4
0	1	0	1	66	32
2	0	6	3	53	32
3	0	4	3	39	4
1	3	2	2	233	4
3	2	6	2	133	3
3	2	7	2	27	3
3	2	4	2	298	8
2	1	1	2	185	3
1	3	5	2	154	3
2	1	2	2	236	32
1	2	6	2	45	3
2	3	7	2	4	32
0	1	0	1	137	32
2	3	2	2	31	4
3	1	7	2	276	4
2	3	6	2	185	32
0	2	0	1	150	32
2	3	4	2	48	4
2	3	1	2	227	3
0	2	0	1	91	3
2	3	7	2	18	3
2	3	7	2	217	4
3	1	2	2	27	8
2	1	2	2	253	4
3	0	1	3	31	8
3	2	6	2	64	8
1	0	5	3	24	4
2	1	5	2	115	32
1	0	7	3	139	3
2	1	3	2	303	3
1	3	6	2	166	4
3	0	1	3	72	3
0	2	0	1	140	4
2	3	7	2	308	4
2	0	6	3	139	4
2	1	4	2	73	4
1	2	2	2	82	4
2	1	4	2	245	3
1	2	1	2	145	32
0	3	0	1	293	4
2	3	4	2	33	32
3	0	2	3	286	3
1	3	7	2	217	3
2	3	1	2	80	3
2	1	3	2	305	8
1	3	3	2	149	4
1	0	1	3	48	3
0	3	0	1	259	8
1	0	1	3	91	32
3	1	5	2	228	8
3	1	6	2	262	8
0	3	0	1	199	8
0	2	0	1	283	3
1	2	2	2	96	8
0	3	0	1	71	3
2	3	4	2	22	8
0	2	0	1	153	4
3	1	3	2	214	4
3	1	1	2	11	8
1	0	5	3	214	4
2	0	7	3	33	32
1	0	7	3	108	32
1	2	3	2	88	32
2	0	7	3	279	32
3	0	3	3	229	3
1	3	4	2	28	3
2	1	5	2	81	32
1	0	6	3	253	4
0	1	0	1	23	32
0	1	0	1	95	8
1	3	5	2	134	4
2	0	2	3	69	4
2	0	7	3	2	3
3	1	2	2	216	32
1	0	1	3	224	32
2	0	3	3	28	4
3	1	7	2	176	4
2	3	5	2	215	4
3	2	2	2	165	32
0	3	0	1	129	8
2	3	5	2	108	4
1	2	7	2	3	32
1	3	4	2	99	4
2	0	1	3	7	4
3	0	2	3	124	3
1	3	6	2	239	32
0	1	0	1	127	3
2	3	4	2	71	32
3	1	5	2	243	3
2	1	4	2	59	32
3	0	5	3	125	8
1	2	6	2	209	32
0	2	0	1	51	8
0	3	0	1	150	32
0	3	0	1	284	32
1	0	6	3	203	3
1	2	7	2	102	32
1	0	6	3	88	8
0	3	0	1	229	8
2	0	1	3	127	3
3	1	6	2	20	32
0	1	0	1	253	4
3	2	6	2	141	4
1	0	6	3	88	32
1	3	4	2	284	8
3	1	6	2	39	4
2	1	2	2	212	3
0	1	0	1	20	4
0	3	0	1	286	3
3	2	4	2	133	32
2	1	1	2	5	4
1	2	1	2	158	3
2	0	3	3	188	4
3	1	1	2	20	32
0	1	0	1	254	3
2	3	6	2	8	4
3	0	2	3	53	3
3	1	7	2	34	4
0	2	0	1	194	32
0	1	0	1	8	4
1	2	7	2	315	3
3	1	3	2	192	4
3	0	5	3	84	8
1	0	1	3	170	8
2	0	2	3	309	3
2	1	1	2	61	8
3	1	7	2	151	8
3	0	1	3	167	4
0	2	0	1	22	8
0	2	0	1	293	8
2	1	1	2	218	8
3	0	4	3	220	32
2	3	4	2	47	3
2	0	1	3	260	8
2	0	1	3	312	8
3	1	6	2	4	8
1	3	5	2	224	4
3	1	2	2	102	32
2	1	1	2	164	4
3	2	3	2	158	4
2	3	3	2	269	3
2	1	1	2	171	3
2	1	3	2	113	4
1	3	1	2	316	4
1	2	1	2	285	8
1	3	2	2	243	8
0	1	0	1	131	32
2	0	7	3	33	32
0	1	0	1	58	32
3	0	2	3	212	4
0	2	0	1	229	4
3	1	3	2	236	32
1	3	2	2	59	4
0	2	0	1	291	4
1	0	6	3	25	4
3	1	1	2	59	4
2	3	2	2	123	32
0	2	0	1	58	4
2	0	3	3	248	32
0	1	0	1	293	4
1	0	6	3	86	4
2	0	2	3	31	32
1	2	2	2	130	8
1	2	5	2	275	3
3	1	6	2	202	4
0	1	0	1	19	3
3	0	4	3	193	32
0	1	0	1	282	8
2	1	6	2	131	3
0	2	0	1	186	8
2	0	2	3	178	32
1	3	2	2	96	8
3	2	2	2	210	32
3	0	1	3	13	4
0	2	0	1	144	8
1	0	5	3	277	4
0	3	0	1	185	4
1	0	7	3	220	3
1	2	4	2	215	8
1	2	3	2	131	4
1	3	3	2	138	32
2	3	7	2	248	3
1	3	5	2	182	8
2	0	6	3	230	3
2	0	3	3	165	32
1	3	2	2	6	3
3	1	6	2	155	4
3	0	4	3	196	3
0	1	0	1	121	32
1	2	5	2	96	3
0	1	0	1	40	8
0	2	0	1	136	32
0	3	0	1	102	32
3	2	4	2	167	4
1	2	7	2	7	8
2	0	7	3	304	4
2	1	3	2	273	8
1	0	6	3	129	3
2	1	4	2	0	4
2	1	2	2	42	3
1	2	2	2	131	3
1	3	2	2	65	3
3	2	2	2	70	3
2	3	2	2	299	3
0	1	0	1	279	4
3	1	4	2	306	4
2	0	3	3	300	3
3	1	1	2	13	8
3	0	3	3	9	3
2	0	3	3	134	32
1	0	4	3	78	3
0	1	0	1	124	32
0	1	0	1	125	8
3	2	1	2	190	4
2	0	1	3	60	32
2	1	2	2	78	8
0	2	0	1	274	4
1	3	1	2	123	4
2	1	5	2	105	32
0	1	0	1	211	8
3	2	6	2	226	3
2	1	5	2	246	4
0	2	0	1	271	32
1	2	2	2	91	8
3	0	1	3	268	8
0	1	0	1	276	32
2	0	6	3	67	3
2	3	6	2	183	8
1	2	1	2	223	32
1	0	5	3	18	3
0	3	0	1	62	3
2	0	6	3	196	32
1	2	6	2	75	32
0	1	0	1	278	4
1	0	4	3	93	3
2	3	4	2	183	32
2	1	1	2	190	4
3	2	7	2	245	4
2	0	2	3	202	8
0	3	0	1	225	32
2	3	2	2	167	32
1	0	4	3	58	32
0	2	0	1	219	32
0	1	0	1	107	32
3	0	3	3	305	4
0	3	0	1	251	8
3	1	1	2	29	8
2	0	6	3	125	3
3	2	1	2	126	32
3	2	3	2	153	4
1	2	1	2	274	8
2	0	1	3	159	32
0	1	0	1	293	4
0	3	0	1	1	3
1	0	4	3	180	32
1	3	6	2	179	3
3	1	7	2	279	8
3	2	2	2	148	32
2	1	7	2	110	8
0	1	0	1	251	32
0	1	0	1	139	3
3	0	5	3	254	4
1	3	2	2	173	4
3	2	3	2	201	32
2	3	1	2	249	32
2	1	6	2	252	8
3	1	4	2	283	3
2	3	4	2	119	32
0	1	0	1	250	32
1	3	1	2	57	8
3	1	3	2	18	8
1	3	5	2	7	32
1	3	2	2	109	8
3	2	5	2	180	32
1	3	2	2	54	8
0	3	0	1	310	8
0	3	0	1	155	3
2	3	7	2	212	4
1	2	6	2	14	32
3	0	5	3	158	4
2	1	2	2	264	8
2	3	5	2	235	32
2	1	6	2	169	32
3	0	3	3	307	3
3	2	4	2	45	4
0	3	0	1	259	3
2	1	2	2	96	4
0	1	0	1	234	8
3	0	5	3	98	3
2	3	7	2	136	8
3	1	7	2	106	8
0	3	0	1	90	8
2	1	7	2	85	8
3	0	5	3	274	3
2	3	7	2	160	4
0	3	0	1	188	3
1	3	3	2	119	8
3	2	7	2	153	8
3	1	6	2	241	3
1	0	6	3	217	32
3	1	1	2	229	32
3	0	4	3	58	32
0	1	0	1	108	4
0	1	0	1	117	3
3	1	2	2	104	4
3	2	1	2	38	8
3	0	3	3	136	4
3	1	2	2	222	8
2	3	2	2	102	8
3	0	3	3	57	3
1	0	1	3	220	8
1	3	5	2	32	4
1	0	6	3	208	3
3	1	2	2	192	4
2	0	3	3	243	8
3	0	2	3	87	32
1	3	1	2	212	3
2	3	2	2	164	4
1	3	3	2	57	32
0	1	0	1	217	8
3	0	3	3	33	4
0	1	0	1	131	3
2	3	4	2	36	8
2	1	4	2	203	3
1	3	3	2	9	4
2	3	4	2	10	4
2	3	4	2	308	4
3	2	1	2	172	3
2	0	7	3	228	4
2	1	2	2	74	4
2	1	2	2	270	4
3	1	6	2	199	32
0	2	0	1	234	8
2	3	1	2	122	3
3	2	6	2	135	8
2	3	2	2	73	32
2	1	6	2	29	8
3	0	3	3	137	8
2	1	5	2	120	8
0	2	0	1	13	32
3	2	1	2	198	3
1	0	4	3	7	8
1	3	5	2	210	32
1	3	5	2	43	8
1	0	1	3	288	3
0	3	0	1	195	4
1	0	6	3	67	32
0	2	0	1	134	3
3	1	7	2	72	32
2	0	7	3	288	4
3	2	7	2	124	8
1	2	1	2	296	3
3	2	5	2	49	32
1	0	5	3	208	32
3	2	5	2	165	8
0	2	0	1	126	8
1	0	4	3	36	4
3	2	3	2	183	4
1	3	4	2	249	8
1	0	1	3	52	32
3	1	6	2	36	8
0	2	0	1	205	4
2	0	2	3	55	4
0	2	0	1	114	3
0	2	0	1	267	32
1	3	1	2	104	8
0	1	0	1	108	8
3	0	1	3	97	8
3	2	4	2	184	3
0	2	0	1	57	3
3	1	6	2	98	32
2	0	6	3	64	4
1	2	7	2	187	8
3	0	4	3	135	8
0	2	0	1	87	32
0	1	0	1	136	32
0	1	0	1	199	3
2	0	7	3	102	32
3	1	2	2	196	8
0	1	0	1	68	4
0	1	0	1	98	4
1	3	1	2	299	8
2	3	5	2	169	8
3	1	4	2	301	3
0	3	0	1	286	4
0	1	0	1	288	4
2	3	4	2	85	32
3	1	1	2	266	8
1	2	4	2	280	8
2	1	7	2	262	4
3	2	1	2	221	4
1	0	6	3	162	3
0	1	0	1	68	4
0	3	0	1	57	3
3	1	5	2	47	3
3	1	7	2	82	32
1	2	2	2	272	3
2	1	4	2	215	32
1	0	1	3	48	3
1	2	1	2	191	32
0	2	0	1	149	8
2	3	1	2	270	8
2	0	2	3	5	3
3	2	7	2	197	4
1	0	1	3	266	8
3	2	7	2	159	3
0	3	0	1	45	3
0	1	0	1	259	4
2	3	1	2	312	8
2	0	3	3	107	8
1	3	1	2	175	8
3	0	5	3	15	8
2	0	2	3	155	32
1	3	7	2	102	32
2	0	7	3	77	8
0	2	0	1	19	3
3	1	4	2	276	4
1	2	5	2	258	8
2	0	7	3	97	8
1	0	7	3	80	32
2	0	7	3	205	4
0	1	0	1	125	8
3	2	5	2	200	4
0	1	0	1	99	32
3	2	6	2	136	3
3	1	4	2	224	32
1	3	2	2	235	32
0	2	0	1	162	32
1	3	4	2	239	8
3	2	5	2	241	3
3	1	7	2	37	8
1	2	2	2	134	32
3	1	3	2	38	4
3	2	7	2	125	8
2	3	1	2	42	8
2	3	6	2	158	3
2	0	3	3	231	3
3	2	7	2	269	32
0	1	0	1	45	4
2	1	5	2	314	3
1	3	4	2	229	8
2	0	7	3	147	3
2	3	3	2	59	8
3	0	1	3	60	32
3	1	7	2	204	8
0	1	0	1	261	4
3	2	7	2	7	32
2	0	7	3	106	4
3	2	2	2	116	3
3	1	3	2	82	3
1	2	6	2	250	32
1	0	4	3	119	32
1	3	2	2	64	8
3	0	2	3	222	4
0	1	0	1	21	4
0	2	0	1	278	4
2	0	6	3	93	4
3	1	6	2	101	3
1	3	3	2	102	32
1	2	5	2	74	32
1	3	1	2	191	8
2	3	7	2	183	3
1	0	6	3	35	32
2	1	5	2	280	32
1	3	5	2	276	3
2	1	6	2	52	4
1	3	3	2	280	3
0	3	0	1	39	32
3	2	6	2	124	8
3	0	5	3	137	4
3	0	1	3	53	3
0	3	0	1	42	8
0	2	0	1	92	4
0	3	0	1	214	4
3	1	3	2	96	32
2	0	1	3	62	32
0	1	0	1	20	8
3	2	1	2	281	4
3	2	1	2	235	4
0	2	0	1	112	4
1	0	7	3	277	3
2	3	2	2	20	4
0	1	0	1	18	32
0	2	0	1	131	8
1	2	4	2	207	32
3	1	5	2	142	4
2	3	5	2	48	4
3	0	5	3	219	3
3	1	7	2	206	8
3	2	3	2	299	3
0	2	0	1	98	3
2	1	4	2	35	3
3	0	1	3	282	8
0	3	0	1	279	4
3	0	5	3	29	8
0	3	0	1	40	8
2	0	6	3	210	8
2	3	4	2	83	4
1	0	4	3	75	3
2	0	7	3	134	32
2	3	4	2	12	8
2	1	3	2	12	32
1	3	4	2	208	4
2	0	1	3	274	32
0	2	0	1	137	3
2	1	7	2	256	4
3	0	2	3	225	3
2	1	3	2	239	32
3	1	1	2	179	8
3	1	3	2	211	32
0	2	0	1	79	8
2	0	7	3	182	4
0	1	0	1	258	32
3	2	5	2	62	4
2	1	6	2	309	4
3	0	4	3	53	4
2	1	6	2	153	3
2	1	5	2	211	4
3	1	3	2	169	4
1	0	1	3	263	4
2	3	7	2	254	8
1	2	5	2	220	32
3	0	1	3	23	4
0	1	0	1	217	8
3	1	2	2	146	3
1	3	5	2	200	4
2	3	3	2	210	4
3	2	2	2	168	8
3	2	4	2	37	8
3	2	5	2	81	3
1	0	4	3	134	4
3	2	6	2	96	32
3	0	2	3	44	3
3	0	3	3	2	32
2	1	1	2	42	4
2	0	1	3	244	4
3	1	5	2	253	4
1	3	6	2	156	4
0	2	0	1	20	3
1	2	6	2	42	3
3	2	5	2	260	32
3	0	3	3	178	4
2	1	7	2	221	8
1	2	2	2	153	3
2	1	5	2	72	8
0	1	0	1	269	4
2	0	6	3	206	8
0	2	0	1	103	3
1	0	4	3	66	4
0	2	0	1	179	4
1	0	6	3	294	3
2	1	3	2	233	32
0	1	0	1	230	4
1	0	4	3	17	3
1	0	1	3	276	8
1	0	4	3	76	32
1	3	1	2	231	8
0	3	0	1	156	32
0	3	0	1	128	8
3	0	3	3	172	4
2	3	6	2	260	3
2	3	5	2	152	32
3	1	4	2	236	32
0	2	0	1	169	8
1	0	6	3	144	32
1	2	7	2	60	4
1	0	5	3	130	4
3	1	3	2	166	8
1	0	4	3	248	3
1	0	1	3	20	3
3	2	7	2	16	32
3	2	4	2	71	8
2	3	6	2	148	4
0	1	0	1	20	4
3	0	1	3	6	4
3	0	3	3	289	8
1	2	6	2	110	3
0	2	0	1	273	8
3	2	7	2	116	3
3	2	2	2	106	3
0	2	0	1	140	4
1	3	6	2	215	4
1	2	3	2	126	3
1	3	1	2	134	8
0	1	0	1	96	32
2	3	7	2	37	3
0	2	0	1	252	4
0	2	0	1	156	32
1	0	4	3	196	3
2	0	2	3	241	3
0	3	0	1	33	32
0	2	0	1	149	8
1	2	4	2	133	32
3	2	2	2	197	4
0	2	0	1	155	3
0	3	0	1	75	4
0	3	0	1	41	32
3	0	2	3	157	32
0	3	0	1	275	3
1	2	3	2	204	32
2	1	6	2	264	8
0	3	0	1	164	4
2	1	4	2	46	3
2	3	7	2	29	32
0	3	0	1	6	8
2	3	1	2	257	8
1	2	1	2	218	3
2	0	7	3	16	8
1	3	3	2	63	4
2	0	6	3	290	8
0	1	0	1	240	4
0	3	0	1	112	32
0	2	0	1	138	32
2	3	1	2	317	3
2	0	6	3	146	4
0	3	0	1	149	3
1	3	1	2	317	3
1	0	5	3	16	4
3	1	6	2	97	3
3	2	4	2	166	3
0	2	0	1	2	32
2	0	2	3	62	3
1	0	4	3	230	3
2	3	4	2	280	3
3	0	3	3	119	8
3	0	4	3	204	3
1	2	5	2	86	4
3	1	4	2	158	32
3	1	6	2	180	32
1	3	3	2	174	3
3	0	2	3	34	32
2	1	4	2	97	3
2	0	1	3	173	32
0	2	0	1	43	3
3	2	7	2	295	8
0	3	0	1	150	3
0	1	0	1	2	32
2	3	6	2	0	8
0	3	0	1	101	3
2	3	4	2	108	8
2	3	3	2	165	32
3	0	2	3	113	4
3	0	4	3	47	8
3	0	4	3	138	8
1	3	5	2	167	8
3	0	3	3	81	3
0	1	0	1	302	4
2	3	4	2	73	8
1	0	6	3	195	8
2	0	1	3	191	32
2	3	4	2	46	3
1	0	7	3	196	3
1	3	3	2	83	32
1	3	7	2	205	3
2	0	1	3	198	32
2	1	2	2	73	32
1	2	6	2	155	3
3	2	6	2	67	4
0	2	0	1	225	8
1	0	1	3	238	8
2	3	3	2	175	3
3	0	4	3	218	4
0	1	0	1	99	3
2	1	2	2	191	4
1	3	1	2	99	8
3	0	3	3	284	32
3	1	1	2	206	8
1	3	3	2	262	4
1	3	5	2	160	32
0	3	0	1	263	32
1	2	6	2	276	4
0	2	0	1	226	4
3	1	5	2	229	32
1	3	3	2	281	32
2	1	1	2	139	4
2	0	3	3	26	4
3	2	5	2	120	3
0	1	0	1	134	3
3	2	2	2	227	32
0	1	0	1	3	3
2	3	6	2	72	32
1	0	6	3	119	4
1	3	3	2	80	32
3	0	4	3	189	8
1	0	6	3	49	4
2	1	4	2	56	3
1	3	3	2	282	8
2	1	2	2	282	3
1	2	6	2	279	32
1	0	5	3	45	4
1	3	2	2	118	32
3	1	6	2	300	4
2	1	1	2	299	3
1	0	4	3	56	4
0	3	0	1	54	3
3	0	4	3	75	8
1	2	6	2	144	32
2	1	7	2	246	32
2	3	2	2	149	3
1	0	1	3	144	32
3	1	5	2	145	32
0	1	0	1	46	3
3	1	7	2	234	32
2	1	3	2	286	8
0	3	0	1	279	8
0	3	0	1	160	4
2	0	7	3	260	4
0	3	0	1	112	32
1	0	5	3	20	32
0	3	0	1	255	3
3	2	4	2	57	8
3	2	1	2	1	32
2	3	7	2	223	4
3	1	4	2	69	8
2	3	6	2	164	4
3	2	2	2	184	4
2	1	2	2	94	8
2	3	2	2	106	4
2	3	6	2	256	32
3	2	4	2	240	4
0	3	0	1	27	32
2	1	7	2	180	32
2	0	6	3	240	8
1	0	6	3	190	32
1	2	5	2	118	8
0	1	0	1	194	3
3	1	5	2	246	32
2	3	2	2	266	3
0	2	0	1	41	8
0	1	0	1	146	4
0	3	0	1	279	4
0	3	0	1	224	3
3	1	2	2	9	8
2	0	3	3	167	32
1	3	6	2	246	4
3	1	3	2	12	8
3	1	1	2	200	8
1	3	3	2	193	8
2	0	3	3	147	8
3	0	5	3	161	3
0	1	0	1	150	32
3	0	2	3	197	3
0	2	0	1	209	32
3	2	7	2	76	3
3	1	1	2	292	8
1	2	5	2	151	4
1	2	6	2	279	32
1	0	7	3	132	32
3	2	6	2	128	32
1	0	5	3	34	4
3	0	5	3	196	8
1	3	5	2	252	8
0	1	0	1	281	32
0	1	0	1	12	3
1	3	6	2	113	4
0	2	0	1	69	32
2	0	7	3	244	3
1	2	1	2	72	3
2	3	6	2	90	32
1	2	1	2	8	8
2	3	2	2	53	4
1	3	3	2	13	32
3	1	7	2	18	32
0	1	0	1	37	4
2	1	1	2	215	4
0	1	0	1	242	3
1	2	1	2	265	32
3	1	7	2	10	32
2	1	6	2	63	3
1	0	5	3	241	8
2	3	4	2	120	32
0	2	0	1	42	32
3	1	2	2	134	3
0	1	0	1	170	32
1	3	4	2	58	3
3	1	1	2	137	32
1	0	5	3	145	4
1	0	1	3	123	3
0	1	0	1	171	32
2	1	7	2	316	3
0	2	0	1	212	32
0	2	0	1	202	3
1	2	5	2	173	3
2	1	2	2	146	8
1	3	6	2	208	32
2	1	2	2	107	32
1	2	6	2	268	3
2	0	2	3	61	32
3	2	3	2	40	3
0	2	0	1	262	32
2	3	1	2	111	8
2	3	3	2	18	4
2	0	6	3	48	4
0	1	0	1	207	8
1	0	1	3	9	4
3	0	4	3	48	4
1	0	4	3	10	32
1	3	7	2	109	32
0	3	0	1	72	4
0	3	0	1	310	3
1	2	5	2	226	3
0	2	0	1	192	8
1	2	3	2	194	3
3	0	3	3	269	32
1	0	5	3	260	4
1	0	5	3	185	4
2	0	3	3	288	32
0	2	0	1	12	32
0	2	0	1	33	4
2	3	2	2	292	8
0	3	0	1	8	32
3	2	1	2	26	8
3	2	3	2	305	3
3	1	4	2	126	32
1	0	5	3	27	4
3	2	4	2	146	3
2	1	5	2	22	32
3	1	3	2	58	8
2	3	6	2	234	4
0	3	0	1	15	8
1	2	7	2	254	3
3	2	1	2	149	3
1	3	4	2	245	32
1	3	4	2	149	32
0	1	0	1	271	3
3	1	2	2	97	4
3	2	3	2	215	3
1	0	4	3	79	3
2	3	5	2	265	4
0	3	0	1	18	3
0	1	0	1	178	3
0	3	0	1	220	8
0	3	0	1	39	4
2	3	2	2	59	4
3	1	4	2	27	4
3	0	2	3	181	8
2	0	1	3	158	8
0	3	0	1	201	32
2	1	7	2	296	3
0	3	0	1	150	4
3	0	5	3	109	32
3	0	4	3	73	32
0	3	0	1	239	8
2	3	7	2	233	8
0	3	0	1	251	4
1	0	4	3	231	32
3	1	3	2	75	8
0	1	0	1	257	3
0	3	0	1	299	8
2	3	1	2	52	3
2	0	7	3	98	3
1	0	7	3	40	4
2	3	1	2	76	4
3	0	2	3	147	4
0	2	0	1	112	8
2	1	2	2	244	32
2	0	1	3	96	3
2	0	7	3	229	8
2	1	1	2	53	3
2	1	1	2	285	4
0	1	0	1	99	4
3	0	4	3	19	8
2	3	6	2	241	3
2	1	5	2	9	3
2	0	1	3	177	8
1	2	2	2	199	32
1	2	3	2	243	32
2	3	6	2	235	32
1	3	5	2	298	8
1	2	7	2	20	32
0	1	0	1	12	8
2	1	2	2	292	3
2	1	7	2	310	4
0	2	0	1	73	32
2	3	7	2	17	8
1	0	7	3	226	8
2	0	6	3	206	8
2	3	6	2	46	8
1	3	6	2	238	4
3	0	2	3	189	8
1	2	4	2	241	4
3	0	4	3	231	32
2	0	6	3	304	8
3	1	3	2	185	3
2	3	4	2	125	3
0	2	0	1	197	3
3	0	1	3	124	8
1	0	4	3	39	32
2	1	1	2	17	32
0	2	0	1	94	8
2	0	7	3	6	8
0	3	0	1	313	4
3	1	1	2	144	32
0	1	0	1	209	3
2	3	6	2	33	32
0	2	0	1	74	32
1	3	3	2	57	3
2	0	3	3	187	4
1	0	1	3	93	4
1	3	7	2	122	8
1	3	2	2	48	4
3	2	3	2	125	4
1	3	7	2	120	8
2	3	5	2	112	3
0	1	0	1	19	3
3	2	3	2	149	8
3	2	4	2	1	3
2	0	2	3	194	3
3	2	2	2	110	8
3	2	3	2	275	8
3	2	2	2	269	32
1	2	7	2	294	4
3	0	2	3	301	4
2	1	3	2	161	32
0	3	0	1	267	3
2	3	4	2	186	4
2	1	5	2	26	32
3	1	2	2	94	8
1	3	7	2	122	4
2	1	3	2	89	8
3	0	4	3	130	32
1	3	5	2	170	8
0	1	0	1	100	4
3	2	1	2	128	3
2	0	1	3	256	8
1	2	6	2	246	8
2	3	6	2	254	32
2	1	1	2	252	8
1	0	6	3	287	8
3	1	6	2	204	32
0	1	0	1	53	8
1	0	4	3	12	3
3	0	3	3	212	4
1	0	7	3	211	8
2	0	7	3	232	4
2	3	6	2	3	3
0	3	0	1	272	3
1	2	7	2	24	32
1	0	1	3	4	8
3	2	1	2	159	32
1	3	3	2	39	32
0	2	0	1	170	32
3	0	1	3	276	32
1	2	3	2	49	8
2	0	2	3	121	3
2	0	7	3	183	32
0	2	0	1	301	4
0	1	0	1	70	8
0	1	0	1	280	8
1	2	4	2	147	8
3	2	6	2	51	8
0	2	0	1	150	4
2	1	3	2	64	4
1	2	3	2	27	4
2	1	2	2	239	4
2	1	6	2	110	32
3	1	5	2	29	32
3	0	1	3	143	4
3	1	1	2	222	3
1	2	7	2	264	32
1	0	6	3	310	3
1	0	4	3	252	8
2	0	7	3	116	4
1	2	4	2	303	8
3	1	1	2	242	4
1	3	6	2	121	3
0	1	0	1	241	32
0	1	0	1	245	8
0	2	0	1	58	32
0	2	0	1	217	32
0	1	0	1	212	4
3	1	2	2	258	8
3	0	3	3	89	32
1	2	4	2	232	32
1	3	3	2	46	3
1	2	7	2	254	32
1	2	2	2	161	8
3	0	2	3	282	8
3	0	5	3	74	32
2	0	7	3	174	3
3	2	2	2	183	4
3	2	6	2	38	8
1	2	6	2	193	32
0	2	0	1	262	4
2	1	5	2	25	32
1	3	7	2	294	4
0	1	0	1	87	4
0	3	0	1	182	3
2	0	2	3	296	8
3	0	2	3	212	8
0	1	0	1	101	3
2	1	3	2	300	3
2	1	4	2	254	8
1	3	2	2	274	8
1	0	4	3	65	8
3	0	4	3	114	3
0	3	0	1	209	8
2	1	1	2	174	32
3	1	3	2	208	8
1	3	4	2	48	8
3	1	7	2	180	32
3	2	7	2	16	4
2	3	4	2	300	3
2	0	2	3	34	4
2	1	2	2	84	8
2	0	1	3	95	8
3	0	3	3	228	3
2	3	6	2	62	4
1	2	3	2	250	32
0	3	0	1	4	8
1	3	5	2	154	4
0	1	0	1	316	3
2	0	2	3	281	3
3	0	4	3	121	4
0	2	0	1	11	3
0	1	0	1	11	4
1	0	1	3	159	3
0	2	0	1	62	3
3	1	2	2	104	4
2	1	1	2	219	8
1	2	6	2	79	3
3	2	4	2	190	8
2	1	2	2	195	32
1	3	6	2	280	4
3	1	7	2	79	3
1	3	5	2	274	4
3	0	3	3	71	32
2	1	4	2	5	4
2	3	5	2	12	8
3	1	7	2	183	4
3	0	3	3	36	3
3	1	1	2	230	32
3	0	5	3	12	8
2	0	2	3	12	32
2	1	7	2	122	4
0	1	0	1	272	32
1	2	5	2	162	32
3	0	3	3	229	4
2	1	4	2	302	8
3	0	4	3	4	4
3	2	6	2	308	4
0	2	0	1	27	32
3	2	3	2	29	8
1	3	4	2	43	3
3	2	4	2	93	4
0	3	0	1	269	4
2	0	2	3	283	3
0	2	0	1	180	8
3	0	5	3	123	4
1	0	7	3	154	8
2	0	2	3	190	32
2	3	6	2	3	3
3	0	5	3	200	32
1	2	4	2	200	3
3	1	7	2	50	4
1	3	1	2	262	8
1	2	7	2	133	32
3	1	4	2	310	3
0	1	0	1	273	32
2	1	5	2	76	32
3	1	3	2	57	32
1	3	7	2	157	4
1	0	7	3	241	3
2	3	6	2	23	32
3	0	4	3	227	3
3	2	1	2	199	32
3	0	3	3	109	4
2	0	3	3	70	4
0	1	0	1	133	4
0	2	0	1	0	8
3	0	2	3	238	32
3	0	3	3	165	3
0	1	0	1	104	8
0	1	0	1	119	3
2	1	4	2	27	8
1	2	2	2	252	4
0	1	0	1	276	8
1	3	3	2	61	8
1	3	7	2	236	3
0	2	0	1	101	3
3	0	2	3	81	32
3	2	1	2	81	4
2	0	7	3	229	32
1	0	5	3	90	3
0	3	0	1	179	8
0	1	0	1	58	3
0	3	0	1	86	4
3	2	1	2	18	32
1	3	3	2	229	3
1	2	7	2	224	3
0	1	0	1	198	4
2	1	2	2	297	3
1	2	2	2	16	3
1	2	5	2	91	32
3	2	1	2	250	8
0	1	0	1	263	8
1	2	1	2	295	8
2	0	3	3	95	3
1	2	4	2	4	4
1	2	7	2	199	8
2	0	3	3	36	8
2	0	6	3	64	4
2	1	7	2	143	3
3	0	4	3	83	8
1	3	1	2	9	4
0	3	0	1	199	32
0	1	0	1	119	4
3	0	3	3	98	4
3	1	6	2	281	8
0	2	0	1	154	4
1	2	6	2	42	4
2	0	7	3	146	32
1	3	1	2	71	8
0	1	0	1	247	3
1	0	6	3	221	3
2	0	6	3	238	32
0	2	0	1	129	3
2	3	1	2	137	3
1	2	4	2	85	32
2	3	4	2	230	8
2	1	6	2	24	8
1	0	5	3	144	4
0	2	0	1	208	3
3	1	4	2	174	32
1	3	3	2	252	8
1	0	6	3	114	4
0	2	0	1	83	32
1	0	4	3	116	32
3	2	3	2	239	3
0	3	0	1	224	8
0	1	0	1	80	8
2	1	3	2	281	3
2	0	6	3	3	8
1	2	2	2	151	8
2	1	2	2	24	32
0	1	0	1	40	4
2	0	3	3	262	4
1	0	6	3	0	8
1	0	5	3	60	32
1	3	3	2	46	8
1	3	3	2	111	8
2	0	1	3	178	4
2	3	7	2	197	8
3	2	6	2	68	3
3	1	7	2	71	8
0	1	0	1	6	3
3	0	5	3	104	4
0	3	0	1	219	3
3	2	5	2	11	4
2	0	1	3	162	8
0	3	0	1	20	32
2	3	7	2	4	8
3	0	2	3	17	3
2	0	3	3	310	8
1	3	6	2	188	8
2	0	6	3	207	4
3	0	2	3	106	3
0	3	0	1	58	8
1	0	1	3	311	4
2	1	2	2	248	32
1	3	7	2	313	4
0	1	0	1	100	3
1	2	5	2	231	8
2	0	2	3	50	32
1	0	1	3	229	32
0	2	0	1	279	8
2	3	4	2	108	8
1	2	4	2	149	32
1	0	5	3	225	4
2	0	6	3	28	4
2	3	6	2	222	8
2	0	7	3	76	8
0	1	0	1	83	4
2	0	1	3	142	4
3	1	7	2	112	3
0	1	0	1	65	4
0	3	0	1	258	3
0	1	0	1	272	8
1	3	7	2	192	32
2	1	2	2	265	4
0	2	0	1	161	3
1	2	3	2	60	3
0	3	0	1	170	4
0	3	0	1	105	8
2	3	4	2	101	32
1	2	4	2	154	4
2	3	4	2	227	8
2	0	2	3	160	32
2	1	1	2	288	8
3	1	7	2	231	3
3	2	7	2	63	8
3	2	7	2	194	8
0	3	0	1	275	8
3	0	4	3	201	8
1	2	7	2	40	4
0	2	0	1	83	4
1	0	4	3	163	32
0	1	0	1	168	3
3	2	3	2	87	8
0	3	0	1	261	3
0	3	0	1	228	4
3	2	7	2	13	32
2	0	7	3	126	3
2	0	3	3	273	8
0	3	0	1	110	4
3	1	1	2	190	8
0	2	0	1	288	4
0	3	0	1	61	4
0	1	0	1	54	32
3	0	1	3	113	32
3	0	1	3	207	8
3	2	6	2	125	8
2	0	3	3	55	3
0	2	0	1	53	32
3	0	2	3	109	8
0	3	0	1	6	32
3	1	2	2	93	32
3	1	2	2	49	8
0	2	0	1	248	3
3	2	4	2	92	4
0	1	0	1	277	3
2	1	6	2	73	3
1	2	1	2	193	8
2	0	7	3	61	32
0	2	0	1	92	32
0	2	0	1	20	4
2	1	7	2	178	3
2	0	1	3	58	3
3	1	7	2	42	3
3	1	2	2	183	8
2	3	4	2	104	4
0	3	0	1	36	3
3	1	1	2	184	32
1	2	3	2	14	4
3	0	2	3	281	32
1	3	2	2	189	3
1	3	4	2	37	32
0	1	0	1	88	8
3	2	4	2	71	8
2	3	3	2	50	4
1	3	3	2	119	32
3	0	5	3	104	32
3	1	3	2	45	4
0	3	0	1	159	4
0	3	0	1	270	8
1	2	5	2	238	8
3	1	3	2	287	4
1	2	3	2	223	8
0	3	0	1	79	4
0	3	0	1	140	3
1	2	3	2	221	32
2	0	7	3	114	32
3	1	7	2	19	32
0	1	0	1	187	3
3	2	2	2	161	3
2	1	6	2	68	4
1	0	5	3	181	32
3	2	7	2	149	8
2	1	2	2	286	4
3	2	6	2	194	3
1	2	2	2	178	32
1	2	3	2	205	32
3	2	6	2	308	4
3	0	1	3	36	8
3	0	5	3	276	4
0	3	0	1	55	8
