1node1	2node2	3port	4operation	5startwave	6bandwidth
2	3	1	2	137	3
2	1	4	2	314	3
3	0	1	3	284	3
1	3	7	2	203	3
3	2	2	2	102	3
0	1	0	1	224	2
1	3	1	2	46	3
3	1	3	2	104	3
0	3	0	1	234	2
1	2	3	2	307	1
2	3	2	2	192	2
1	0	7	3	15	3
1	2	5	2	153	1
2	3	4	2	165	3
1	0	6	3	138	2
0	3	0	1	220	3
0	2	0	1	12	3
1	3	2	2	176	2
3	0	4	3	121	2
0	1	0	1	208	3
1	0	6	3	251	2
3	2	2	2	251	3
0	2	0	1	306	1
0	2	0	1	298	1
2	3	2	2	300	1
1	0	4	3	304	2
3	0	5	3	132	3
3	0	1	3	73	1
2	3	4	2	59	2
1	0	6	3	175	3
1	3	4	2	250	2
1	3	5	2	211	3
3	0	5	3	234	2
2	0	3	3	214	3
2	3	7	2	250	1
0	2	0	1	140	3
1	2	1	2	279	2
1	3	1	2	33	2
0	3	0	1	73	2
2	0	6	3	142	1
0	1	0	1	75	1
0	3	0	1	314	3
0	1	0	1	110	2
2	1	1	2	116	3
1	2	2	2	114	2
0	2	0	1	122	1
1	2	2	2	228	3
1	0	4	3	24	2
3	1	4	2	124	2
2	3	5	2	174	3
3	0	4	3	263	1
2	3	5	2	299	1
2	1	2	2	229	3
2	1	3	2	20	2
3	2	2	2	298	2
1	2	1	2	100	2
1	3	7	2	82	3
3	1	3	2	32	2
1	0	1	3	83	1
2	0	3	3	289	2
1	2	5	2	23	1
3	0	4	3	152	3
2	3	7	2	171	3
2	1	4	2	143	1
1	3	3	2	139	2
2	3	4	2	117	3
1	3	4	2	144	3
2	3	6	2	179	2
3	2	6	2	111	1
0	2	0	1	203	3
1	0	1	3	182	1
1	0	1	3	196	3
0	2	0	1	119	3
3	2	2	2	16	1
2	3	7	2	10	1
0	3	0	1	77	2
3	1	4	2	91	2
2	0	2	3	172	1
3	2	3	2	4	3
1	3	6	2	282	3
1	2	4	2	140	2
1	0	7	3	111	3
3	2	2	2	266	3
0	2	0	1	124	1
3	0	2	3	166	1
3	2	4	2	110	2
3	0	2	3	32	3
3	2	4	2	256	1
1	3	5	2	297	2
1	0	4	3	120	2
0	2	0	1	138	1
0	1	0	1	294	3
3	0	3	3	2	2
0	2	0	1	283	1
0	2	0	1	225	2
3	2	1	2	207	1
3	2	2	2	55	2
0	3	0	1	209	1
0	3	0	1	294	3
1	3	6	2	31	1
2	0	3	3	239	1
3	0	3	3	46	3
1	3	1	2	177	3
1	0	7	3	178	2
2	3	3	2	60	3
3	2	6	2	64	1
3	2	7	2	236	1
2	0	6	3	305	2
2	1	2	2	120	1
1	3	2	2	62	1
3	2	5	2	241	2
1	2	6	2	10	2
2	3	4	2	88	2
2	3	6	2	223	1
3	0	2	3	246	2
1	2	7	2	97	1
3	1	1	2	314	2
2	1	7	2	253	3
2	1	2	2	140	2
0	1	0	1	70	3
1	3	3	2	133	3
2	3	4	2	87	1
3	0	4	3	215	3
2	0	1	3	225	2
1	2	3	2	132	2
2	0	2	3	39	1
0	3	0	1	171	3
3	0	2	3	43	3
0	3	0	1	247	3
0	3	0	1	193	2
0	3	0	1	146	3
1	3	1	2	231	3
3	2	3	2	207	3
2	1	5	2	183	3
0	1	0	1	47	3
3	2	5	2	206	3
3	1	7	2	189	3
1	2	7	2	157	3
3	1	3	2	193	3
2	1	5	2	230	2
2	0	7	3	108	2
3	2	3	2	273	1
3	0	1	3	129	3
0	3	0	1	194	3
0	1	0	1	303	2
1	3	3	2	52	2
2	1	6	2	140	1
0	3	0	1	118	1
0	2	0	1	294	1
3	0	1	3	278	1
3	1	2	2	45	1
0	2	0	1	310	3
0	2	0	1	127	1
3	0	5	3	197	2
0	3	0	1	251	3
3	1	2	2	232	1
3	0	2	3	291	2
3	2	5	2	197	2
2	1	2	2	176	3
3	1	1	2	42	3
0	2	0	1	99	3
0	1	0	1	274	3
3	2	5	2	174	2
2	3	3	2	19	2
1	2	1	2	27	2
3	2	3	2	317	1
1	3	3	2	47	3
2	0	6	3	148	3
1	0	1	3	98	3
2	1	2	2	2	2
3	0	5	3	16	1
1	2	6	2	152	1
1	2	4	2	158	2
1	3	3	2	109	1
3	2	4	2	49	2
3	2	5	2	283	1
2	1	6	2	251	2
0	2	0	1	174	2
2	0	7	3	295	1
1	2	1	2	32	2
3	0	5	3	140	3
2	1	3	2	8	3
3	2	3	2	104	2
0	1	0	1	214	1
1	3	2	2	284	2
1	0	1	3	171	2
1	0	4	3	192	1
0	2	0	1	144	3
0	2	0	1	213	2
0	1	0	1	314	3
1	0	4	3	2	2
2	3	5	2	208	1
1	0	1	3	225	2
1	2	5	2	219	3
1	0	6	3	37	2
2	3	1	2	275	1
2	1	4	2	199	1
1	0	1	3	304	3
0	1	0	1	182	3
3	2	1	2	291	1
0	3	0	1	232	3
2	1	6	2	85	2
2	1	1	2	80	2
3	0	2	3	212	3
3	1	5	2	132	1
3	2	5	2	226	2
1	3	1	2	296	1
0	3	0	1	193	1
2	3	7	2	179	2
2	0	7	3	250	1
1	0	4	3	140	1
2	1	4	2	237	1
3	1	2	2	123	3
0	3	0	1	225	3
0	3	0	1	162	3
2	1	5	2	285	1
0	1	0	1	272	1
3	0	3	3	17	3
1	2	6	2	30	1
3	1	5	2	211	2
2	1	4	2	141	3
2	0	1	3	105	3
2	3	1	2	49	1
1	0	6	3	79	3
3	2	6	2	310	3
0	3	0	1	196	1
3	1	3	2	165	2
2	0	1	3	105	2
1	2	4	2	277	3
0	3	0	1	145	2
0	2	0	1	34	1
1	0	1	3	86	2
2	1	3	2	315	1
0	2	0	1	165	2
2	1	4	2	173	2
2	0	6	3	119	1
0	3	0	1	43	1
1	2	7	2	231	3
3	0	5	3	62	2
2	1	3	2	308	1
3	2	5	2	205	3
0	1	0	1	78	2
2	3	5	2	263	3
2	0	2	3	165	1
2	0	1	3	272	1
2	0	3	3	61	3
2	0	6	3	271	3
2	1	2	2	230	3
3	0	4	3	101	2
0	2	0	1	275	1
2	1	5	2	81	1
0	2	0	1	69	3
0	2	0	1	313	2
1	0	7	3	262	1
2	1	2	2	290	1
0	2	0	1	285	2
2	3	4	2	305	2
1	2	7	2	314	2
0	3	0	1	82	1
1	2	1	2	174	2
3	2	5	2	9	3
0	1	0	1	143	2
2	3	3	2	227	3
0	1	0	1	306	2
0	3	0	1	43	2
2	0	2	3	24	3
3	2	2	2	86	2
0	2	0	1	29	2
0	2	0	1	287	1
2	3	6	2	317	2
0	1	0	1	65	2
3	0	4	3	245	2
3	1	4	2	202	1
2	0	6	3	303	3
3	1	1	2	174	1
2	1	6	2	65	3
3	2	2	2	106	2
0	2	0	1	297	1
1	0	6	3	64	2
2	1	6	2	197	3
2	0	3	3	33	3
1	2	2	2	99	2
3	2	5	2	151	3
2	1	1	2	79	3
2	3	4	2	313	3
0	1	0	1	62	1
0	3	0	1	250	1
2	0	1	3	48	2
0	1	0	1	171	3
1	0	6	3	248	1
0	2	0	1	126	3
0	3	0	1	42	3
3	1	7	2	249	2
3	0	3	3	105	1
2	1	7	2	42	3
3	1	1	2	175	1
0	3	0	1	248	2
2	0	3	3	149	1
3	2	5	2	23	1
0	3	0	1	126	2
1	3	1	2	87	2
0	2	0	1	70	2
2	3	7	2	88	3
2	3	4	2	148	2
3	2	6	2	128	3
2	1	6	2	270	3
2	1	2	2	264	1
0	3	0	1	87	2
0	2	0	1	114	2
1	3	2	2	31	1
0	2	0	1	125	3
2	3	3	2	127	3
3	1	6	2	142	1
1	0	6	3	298	1
3	0	3	3	164	3
1	2	1	2	223	1
1	2	3	2	90	2
3	1	1	2	14	1
3	0	3	3	111	3
3	1	3	2	148	1
0	1	0	1	171	1
0	3	0	1	130	1
1	2	2	2	118	1
3	0	2	3	82	3
3	2	6	2	169	3
3	1	3	2	155	3
0	2	0	1	14	2
0	3	0	1	305	1
2	0	1	3	130	3
3	1	4	2	309	3
3	2	2	2	294	2
3	0	1	3	153	1
3	2	5	2	159	2
0	3	0	1	285	1
3	1	7	2	46	3
2	0	1	3	220	1
3	1	3	2	298	1
1	3	2	2	248	1
0	1	0	1	47	1
3	0	1	3	313	1
1	3	1	2	153	2
3	2	3	2	132	2
1	2	3	2	103	1
1	0	6	3	186	3
3	0	4	3	32	3
2	0	2	3	45	2
0	1	0	1	110	3
1	2	2	2	35	2
2	0	3	3	303	1
1	0	7	3	15	1
3	1	5	2	52	1
2	3	4	2	45	2
0	1	0	1	33	3
2	3	7	2	223	1
0	2	0	1	99	3
2	1	2	2	45	2
3	1	2	2	203	2
0	3	0	1	203	1
2	3	1	2	133	3
2	0	7	3	43	3
2	3	2	2	290	3
2	0	3	3	90	2
0	3	0	1	239	3
0	1	0	1	145	3
3	2	5	2	197	3
3	0	1	3	178	2
2	0	6	3	234	3
0	2	0	1	219	2
0	1	0	1	212	1
1	3	4	2	254	3
0	1	0	1	61	2
0	3	0	1	237	3
2	1	5	2	225	2
0	1	0	1	73	1
1	0	5	3	45	2
1	3	2	2	312	1
1	3	5	2	115	2
2	1	1	2	226	1
3	1	6	2	245	2
1	0	7	3	238	1
3	1	4	2	65	2
2	0	7	3	72	2
1	3	4	2	8	1
3	2	2	2	76	1
1	2	1	2	160	1
3	1	1	2	50	2
0	2	0	1	300	3
3	0	1	3	75	1
3	0	1	3	241	1
1	0	5	3	249	1
2	3	3	2	24	3
0	3	0	1	186	1
1	3	5	2	149	2
1	0	5	3	151	2
3	2	6	2	231	3
2	1	6	2	101	1
1	0	6	3	159	3
1	3	1	2	18	3
2	0	1	3	38	1
1	0	1	3	255	2
1	3	5	2	293	3
3	1	6	2	94	1
3	0	1	3	122	3
2	0	2	3	281	1
3	1	1	2	85	3
0	1	0	1	15	3
0	2	0	1	250	2
3	2	6	2	14	2
3	0	1	3	97	1
1	3	2	2	252	3
3	2	6	2	106	3
2	1	5	2	142	2
2	1	4	2	23	3
3	0	2	3	269	2
1	0	7	3	99	2
1	0	4	3	205	2
0	3	0	1	117	2
0	3	0	1	159	3
2	1	1	2	280	2
2	1	6	2	241	3
3	1	3	2	50	3
0	3	0	1	153	3
0	2	0	1	93	1
0	2	0	1	248	2
2	1	1	2	65	1
0	1	0	1	32	1
2	1	5	2	243	2
0	2	0	1	168	2
1	3	5	2	241	2
2	3	3	2	40	3
2	3	1	2	105	3
3	2	2	2	102	2
3	2	2	2	226	2
2	0	3	3	58	3
1	3	7	2	154	3
3	1	2	2	5	2
0	3	0	1	208	2
3	1	2	2	139	3
2	1	2	2	210	3
1	2	3	2	241	3
0	3	0	1	250	2
0	1	0	1	32	1
1	2	3	2	75	3
3	2	5	2	274	3
1	2	7	2	174	3
2	0	7	3	214	1
2	1	1	2	303	3
2	1	6	2	309	2
2	3	1	2	24	2
1	0	7	3	312	1
3	0	2	3	227	2
0	1	0	1	159	3
1	0	5	3	38	1
2	0	1	3	159	2
2	1	2	2	304	3
2	1	3	2	179	2
1	0	6	3	61	2
0	3	0	1	198	1
1	3	2	2	296	2
0	2	0	1	67	3
1	0	4	3	29	3
0	2	0	1	149	1
2	0	2	3	247	1
0	1	0	1	5	3
2	0	6	3	2	3
1	0	5	3	65	3
1	0	7	3	207	1
2	3	3	2	225	2
1	0	5	3	264	3
2	3	3	2	119	3
1	0	7	3	261	3
1	3	6	2	61	1
2	1	2	2	217	3
1	2	3	2	233	3
0	1	0	1	26	3
0	2	0	1	225	1
2	0	1	3	267	3
1	2	7	2	1	3
3	1	4	2	179	2
3	2	3	2	250	2
3	2	2	2	12	3
1	3	6	2	271	2
2	3	4	2	193	1
2	3	1	2	270	1
0	2	0	1	263	1
0	2	0	1	16	2
0	1	0	1	56	2
1	2	2	2	31	3
0	2	0	1	77	3
1	3	2	2	186	3
0	1	0	1	125	3
2	3	3	2	255	2
2	0	3	3	178	3
3	1	5	2	249	3
2	0	2	3	132	3
2	1	6	2	172	2
2	3	5	2	106	3
1	2	7	2	176	2
0	3	0	1	205	2
0	1	0	1	21	2
0	2	0	1	98	3
3	2	2	2	96	2
0	1	0	1	310	3
0	2	0	1	26	3
2	0	3	3	42	2
1	0	5	3	113	3
1	2	2	2	2	2
1	3	6	2	259	1
3	2	4	2	106	1
3	0	5	3	138	3
1	3	3	2	297	2
3	1	4	2	123	2
0	2	0	1	47	2
1	0	5	3	101	1
0	2	0	1	8	2
3	2	6	2	276	1
0	2	0	1	118	2
1	0	7	3	212	3
3	2	3	2	146	3
0	1	0	1	283	2
3	1	3	2	111	2
0	3	0	1	219	1
1	3	6	2	315	2
1	0	7	3	139	3
2	0	7	3	67	1
2	0	7	3	73	3
1	3	4	2	102	3
1	3	3	2	170	1
1	0	7	3	82	3
3	1	4	2	250	1
0	1	0	1	194	3
2	1	3	2	298	3
1	0	4	3	259	2
3	1	6	2	317	1
3	2	7	2	144	3
1	0	7	3	72	3
0	2	0	1	125	3
3	1	7	2	291	1
0	3	0	1	43	1
2	3	6	2	200	2
3	0	4	3	209	3
1	2	6	2	202	1
2	1	2	2	255	1
1	2	4	2	213	1
0	3	0	1	241	3
3	1	6	2	219	1
2	0	6	3	83	1
1	0	4	3	260	3
2	1	3	2	258	2
0	2	0	1	130	1
2	1	4	2	261	3
3	0	2	3	280	2
2	1	2	2	65	1
0	2	0	1	239	1
0	1	0	1	290	3
1	3	7	2	202	1
0	2	0	1	210	2
3	0	4	3	93	2
0	2	0	1	119	1
2	1	3	2	225	1
2	3	6	2	135	2
2	0	6	3	269	2
1	2	4	2	307	3
1	3	2	2	220	3
0	1	0	1	306	3
2	1	5	2	213	1
1	3	3	2	128	1
0	2	0	1	220	1
2	3	4	2	36	2
3	1	4	2	46	3
3	1	7	2	222	1
3	1	7	2	261	3
3	0	1	3	13	2
3	2	3	2	188	3
3	2	4	2	251	3
1	0	7	3	158	1
0	3	0	1	296	3
2	0	7	3	97	2
3	2	4	2	257	2
0	1	0	1	167	1
1	0	6	3	14	3
3	2	7	2	299	2
2	0	3	3	224	2
0	1	0	1	76	2
2	3	7	2	15	1
0	3	0	1	206	1
2	1	1	2	152	2
0	2	0	1	158	3
2	3	6	2	196	3
0	2	0	1	215	2
1	2	1	2	258	1
0	1	0	1	284	3
3	2	2	2	121	1
3	2	1	2	273	2
2	1	4	2	27	1
2	0	2	3	305	2
1	2	6	2	82	3
3	0	5	3	21	1
1	2	4	2	169	1
3	2	6	2	82	2
1	0	7	3	166	2
3	1	7	2	53	3
2	0	3	3	223	3
2	3	3	2	126	1
2	0	3	3	75	3
2	0	6	3	23	3
1	2	5	2	171	2
1	2	7	2	64	2
0	2	0	1	131	2
0	3	0	1	279	3
2	0	1	3	240	2
2	0	1	3	139	1
2	1	4	2	290	3
3	1	7	2	229	1
3	1	1	2	307	3
3	2	4	2	163	3
0	1	0	1	6	1
2	3	1	2	15	3
2	0	2	3	54	2
2	3	6	2	87	2
0	3	0	1	311	2
1	0	5	3	78	1
0	3	0	1	154	2
0	2	0	1	113	1
2	0	3	3	65	2
2	3	6	2	212	3
1	2	6	2	93	2
2	0	6	3	5	2
3	1	5	2	250	1
2	0	3	3	289	3
3	1	4	2	57	2
3	1	6	2	266	2
1	3	7	2	21	1
2	0	3	3	41	3
2	0	7	3	91	1
0	1	0	1	78	3
3	2	1	2	167	1
0	2	0	1	200	3
3	2	7	2	310	3
1	3	4	2	64	2
2	0	7	3	208	2
1	2	5	2	84	2
0	3	0	1	274	2
0	1	0	1	200	2
1	0	5	3	41	1
1	2	5	2	206	2
2	0	3	3	18	3
1	2	7	2	115	1
1	0	5	3	121	1
0	3	0	1	102	2
0	3	0	1	260	1
1	0	4	3	290	3
0	3	0	1	138	1
0	3	0	1	250	2
2	1	4	2	95	2
1	2	5	2	138	3
2	0	3	3	39	3
2	0	2	3	253	1
3	2	2	2	304	2
2	1	3	2	80	3
3	2	2	2	1	1
2	3	4	2	115	2
2	1	4	2	227	3
3	1	1	2	77	2
0	1	0	1	209	2
1	2	7	2	111	3
2	3	1	2	248	1
2	3	4	2	274	2
2	3	6	2	105	1
1	0	7	3	256	1
1	2	3	2	142	1
3	1	2	2	48	2
0	2	0	1	97	1
3	1	5	2	305	3
0	2	0	1	241	1
1	3	7	2	192	1
3	2	2	2	282	1
2	1	3	2	53	2
3	1	4	2	276	1
2	3	2	2	124	3
0	3	0	1	100	2
3	1	4	2	13	2
2	1	6	2	314	2
0	3	0	1	79	1
1	2	3	2	181	2
1	2	6	2	7	1
2	1	1	2	180	1
2	0	7	3	261	2
2	0	1	3	127	3
2	1	7	2	313	1
1	3	3	2	225	3
3	0	4	3	161	2
0	1	0	1	35	3
1	0	1	3	223	3
0	1	0	1	219	3
1	0	5	3	109	3
0	3	0	1	174	2
2	0	7	3	118	3
2	3	5	2	30	1
1	3	1	2	64	1
0	2	0	1	224	2
2	3	6	2	263	1
3	2	3	2	148	2
1	2	2	2	294	1
2	1	1	2	90	3
3	0	3	3	180	3
2	1	5	2	128	3
0	2	0	1	144	3
3	2	5	2	11	1
1	3	7	2	9	2
2	1	2	2	40	3
2	0	1	3	99	2
2	1	6	2	227	1
2	1	6	2	55	3
0	3	0	1	188	2
1	3	7	2	117	2
3	2	7	2	122	2
1	2	2	2	217	3
1	3	1	2	86	3
0	3	0	1	296	1
1	3	4	2	239	3
3	0	2	3	66	3
2	1	7	2	293	3
0	2	0	1	186	2
1	0	6	3	28	3
1	3	1	2	89	1
3	1	2	2	116	2
3	0	5	3	110	3
0	1	0	1	227	3
1	2	7	2	214	1
0	1	0	1	153	3
1	0	1	3	129	3
3	0	4	3	90	1
1	0	6	3	24	2
0	1	0	1	148	3
0	2	0	1	236	2
1	2	2	2	194	2
1	0	7	3	192	2
2	0	2	3	116	1
2	0	7	3	6	1
0	1	0	1	211	1
2	1	7	2	256	1
1	3	6	2	304	3
3	2	4	2	96	2
2	1	6	2	13	2
1	3	1	2	114	3
2	1	2	2	141	1
2	1	2	2	70	1
3	2	7	2	147	1
2	1	7	2	10	1
0	2	0	1	17	3
2	1	4	2	302	3
2	1	3	2	76	3
0	3	0	1	185	3
3	2	5	2	177	1
0	1	0	1	175	3
3	0	1	3	85	1
3	2	7	2	1	3
2	3	6	2	191	1
0	1	0	1	58	2
0	1	0	1	226	2
3	2	6	2	147	1
0	1	0	1	292	1
0	1	0	1	50	2
1	3	1	2	14	3
0	1	0	1	33	1
1	0	1	3	49	2
0	2	0	1	265	1
0	1	0	1	288	2
1	2	3	2	249	1
3	0	5	3	163	2
1	3	5	2	319	1
2	1	6	2	315	1
2	0	3	3	54	1
0	2	0	1	47	1
0	1	0	1	192	1
1	3	7	2	5	1
0	1	0	1	62	2
2	3	3	2	144	1
1	2	4	2	142	1
0	3	0	1	89	1
1	3	6	2	299	3
1	2	4	2	101	3
0	1	0	1	162	2
2	0	6	3	299	1
0	2	0	1	290	2
3	0	4	3	155	2
1	0	1	3	298	2
0	3	0	1	40	2
2	3	7	2	84	1
2	1	2	2	151	1
2	1	4	2	16	2
3	0	5	3	93	2
2	3	2	2	181	2
2	0	7	3	292	2
3	0	3	3	144	2
1	3	6	2	150	1
1	0	4	3	64	2
1	3	3	2	180	2
0	1	0	1	245	1
1	2	3	2	219	3
2	0	3	3	176	3
1	3	1	2	112	1
3	1	1	2	246	2
1	2	3	2	239	1
2	1	3	2	22	2
3	1	7	2	199	2
3	1	4	2	254	2
3	0	4	3	300	3
3	2	3	2	271	1
0	2	0	1	176	1
1	2	5	2	77	3
1	3	3	2	56	3
3	2	5	2	271	3
2	3	1	2	79	2
3	0	5	3	184	1
1	3	1	2	313	3
2	3	1	2	284	3
3	2	5	2	100	2
2	3	6	2	234	2
0	1	0	1	279	2
2	1	4	2	310	2
3	2	3	2	45	2
0	3	0	1	295	1
1	2	5	2	208	2
1	0	6	3	218	2
3	0	1	3	251	2
1	0	4	3	206	2
2	3	4	2	214	3
0	2	0	1	282	1
3	1	7	2	214	2
0	3	0	1	299	3
1	2	4	2	244	1
1	2	1	2	68	1
3	0	1	3	118	1
3	1	2	2	116	2
3	0	3	3	168	3
2	0	1	3	90	2
0	3	0	1	15	1
0	3	0	1	122	1
3	1	4	2	215	1
0	2	0	1	284	3
1	2	6	2	136	1
2	0	7	3	105	2
1	2	4	2	4	1
3	0	3	3	99	1
2	1	7	2	113	3
3	0	5	3	61	3
0	2	0	1	189	2
1	0	7	3	19	1
2	1	3	2	131	1
2	3	3	2	55	3
1	0	7	3	219	2
2	1	3	2	26	3
3	1	6	2	233	3
0	3	0	1	120	2
1	0	7	3	51	1
1	2	1	2	288	1
3	1	4	2	154	1
1	2	7	2	15	3
2	1	7	2	91	1
0	2	0	1	208	3
3	0	4	3	78	2
2	1	2	2	139	1
0	3	0	1	82	1
3	2	2	2	165	1
0	2	0	1	0	3
1	2	5	2	30	1
0	1	0	1	137	1
3	0	1	3	186	3
2	1	1	2	191	3
3	1	7	2	50	3
0	3	0	1	114	3
0	1	0	1	119	2
0	3	0	1	286	2
3	1	7	2	87	2
3	1	4	2	292	3
1	2	7	2	44	1
0	2	0	1	52	3
3	1	4	2	92	1
0	2	0	1	182	1
2	1	7	2	197	2
1	2	1	2	238	3
2	3	5	2	199	2
1	0	1	3	198	2
0	2	0	1	84	3
2	0	6	3	244	1
2	1	3	2	204	3
1	3	3	2	291	1
0	2	0	1	132	3
0	1	0	1	212	2
0	3	0	1	302	3
3	1	3	2	91	3
1	0	7	3	216	1
3	0	4	3	214	3
3	1	2	2	122	1
0	3	0	1	296	1
2	0	6	3	209	1
0	2	0	1	118	3
1	2	1	2	60	1
1	2	7	2	136	2
0	1	0	1	199	2
3	1	2	2	241	3
0	2	0	1	221	1
3	0	1	3	290	3
2	1	4	2	35	2
2	1	4	2	71	1
0	2	0	1	236	3
3	2	7	2	19	2
2	3	1	2	202	1
3	2	6	2	202	3
2	0	2	3	163	3
3	2	7	2	291	3
2	1	7	2	4	3
0	3	0	1	202	1
3	1	1	2	295	2
3	0	1	3	243	1
3	2	3	2	212	1
0	1	0	1	15	2
0	2	0	1	141	1
3	2	6	2	189	2
2	3	1	2	216	3
3	1	4	2	121	2
3	2	1	2	251	1
1	2	6	2	141	1
2	0	3	3	56	1
2	1	7	2	98	3
1	3	2	2	122	3
3	2	6	2	123	3
2	1	1	2	298	3
2	1	1	2	145	3
1	3	2	2	193	2
1	3	5	2	118	1
1	3	3	2	123	1
3	0	1	3	131	2
3	2	3	2	316	2
3	1	3	2	179	3
1	3	3	2	182	3
3	2	4	2	251	2
0	2	0	1	42	3
0	2	0	1	24	3
3	1	3	2	161	2
3	0	4	3	277	3
2	0	6	3	28	2
3	0	1	3	21	2
2	1	7	2	41	3
0	3	0	1	155	1
2	3	5	2	14	2
2	0	2	3	73	2
0	3	0	1	26	1
3	0	5	3	213	2
0	2	0	1	305	1
1	3	5	2	30	3
2	3	5	2	150	3
1	2	5	2	303	3
1	3	7	2	254	1
0	1	0	1	18	2
2	1	7	2	126	3
2	1	7	2	270	3
0	2	0	1	210	1
1	2	4	2	286	3
0	2	0	1	83	3
1	0	6	3	186	2
2	0	1	3	102	2
0	1	0	1	128	1
2	3	4	2	289	2
2	0	3	3	173	1
1	3	5	2	85	1
2	3	2	2	62	2
0	1	0	1	183	2
0	2	0	1	209	3
1	2	1	2	121	1
0	1	0	1	10	3
3	2	5	2	133	2
1	3	3	2	165	1
0	1	0	1	271	1
1	3	3	2	247	3
3	0	2	3	189	3
1	0	5	3	255	3
1	3	4	2	74	1
1	2	6	2	188	3
3	0	2	3	316	2
2	0	1	3	17	1
1	0	1	3	311	2
2	0	7	3	223	2
0	1	0	1	217	3
1	2	4	2	121	1
3	2	5	2	301	3
1	0	1	3	269	3
1	3	6	2	72	3
1	2	4	2	17	1
0	3	0	1	172	3
1	3	3	2	211	1
0	3	0	1	243	3
1	0	4	3	144	1
1	0	1	3	146	1
0	3	0	1	310	1
3	2	4	2	111	1
3	2	5	2	97	1
3	1	2	2	54	2
0	2	0	1	103	2
0	2	0	1	210	1
2	3	7	2	37	3
1	3	7	2	189	2
3	1	3	2	15	3
2	1	1	2	252	2
2	1	2	2	18	2
1	2	3	2	316	2
3	0	2	3	172	1
3	2	7	2	80	2
3	1	1	2	134	3
0	1	0	1	242	3
2	3	5	2	210	1
1	2	7	2	40	1
2	1	7	2	78	2
0	1	0	1	194	1
3	1	2	2	273	1
3	1	7	2	21	3
0	1	0	1	206	2
0	1	0	1	58	3
2	1	2	2	286	2
2	3	5	2	133	2
0	1	0	1	118	3
1	0	7	3	225	2
3	0	2	3	146	2
2	0	1	3	139	2
1	3	6	2	275	3
2	1	3	2	67	1
3	2	3	2	113	2
0	2	0	1	246	3
1	3	1	2	244	2
0	1	0	1	188	2
0	1	0	1	68	3
1	3	4	2	284	2
0	3	0	1	224	1
0	2	0	1	211	2
2	3	4	2	15	1
3	1	5	2	302	2
0	2	0	1	4	3
2	0	3	3	44	2
3	1	2	2	175	2
3	1	2	2	290	1
0	3	0	1	311	3
3	0	3	3	92	1
0	1	0	1	189	2
1	3	4	2	121	2
2	1	2	2	166	2
0	3	0	1	240	3
0	3	0	1	295	1
2	3	5	2	219	1
1	3	6	2	1	3
1	0	4	3	111	1
0	2	0	1	169	3
2	3	3	2	10	1
2	3	4	2	216	1
0	3	0	1	306	3
2	3	2	2	89	3
1	2	1	2	211	1
3	1	6	2	282	1
0	1	0	1	28	3
1	3	6	2	243	2
0	2	0	1	120	1
3	0	4	3	137	1
3	2	4	2	174	3
1	3	6	2	74	2
2	0	6	3	260	3
3	2	2	2	88	3
3	1	4	2	191	3
2	3	6	2	237	1
0	3	0	1	151	3
1	2	3	2	196	2
3	1	6	2	137	3
0	1	0	1	30	1
1	0	7	3	190	2
2	1	4	2	245	3
3	0	5	3	293	1
3	1	7	2	262	1
3	2	1	2	162	3
3	0	2	3	125	1
2	3	4	2	310	2
0	3	0	1	282	2
2	1	1	2	53	3
0	3	0	1	212	1
1	2	4	2	0	3
3	1	3	2	289	1
3	2	5	2	38	1
1	0	1	3	301	2
0	1	0	1	301	3
2	3	6	2	194	1
1	2	6	2	177	2
0	2	0	1	258	3
1	2	5	2	40	1
2	3	2	2	271	2
2	0	1	3	186	2
0	1	0	1	143	1
1	2	2	2	286	3
3	0	2	3	134	2
2	3	7	2	247	3
0	3	0	1	199	2
0	3	0	1	163	2
0	3	0	1	315	2
3	2	6	2	40	3
2	1	2	2	35	1
0	2	0	1	79	1
0	3	0	1	70	2
2	0	2	3	54	1
1	2	6	2	46	2
1	2	3	2	19	2
0	1	0	1	106	2
3	2	4	2	304	3
0	1	0	1	155	2
0	1	0	1	165	3
1	0	6	3	142	2
1	3	5	2	250	2
0	2	0	1	7	2
0	1	0	1	192	3
3	0	2	3	312	2
0	1	0	1	2	2
0	2	0	1	19	2
2	0	6	3	70	1
2	1	3	2	317	3
1	0	1	3	89	3
2	3	4	2	210	3
2	3	2	2	207	2
1	2	1	2	99	3
3	0	3	3	166	2
0	1	0	1	261	3
3	0	2	3	69	2
2	0	3	3	295	3
2	1	6	2	21	1
3	0	4	3	79	2
1	2	4	2	121	1
0	3	0	1	267	2
1	2	3	2	289	2
1	0	5	3	245	1
2	1	4	2	306	2
0	2	0	1	114	2
3	0	3	3	86	2
2	3	1	2	301	1
2	1	7	2	152	3
3	0	4	3	153	2
1	2	4	2	189	1
0	2	0	1	276	3
2	1	6	2	67	2
1	2	6	2	233	3
1	0	1	3	158	3
3	2	5	2	56	3
2	3	7	2	61	3
2	3	3	2	171	3
0	2	0	1	199	1
1	3	6	2	192	3
0	3	0	1	251	1
2	1	2	2	285	1
1	3	4	2	206	3
1	0	6	3	74	3
1	3	6	2	109	1
2	3	4	2	227	3
2	0	7	3	180	3
0	1	0	1	312	2
0	2	0	1	228	3
1	2	2	2	281	2
1	3	2	2	173	2
3	1	5	2	225	1
3	0	5	3	87	1
2	3	6	2	312	3
3	2	6	2	212	1
1	2	7	2	197	2
0	3	0	1	127	3
0	2	0	1	74	1
3	2	1	2	111	3
1	3	5	2	256	3
1	0	7	3	12	3
2	1	1	2	136	3
2	0	2	3	26	2
1	2	6	2	309	3
2	3	4	2	257	3
1	2	2	2	1	2
0	1	0	1	239	2
0	2	0	1	184	2
2	3	2	2	31	2
1	3	6	2	168	2
1	3	6	2	61	2
2	0	2	3	148	2
0	2	0	1	281	3
0	2	0	1	230	3
0	2	0	1	51	3
3	2	7	2	243	1
2	0	1	3	283	1
0	3	0	1	203	1
1	2	4	2	44	1
0	2	0	1	136	2
1	0	4	3	154	3
3	0	5	3	87	3
3	0	1	3	62	1
0	2	0	1	309	2
3	1	3	2	145	2
1	3	5	2	65	3
1	3	7	2	187	1
2	0	2	3	184	1
0	2	0	1	304	1
3	0	2	3	0	2
3	0	5	3	223	3
0	2	0	1	34	2
1	3	3	2	241	2
3	0	2	3	256	1
1	0	5	3	271	3
1	2	4	2	213	3
2	3	1	2	294	1
3	1	2	2	91	1
3	1	4	2	267	1
3	0	5	3	32	2
0	1	0	1	129	3
1	3	7	2	73	3
2	0	1	3	223	3
1	2	1	2	203	1
3	2	1	2	235	1
3	2	4	2	246	2
0	3	0	1	234	2
2	1	4	2	20	3
0	2	0	1	42	2
3	1	2	2	171	1
0	2	0	1	261	1
3	2	5	2	3	2
0	1	0	1	110	1
1	2	3	2	241	1
0	3	0	1	113	2
3	2	2	2	92	1
3	1	5	2	214	2
3	1	5	2	136	1
2	0	1	3	233	2
3	2	5	2	142	3
3	1	4	2	224	1
1	0	7	3	102	2
1	2	7	2	288	2
1	3	2	2	276	3
2	0	3	3	112	2
3	0	1	3	259	3
3	2	4	2	232	3
0	1	0	1	202	1
0	3	0	1	293	1
0	3	0	1	115	1
2	0	6	3	291	3
3	2	5	2	208	3
0	2	0	1	253	2
2	1	5	2	82	3
1	3	7	2	296	3
2	0	6	3	138	2
2	0	2	3	303	1
3	2	6	2	109	3
0	1	0	1	106	2
1	2	6	2	77	1
2	0	2	3	259	2
2	0	3	3	114	2
1	2	5	2	130	1
1	3	1	2	311	2
2	1	6	2	30	1
0	3	0	1	37	3
3	2	3	2	49	1
3	0	3	3	247	2
2	1	3	2	280	1
1	3	5	2	232	2
1	3	5	2	3	1
3	2	2	2	258	3
0	1	0	1	125	1
2	0	3	3	115	3
3	2	6	2	29	1
0	1	0	1	302	3
3	1	5	2	263	3
3	2	5	2	35	1
0	2	0	1	303	3
2	3	6	2	201	2
0	2	0	1	136	3
1	3	5	2	167	3
3	2	2	2	190	3
1	2	3	2	221	1
3	2	6	2	103	2
2	0	7	3	216	1
0	3	0	1	176	2
1	2	6	2	113	3
0	3	0	1	163	3
3	2	4	2	45	1
2	0	7	3	79	3
0	2	0	1	315	2
0	1	0	1	199	3
3	0	4	3	291	3
2	3	3	2	238	1
1	0	7	3	193	1
2	1	1	2	38	1
3	2	4	2	32	1
1	2	5	2	246	3
0	1	0	1	112	2
0	3	0	1	58	1
0	2	0	1	146	2
1	0	4	3	157	1
1	3	7	2	289	1
2	3	3	2	275	1
1	0	6	3	52	2
3	1	4	2	307	3
0	3	0	1	196	2
2	3	7	2	236	1
1	3	7	2	126	1
1	3	1	2	138	2
0	1	0	1	310	1
0	3	0	1	61	1
3	2	1	2	146	1
2	1	5	2	303	3
2	1	6	2	274	1
0	1	0	1	237	1
3	2	2	2	239	2
3	1	2	2	115	3
0	3	0	1	192	3
3	0	3	3	244	1
3	0	5	3	16	3
0	2	0	1	160	3
2	1	4	2	17	2
2	0	6	3	57	1
0	1	0	1	60	3
1	3	5	2	167	3
2	0	7	3	4	3
1	3	1	2	293	2
3	0	1	3	77	3
3	2	6	2	65	3
3	1	7	2	288	1
3	2	1	2	27	3
0	3	0	1	274	1
1	2	2	2	73	2
3	2	4	2	278	2
3	1	5	2	314	1
0	1	0	1	96	1
1	0	1	3	310	3
1	2	4	2	102	1
1	2	2	2	154	3
0	3	0	1	252	1
3	1	3	2	48	2
2	3	3	2	99	3
2	0	1	3	241	1
1	3	3	2	38	3
3	2	5	2	101	3
0	1	0	1	279	1
1	2	4	2	30	2
1	2	1	2	207	3
3	2	6	2	62	1
1	3	3	2	38	3
0	2	0	1	72	1
0	1	0	1	307	1
0	1	0	1	306	1
1	0	1	3	144	3
2	0	3	3	19	2
1	0	4	3	130	2
1	0	7	3	129	2
1	2	1	2	221	3
3	1	6	2	252	1
2	3	7	2	227	3
3	2	5	2	211	1
3	0	2	3	72	2
1	0	1	3	277	3
3	0	3	3	305	3
1	2	1	2	20	1
1	3	4	2	205	3
1	2	2	2	27	1
2	3	1	2	2	1
3	2	4	2	231	2
0	3	0	1	232	1
3	0	4	3	229	3
1	2	2	2	140	1
2	3	1	2	174	3
3	2	7	2	275	1
2	3	6	2	42	2
0	2	0	1	73	2
2	1	2	2	10	1
0	1	0	1	91	1
3	2	1	2	291	2
3	1	2	2	272	2
2	1	1	2	137	2
1	0	4	3	134	3
2	0	1	3	82	2
1	3	2	2	316	3
1	0	5	3	288	1
1	3	3	2	281	3
3	0	3	3	148	3
1	2	2	2	234	2
3	0	5	3	215	2
3	1	4	2	209	1
1	2	5	2	117	1
0	1	0	1	44	2
2	3	4	2	315	1
3	0	4	3	172	3
3	2	1	2	54	2
1	0	1	3	48	3
0	3	0	1	140	2
0	2	0	1	41	1
0	3	0	1	313	1
3	0	3	3	60	1
1	0	4	3	312	3
2	1	7	2	243	1
2	1	1	2	123	3
0	3	0	1	194	3
0	2	0	1	165	3
1	2	4	2	64	2
3	1	1	2	129	1
3	2	4	2	177	3
0	3	0	1	40	3
1	2	5	2	36	3
0	2	0	1	211	3
3	1	3	2	191	3
3	2	4	2	280	1
1	2	1	2	115	1
1	0	5	3	215	2
2	1	4	2	126	1
1	3	1	2	177	1
0	3	0	1	146	1
0	1	0	1	269	3
3	2	7	2	29	2
1	3	1	2	16	3
2	1	1	2	119	1
3	1	7	2	183	3
3	2	5	2	96	3
3	1	4	2	189	2
0	1	0	1	168	3
0	2	0	1	229	3
2	1	4	2	203	3
2	0	6	3	152	2
0	1	0	1	39	1
1	3	5	2	227	1
3	1	4	2	60	1
1	0	6	3	150	3
1	0	5	3	235	2
0	2	0	1	50	3
0	3	0	1	46	3
3	0	3	3	41	3
0	1	0	1	57	1
1	3	6	2	279	3
3	1	6	2	41	1
0	3	0	1	120	3
1	2	2	2	240	1
3	2	4	2	181	1
3	0	3	3	94	1
3	1	7	2	278	3
3	1	3	2	75	3
3	0	4	3	59	3
1	3	1	2	87	1
3	2	1	2	239	3
2	0	2	3	144	3
0	3	0	1	133	2
2	0	1	3	95	3
1	3	4	2	137	2
1	0	1	3	204	3
1	2	5	2	204	2
2	0	2	3	111	1
2	0	6	3	274	2
1	3	4	2	261	1
3	2	6	2	249	1
0	3	0	1	129	1
3	0	2	3	211	2
1	2	5	2	175	2
0	1	0	1	269	2
0	1	0	1	129	1
0	2	0	1	34	1
2	1	2	2	221	2
2	1	5	2	171	1
0	3	0	1	118	1
0	2	0	1	241	2
2	0	1	3	195	1
2	1	3	2	242	1
0	3	0	1	17	3
0	1	0	1	165	1
0	3	0	1	87	2
2	0	6	3	19	3
3	1	5	2	214	3
3	0	3	3	176	2
2	1	5	2	13	3
2	3	6	2	249	3
2	3	1	2	224	2
0	2	0	1	66	1
3	1	4	2	80	3
3	2	3	2	210	2
0	3	0	1	93	1
0	2	0	1	277	1
1	3	5	2	49	3
1	3	7	2	305	2
0	2	0	1	195	3
3	1	7	2	270	2
3	2	4	2	182	3
2	1	7	2	211	1
0	3	0	1	244	1
3	1	2	2	299	1
1	2	6	2	50	3
3	0	3	3	60	2
3	0	2	3	170	1
0	3	0	1	14	1
1	2	3	2	273	1
0	3	0	1	256	2
0	1	0	1	209	3
1	2	1	2	267	1
2	1	3	2	297	3
2	0	3	3	66	1
2	1	6	2	170	2
2	1	7	2	216	3
2	0	7	3	0	3
0	2	0	1	108	3
0	2	0	1	291	1
1	2	2	2	3	1
0	1	0	1	186	2
2	1	6	2	126	1
2	0	3	3	59	2
2	3	3	2	179	1
3	0	1	3	268	2
3	1	7	2	107	1
2	1	2	2	22	3
1	2	4	2	238	2
0	3	0	1	227	3
1	3	7	2	143	3
1	0	5	3	170	3
3	1	3	2	118	2
3	0	1	3	69	3
0	3	0	1	68	1
3	0	2	3	142	2
1	2	4	2	64	1
0	1	0	1	233	2
1	0	4	3	266	2
3	0	4	3	28	3
1	0	5	3	21	2
2	1	4	2	80	2
3	0	5	3	251	2
2	3	7	2	297	3
2	0	3	3	267	1
3	2	3	2	217	1
1	2	7	2	116	1
2	0	1	3	193	3
2	1	2	2	94	3
3	2	4	2	300	2
3	1	4	2	41	3
2	3	1	2	89	3
2	1	4	2	203	1
3	1	7	2	53	1
0	1	0	1	148	1
2	0	1	3	177	1
1	2	2	2	95	1
1	3	1	2	315	1
3	2	7	2	306	1
1	3	3	2	97	1
3	2	6	2	291	3
2	0	2	3	208	2
3	0	4	3	71	3
0	2	0	1	315	3
1	0	5	3	63	2
1	2	6	2	77	1
3	2	7	2	205	1
1	3	6	2	157	2
0	2	0	1	310	2
2	0	1	3	119	2
1	0	4	3	178	2
3	1	3	2	117	1
1	3	3	2	232	1
3	1	2	2	34	3
3	2	6	2	156	1
2	1	6	2	61	3
2	3	7	2	103	2
2	1	1	2	217	2
0	3	0	1	178	2
1	3	2	2	126	3
0	2	0	1	65	2
0	3	0	1	41	2
0	3	0	1	103	2
3	0	2	3	250	2
3	1	7	2	75	1
1	3	6	2	29	2
3	2	2	2	118	1
0	1	0	1	105	3
0	2	0	1	288	1
0	3	0	1	100	3
1	3	2	2	299	2
0	3	0	1	71	3
0	1	0	1	29	2
0	2	0	1	9	1
1	2	4	2	157	2
1	3	1	2	180	1
3	2	3	2	34	1
0	3	0	1	117	1
3	2	3	2	42	2
2	1	5	2	182	3
3	0	3	3	159	1
0	2	0	1	94	1
0	2	0	1	28	1
1	3	6	2	60	1
2	0	2	3	22	1
2	1	7	2	288	3
3	0	2	3	138	3
0	2	0	1	71	3
2	0	2	3	122	1
1	0	7	3	282	1
3	1	1	2	292	2
0	2	0	1	67	1
3	1	2	2	104	2
2	3	5	2	126	1
2	3	3	2	277	2
1	2	3	2	177	1
1	0	5	3	77	1
3	0	3	3	59	1
1	3	6	2	93	3
1	0	4	3	27	3
0	3	0	1	179	1
1	0	5	3	311	2
2	1	4	2	6	3
0	1	0	1	245	3
1	0	4	3	99	2
2	1	6	2	160	2
1	2	6	2	199	2
2	1	3	2	22	3
3	1	2	2	186	2
2	0	3	3	311	1
1	0	1	3	213	3
1	0	5	3	73	1
2	3	5	2	63	3
1	2	4	2	260	1
1	2	7	2	257	2
1	2	7	2	315	3
2	1	4	2	146	1
2	3	5	2	79	3
1	0	7	3	67	2
2	3	7	2	168	1
2	1	4	2	33	3
0	3	0	1	115	1
1	0	7	3	294	1
1	3	1	2	203	2
3	1	3	2	302	2
3	1	4	2	22	3
2	3	7	2	24	1
2	3	5	2	91	1
1	2	3	2	317	2
3	0	5	3	204	2
2	1	7	2	84	3
2	1	7	2	116	2
2	1	2	2	250	2
0	3	0	1	272	3
2	1	1	2	199	1
1	0	7	3	139	2
2	1	1	2	254	3
2	1	4	2	136	1
2	3	4	2	240	2
3	0	5	3	103	2
3	1	5	2	151	1
0	1	0	1	317	2
2	0	1	3	166	3
3	1	7	2	301	3
0	2	0	1	307	2
2	3	7	2	150	3
0	1	0	1	19	2
3	2	4	2	308	3
2	0	3	3	305	3
0	3	0	1	221	2
2	0	6	3	196	3
2	1	5	2	236	2
3	1	4	2	283	3
0	2	0	1	105	3
0	2	0	1	168	1
2	0	6	3	175	2
1	3	5	2	286	3
3	0	3	3	275	2
2	1	3	2	98	1
0	1	0	1	39	2
0	3	0	1	82	2
2	1	3	2	90	1
0	3	0	1	218	2
2	3	3	2	56	1
2	1	6	2	20	1
2	1	1	2	238	2
0	1	0	1	80	2
3	1	2	2	255	3
1	2	4	2	208	2
3	0	4	3	191	2
0	2	0	1	150	1
2	0	2	3	270	1
0	3	0	1	153	1
3	0	4	3	105	1
3	2	1	2	303	2
2	1	5	2	52	2
2	3	3	2	28	1
0	3	0	1	48	1
3	0	2	3	301	3
1	3	6	2	22	1
1	2	7	2	120	2
2	0	6	3	93	1
2	1	1	2	292	3
3	2	1	2	253	1
3	2	1	2	284	2
1	2	1	2	222	1
3	0	1	3	306	1
0	3	0	1	290	3
3	0	5	3	144	3
2	3	1	2	279	1
1	3	2	2	126	2
3	1	5	2	240	3
3	2	3	2	63	1
2	3	3	2	219	1
3	1	5	2	90	1
1	0	5	3	291	1
1	2	5	2	131	1
3	0	4	3	129	3
2	0	2	3	66	2
1	2	7	2	187	3
0	2	0	1	157	1
1	0	7	3	284	2
1	2	6	2	250	3
0	2	0	1	184	2
2	1	6	2	78	3
2	0	7	3	288	2
3	2	2	2	143	3
1	2	2	2	44	2
1	2	3	2	281	2
2	0	2	3	129	2
2	0	1	3	94	1
2	1	5	2	296	2
0	2	0	1	257	2
2	3	2	2	121	2
2	3	6	2	118	2
2	0	2	3	301	1
3	0	5	3	299	1
3	1	3	2	255	1
3	1	6	2	12	2
2	1	6	2	263	3
3	1	6	2	106	1
3	1	5	2	37	3
2	3	5	2	2	2
0	2	0	1	149	1
1	0	6	3	67	1
2	0	1	3	290	2
2	0	7	3	309	2
1	2	2	2	233	2
3	2	2	2	170	2
3	2	5	2	149	1
0	1	0	1	17	2
0	2	0	1	119	2
3	1	2	2	156	2
0	1	0	1	151	2
0	2	0	1	60	2
0	2	0	1	261	3
1	0	6	3	230	2
2	3	7	2	221	3
3	0	3	3	300	3
1	2	2	2	14	3
3	2	1	2	318	2
3	1	7	2	302	1
1	0	4	3	206	1
0	2	0	1	255	3
0	1	0	1	32	1
0	2	0	1	41	2
2	0	3	3	288	2
0	2	0	1	138	1
1	0	1	3	76	3
3	0	5	3	167	3
0	1	0	1	122	3
1	2	2	2	294	2
2	3	2	2	122	2
1	2	5	2	267	3
0	2	0	1	175	1
2	0	3	3	123	3
0	1	0	1	119	3
3	1	1	2	261	2
1	3	7	2	109	3
2	3	7	2	31	2
0	2	0	1	16	1
3	1	3	2	17	1
1	2	5	2	34	3
2	3	3	2	288	3
0	3	0	1	111	2
2	1	2	2	41	1
1	2	3	2	38	1
3	0	1	3	248	2
3	0	5	3	254	2
1	3	1	2	185	2
3	2	3	2	168	3
1	2	2	2	34	1
2	1	6	2	55	2
2	3	1	2	142	1
1	2	7	2	108	2
1	0	1	3	122	1
0	3	0	1	83	2
1	3	6	2	253	2
3	2	6	2	154	2
0	1	0	1	97	1
0	2	0	1	182	3
3	1	1	2	63	2
2	0	1	3	138	2
3	0	4	3	59	1
2	1	4	2	285	3
3	1	7	2	102	2
1	2	7	2	60	1
3	1	1	2	269	1
0	2	0	1	96	3
2	0	3	3	249	1
3	1	3	2	20	1
0	2	0	1	44	1
0	2	0	1	248	2
3	2	4	2	203	1
1	2	2	2	306	2
2	0	6	3	173	1
0	2	0	1	102	1
3	0	1	3	151	2
0	2	0	1	258	2
3	2	5	2	65	1
0	3	0	1	119	1
2	1	1	2	306	1
1	2	6	2	185	2
3	0	2	3	253	3
3	1	5	2	105	1
1	3	3	2	16	1
3	0	1	3	133	2
2	3	3	2	208	3
3	1	3	2	33	3
3	0	3	3	169	1
3	0	3	3	182	2
0	3	0	1	270	3
2	1	5	2	230	1
1	0	6	3	12	1
3	2	5	2	159	3
3	2	5	2	304	1
2	1	2	2	208	2
2	1	3	2	36	3
0	3	0	1	78	1
2	0	1	3	120	3
2	0	6	3	124	2
3	2	7	2	78	2
3	0	4	3	230	3
3	2	6	2	145	2
0	2	0	1	55	1
0	2	0	1	251	3
2	0	1	3	206	2
0	2	0	1	294	2
1	0	5	3	22	1
0	2	0	1	301	1
0	3	0	1	303	1
1	3	1	2	124	1
1	0	6	3	9	2
3	0	3	3	173	3
1	0	7	3	28	2
2	3	4	2	276	3
1	2	7	2	230	1
0	2	0	1	285	2
3	0	3	3	115	3
3	2	7	2	279	3
0	1	0	1	280	3
1	0	6	3	49	2
2	3	3	2	170	1
3	0	3	3	291	2
2	1	7	2	163	3
3	1	4	2	281	1
0	2	0	1	3	3
0	3	0	1	7	2
0	3	0	1	101	3
2	0	2	3	42	1
0	3	0	1	109	1
0	3	0	1	249	2
0	1	0	1	25	2
3	2	2	2	257	2
3	0	2	3	271	2
3	0	2	3	177	3
2	0	7	3	75	3
3	2	5	2	136	2
0	3	0	1	130	3
3	0	3	3	86	1
1	2	5	2	301	1
1	3	4	2	22	1
0	1	0	1	231	2
0	1	0	1	19	1
0	2	0	1	121	1
1	3	3	2	75	1
2	0	3	3	146	3
0	3	0	1	314	1
2	1	2	2	165	3
0	1	0	1	142	1
2	1	3	2	146	1
0	1	0	1	175	1
0	3	0	1	149	3
2	3	7	2	96	3
0	3	0	1	92	2
2	1	4	2	308	1
2	3	7	2	138	1
1	2	5	2	58	1
2	3	5	2	289	2
0	1	0	1	103	1
0	2	0	1	217	1
1	2	3	2	200	1
2	1	7	2	276	2
0	2	0	1	307	3
0	2	0	1	308	2
3	2	6	2	111	1
1	2	2	2	41	2
1	3	3	2	219	3
0	3	0	1	85	1
1	2	6	2	140	1
2	3	2	2	290	3
1	2	7	2	285	3
3	0	5	3	105	1
0	3	0	1	130	2
3	0	1	3	117	3
0	3	0	1	274	3
0	3	0	1	67	2
2	0	2	3	260	3
3	0	3	3	279	3
0	3	0	1	245	2
3	1	6	2	32	3
3	2	6	2	53	3
1	2	6	2	173	2
3	1	5	2	66	1
2	1	4	2	198	2
0	2	0	1	128	2
1	0	5	3	179	3
0	1	0	1	50	1
2	1	6	2	219	1
3	1	4	2	173	1
3	0	5	3	11	3
2	1	7	2	299	2
1	3	3	2	313	1
1	0	5	3	167	1
0	3	0	1	70	1
1	3	6	2	255	2
3	1	5	2	276	2
1	2	7	2	198	1
3	2	7	2	26	3
1	2	3	2	302	3
3	2	7	2	281	1
2	1	3	2	94	2
3	0	1	3	15	3
3	0	3	3	63	3
0	2	0	1	179	2
1	2	4	2	228	3
3	0	4	3	4	1
0	3	0	1	61	3
1	3	2	2	184	1
3	0	5	3	86	1
2	1	3	2	300	2
0	1	0	1	317	1
2	1	3	2	242	1
2	3	3	2	33	1
1	2	2	2	286	2
3	1	7	2	154	1
2	3	2	2	75	1
1	3	2	2	296	3
1	3	1	2	49	2
2	3	6	2	167	1
1	0	5	3	117	3
1	0	7	3	170	2
3	0	3	3	84	1
3	2	6	2	189	2
1	0	7	3	152	1
1	0	6	3	66	1
3	2	6	2	124	3
1	0	7	3	39	3
1	2	5	2	190	1
