index	outport	cost	SuccessFlag
0	8.0	2.0	1.0
1	13.0	3.0	1.0
2	12.0	3.0	1.0
3	8.0	2.0	1.0
4	19.0	3.0	1.0
5	20.0	3.0	1.0
6	22.0	3.0	1.0
7	0.0	2.0	1.0
8	0.0	2.0	1.0
9	22.0	2.0	1.0
10	8.0	2.0	1.0
11	22.0	3.0	1.0
12	21.0	3.0	1.0
13	12.0	3.0	1.0
14	12.0	3.0	1.0
15	0.0	2.0	1.0
16	22.0	2.0	1.0
17	15.0	2.0	1.0
18	10.0	3.0	1.0
19	17.0	3.0	1.0
20	8.0	2.0	1.0
21	23.0	3.0	1.0
22	22.0	2.0	1.0
23	17.0	3.0	1.0
24	0.0	2.0	1.0
25	8.0	2.0	1.0
26	19.0	3.0	1.0
27	8.0	2.0	1.0
28	24.0	3.0	1.0
29	8.0	2.0	1.0
30	13.0	3.0	1.0
31	8.0	2.0	1.0
32	16.0	3.0	1.0
33	0.0	2.0	1.0
34	0.0	2.0	1.0
35	17.0	3.0	1.0
36	12.0	3.0	1.0
37	-1.0	0.0	-1.0
38	20.0	3.0	1.0
39	23.0	3.0	1.0
40	11.0	3.0	1.0
41	15.0	2.0	1.0
42	0.0	2.0	1.0
43	13.0	3.0	1.0
44	13.0	3.0	1.0
45	24.0	3.0	1.0
46	0.0	2.0	1.0
47	22.0	2.0	1.0
48	0.0	2.0	1.0
49	8.0	2.0	1.0
50	0.0	2.0	1.0
51	8.0	2.0	1.0
52	15.0	2.0	1.0
53	25.0	3.0	1.0
54	-1.0	0.0	-1.0
55	16.0	3.0	1.0
56	16.0	3.0	1.0
57	0.0	2.0	1.0
58	23.0	3.0	1.0
59	15.0	2.0	1.0
60	15.0	2.0	1.0
61	-1.0	0.0	-1.0
62	28.0	3.0	1.0
63	19.0	3.0	1.0
64	-1.0	0.0	0.0
65	9.0	3.0	1.0
66	21.0	3.0	1.0
67	-1.0	0.0	0.0
68	20.0	3.0	1.0
69	0.0	2.0	1.0
70	8.0	2.0	1.0
71	0.0	2.0	1.0
72	17.0	3.0	1.0
73	0.0	2.0	1.0
74	17.0	3.0	1.0
75	13.0	3.0	1.0
76	23.0	3.0	1.0
77	0.0	2.0	1.0
78	15.0	2.0	1.0
79	8.0	2.0	1.0
80	11.0	3.0	1.0
81	15.0	2.0	1.0
82	-1.0	0.0	-1.0
83	0.0	2.0	1.0
84	22.0	3.0	1.0
85	22.0	2.0	1.0
86	0.0	2.0	1.0
87	15.0	2.0	1.0
88	0.0	2.0	1.0
89	0.0	2.0	1.0
90	15.0	2.0	1.0
91	0.0	2.0	1.0
92	11.0	3.0	1.0
93	22.0	2.0	1.0
94	-1.0	0.0	-1.0
95	9.0	3.0	1.0
96	8.0	2.0	1.0
97	28.0	3.0	1.0
98	0.0	2.0	1.0
99	22.0	2.0	1.0
100	0.0	2.0	1.0
101	-1.0	0.0	-1.0
102	21.0	3.0	1.0
103	-1.0	0.0	-1.0
104	22.0	2.0	1.0
105	16.0	2.0	1.0
106	13.0	3.0	1.0
107	22.0	2.0	1.0
108	22.0	2.0	1.0
109	0.0	2.0	1.0
110	16.0	2.0	1.0
111	17.0	2.0	1.0
112	0.0	2.0	1.0
113	0.0	2.0	1.0
114	16.0	2.0	1.0
115	20.0	3.0	1.0
116	15.0	3.0	1.0
117	0.0	2.0	1.0
118	13.0	3.0	1.0
119	15.0	2.0	1.0
120	0.0	2.0	1.0
121	20.0	3.0	1.0
122	-1.0	0.0	-1.0
123	19.0	3.0	1.0
124	-1.0	0.0	-1.0
125	-1.0	0.0	-1.0
126	12.0	3.0	1.0
127	-1.0	0.0	-1.0
128	9.0	2.0	1.0
129	18.0	3.0	1.0
130	25.0	3.0	1.0
131	0.0	2.0	1.0
132	-1.0	0.0	-1.0
133	15.0	2.0	1.0
134	9.0	2.0	1.0
135	-1.0	0.0	-1.0
136	0.0	2.0	1.0
137	-1.0	0.0	-1.0
138	9.0	2.0	1.0
139	20.0	3.0	1.0
140	23.0	3.0	1.0
141	0.0	2.0	1.0
142	-1.0	0.0	-1.0
143	-1.0	0.0	0.0
144	22.0	2.0	1.0
145	23.0	3.0	1.0
146	16.0	2.0	1.0
147	18.0	2.0	1.0
148	0.0	2.0	1.0
149	8.0	2.0	1.0
150	26.0	3.0	1.0
151	22.0	2.0	1.0
152	23.0	2.0	1.0
153	14.0	3.0	1.0
154	0.0	2.0	1.0
155	-1.0	0.0	-1.0
156	23.0	2.0	1.0
157	-1.0	0.0	-1.0
158	18.0	3.0	1.0
159	0.0	2.0	1.0
160	15.0	2.0	1.0
161	24.0	2.0	1.0
162	13.0	3.0	1.0
163	14.0	3.0	1.0
164	17.0	2.0	1.0
165	-1.0	0.0	0.0
166	0.0	2.0	1.0
167	-1.0	0.0	-1.0
168	16.0	2.0	1.0
169	28.0	3.0	1.0
170	10.0	3.0	1.0
171	17.0	3.0	1.0
172	8.0	2.0	1.0
173	0.0	2.0	1.0
174	-1.0	0.0	0.0
175	-1.0	0.0	-1.0
176	25.0	3.0	1.0
177	24.0	3.0	1.0
178	0.0	2.0	1.0
179	22.0	3.0	1.0
180	16.0	2.0	1.0
181	17.0	2.0	1.0
182	15.0	2.0	1.0
183	17.0	3.0	1.0
184	20.0	3.0	1.0
185	-1.0	0.0	-1.0
186	-1.0	0.0	-1.0
187	10.0	2.0	1.0
188	16.0	2.0	1.0
189	-1.0	0.0	0.0
190	-1.0	0.0	0.0
191	11.0	3.0	1.0
192	17.0	2.0	1.0
193	8.0	2.0	1.0
194	9.0	3.0	1.0
195	27.0	3.0	1.0
196	20.0	3.0	1.0
197	19.0	2.0	1.0
198	0.0	2.0	1.0
199	-1.0	0.0	0.0
200	-1.0	0.0	-1.0
201	0.0	2.0	1.0
202	8.0	3.0	1.0
203	0.0	2.0	1.0
204	18.0	3.0	1.0
205	25.0	3.0	1.0
206	-1.0	0.0	0.0
207	-1.0	0.0	0.0
208	16.0	2.0	1.0
209	23.0	2.0	1.0
210	-1.0	0.0	-1.0
211	28.0	3.0	1.0
212	-1.0	0.0	-1.0
213	14.0	3.0	1.0
214	-1.0	0.0	0.0
215	16.0	3.0	1.0
216	-1.0	0.0	-1.0
217	0.0	2.0	1.0
218	18.0	2.0	1.0
219	-1.0	0.0	0.0
220	-1.0	0.0	-1.0
221	21.0	3.0	1.0
222	8.0	2.0	1.0
223	13.0	3.0	1.0
224	15.0	3.0	1.0
225	10.0	3.0	1.0
226	0.0	2.0	1.0
227	27.0	2.0	1.0
228	-1.0	0.0	0.0
229	-1.0	0.0	0.0
230	-1.0	0.0	0.0
231	-1.0	0.0	-1.0
232	-1.0	0.0	0.0
233	-1.0	0.0	-1.0
234	-1.0	0.0	-1.0
235	23.0	2.0	1.0
236	-1.0	0.0	0.0
237	10.0	3.0	1.0
238	0.0	2.0	1.0
239	25.0	3.0	1.0
240	11.0	2.0	1.0
241	20.0	3.0	1.0
242	-1.0	0.0	0.0
243	24.0	3.0	1.0
244	26.0	3.0	1.0
245	8.0	2.0	1.0
246	16.0	2.0	1.0
247	11.0	3.0	1.0
248	0.0	2.0	1.0
249	23.0	3.0	1.0
250	0.0	2.0	1.0
251	15.0	3.0	1.0
252	-1.0	0.0	-1.0
253	9.0	2.0	1.0
254	-1.0	0.0	0.0
255	22.0	2.0	1.0
256	0.0	2.0	1.0
257	0.0	2.0	1.0
258	8.0	2.0	1.0
259	9.0	3.0	1.0
260	23.0	3.0	1.0
261	15.0	2.0	1.0
262	0.0	2.0	1.0
263	20.0	3.0	1.0
264	28.0	3.0	1.0
265	0.0	2.0	1.0
266	-1.0	0.0	0.0
267	15.0	2.0	1.0
268	10.0	3.0	1.0
269	-1.0	0.0	0.0
270	0.0	2.0	1.0
271	12.0	2.0	1.0
272	26.0	3.0	1.0
273	-1.0	0.0	0.0
274	0.0	2.0	1.0
275	12.0	3.0	1.0
276	26.0	3.0	1.0
277	0.0	2.0	1.0
278	-1.0	0.0	0.0
279	-1.0	0.0	0.0
280	-1.0	0.0	-1.0
281	18.0	3.0	1.0
282	22.0	2.0	1.0
283	-1.0	0.0	-1.0
284	23.0	2.0	1.0
285	-1.0	0.0	-1.0
286	0.0	2.0	1.0
287	-1.0	0.0	-1.0
288	12.0	3.0	1.0
289	10.0	3.0	1.0
290	17.0	2.0	1.0
291	-1.0	0.0	-1.0
292	-1.0	0.0	-1.0
293	-1.0	0.0	-1.0
294	-1.0	0.0	0.0
295	24.0	2.0	1.0
296	0.0	2.0	1.0
297	-1.0	0.0	0.0
298	9.0	2.0	1.0
299	13.0	3.0	1.0
300	0.0	2.0	1.0
301	9.0	2.0	1.0
302	-1.0	0.0	-1.0
303	-1.0	0.0	0.0
304	-1.0	0.0	-1.0
305	21.0	2.0	1.0
306	-1.0	0.0	0.0
307	11.0	3.0	1.0
308	17.0	3.0	1.0
309	-1.0	0.0	-1.0
310	23.0	3.0	1.0
311	10.0	3.0	1.0
312	24.0	3.0	1.0
313	10.0	2.0	1.0
314	-1.0	0.0	-1.0
315	22.0	2.0	1.0
316	-1.0	0.0	0.0
317	-1.0	0.0	-1.0
318	-1.0	0.0	-1.0
319	-1.0	0.0	0.0
320	-1.0	0.0	-1.0
321	18.0	3.0	1.0
322	0.0	2.0	1.0
323	24.0	3.0	1.0
324	-1.0	0.0	-1.0
325	-1.0	0.0	0.0
326	-1.0	0.0	-1.0
327	-1.0	0.0	-1.0
328	0.0	2.0	1.0
329	-1.0	0.0	0.0
330	28.0	3.0	1.0
331	-1.0	0.0	0.0
332	0.0	2.0	1.0
333	-1.0	0.0	-1.0
334	-1.0	0.0	-1.0
335	8.0	2.0	1.0
336	-1.0	0.0	-1.0
337	-1.0	0.0	-1.0
338	-1.0	0.0	-1.0
339	18.0	2.0	1.0
340	16.0	2.0	1.0
341	-1.0	0.0	-1.0
342	21.0	3.0	1.0
343	16.0	2.0	1.0
344	-1.0	0.0	-1.0
345	0.0	2.0	1.0
346	0.0	2.0	1.0
347	0.0	2.0	1.0
348	0.0	2.0	1.0
349	-1.0	0.0	-1.0
350	16.0	3.0	1.0
351	16.0	2.0	1.0
352	17.0	2.0	1.0
353	10.0	3.0	1.0
354	19.0	3.0	1.0
355	-1.0	0.0	-1.0
356	25.0	3.0	1.0
357	22.0	2.0	1.0
358	26.0	3.0	1.0
359	18.0	3.0	1.0
360	0.0	2.0	1.0
361	-1.0	0.0	-1.0
362	23.0	2.0	1.0
363	10.0	2.0	1.0
364	9.0	2.0	1.0
365	9.0	3.0	1.0
366	-1.0	0.0	-1.0
367	-1.0	0.0	0.0
368	26.0	3.0	1.0
369	-1.0	0.0	-1.0
370	-1.0	0.0	0.0
371	0.0	2.0	1.0
372	13.0	3.0	1.0
373	26.0	3.0	1.0
374	23.0	2.0	1.0
375	16.0	2.0	1.0
376	23.0	2.0	1.0
377	-1.0	0.0	-1.0
378	-1.0	0.0	-1.0
379	14.0	3.0	1.0
380	-1.0	0.0	0.0
381	-1.0	0.0	-1.0
382	-1.0	0.0	-1.0
383	21.0	3.0	1.0
384	9.0	3.0	1.0
385	-1.0	0.0	-1.0
386	15.0	3.0	1.0
387	-1.0	0.0	-1.0
388	-1.0	0.0	-1.0
389	-1.0	0.0	-1.0
390	8.0	3.0	1.0
391	14.0	2.0	1.0
392	-1.0	0.0	-1.0
393	-1.0	0.0	-1.0
394	-1.0	0.0	-1.0
395	-1.0	0.0	-1.0
396	11.0	2.0	1.0
397	-1.0	0.0	-1.0
398	26.0	3.0	1.0
399	14.0	3.0	1.0
400	-1.0	0.0	0.0
401	-1.0	0.0	0.0
402	-1.0	0.0	-1.0
403	21.0	3.0	1.0
404	0.0	2.0	1.0
405	18.0	3.0	1.0
406	21.0	3.0	1.0
407	9.0	2.0	1.0
408	-1.0	0.0	-1.0
409	0.0	2.0	1.0
410	0.0	2.0	1.0
411	16.0	2.0	1.0
412	-1.0	0.0	-1.0
413	15.0	2.0	1.0
414	0.0	2.0	1.0
415	19.0	3.0	1.0
416	-1.0	0.0	0.0
417	25.0	3.0	1.0
418	-1.0	0.0	0.0
419	-1.0	0.0	-1.0
420	0.0	2.0	1.0
421	13.0	3.0	1.0
422	-1.0	0.0	-1.0
423	-1.0	0.0	-1.0
424	-1.0	0.0	-1.0
425	-1.0	0.0	-1.0
426	13.0	3.0	1.0
427	28.0	3.0	1.0
428	-1.0	0.0	-1.0
429	0.0	2.0	1.0
430	-1.0	0.0	0.0
431	-1.0	0.0	-1.0
432	-1.0	0.0	0.0
433	22.0	2.0	1.0
434	-1.0	0.0	-1.0
435	-1.0	0.0	-1.0
436	0.0	2.0	1.0
437	11.0	3.0	1.0
438	-1.0	0.0	0.0
439	26.0	3.0	1.0
440	-1.0	0.0	0.0
441	-1.0	0.0	-1.0
442	-1.0	0.0	-1.0
443	23.0	2.0	1.0
444	12.0	3.0	1.0
445	22.0	2.0	1.0
446	-1.0	0.0	-1.0
447	-1.0	0.0	-1.0
448	8.0	2.0	1.0
449	-1.0	0.0	-1.0
450	23.0	2.0	1.0
451	-1.0	0.0	0.0
452	-1.0	0.0	-1.0
453	-1.0	0.0	-1.0
454	13.0	3.0	1.0
455	0.0	2.0	1.0
456	-1.0	0.0	-1.0
457	23.0	2.0	1.0
458	-1.0	0.0	-1.0
459	-1.0	0.0	-1.0
460	-1.0	0.0	-1.0
461	-1.0	0.0	-1.0
462	17.0	2.0	1.0
463	-1.0	0.0	0.0
464	-1.0	0.0	0.0
465	0.0	2.0	1.0
466	22.0	2.0	1.0
467	0.0	2.0	1.0
468	27.0	3.0	1.0
469	27.0	2.0	1.0
470	0.0	2.0	1.0
471	-1.0	0.0	-1.0
472	13.0	3.0	1.0
473	-1.0	0.0	0.0
474	10.0	2.0	1.0
475	0.0	2.0	1.0
476	-1.0	0.0	-1.0
477	23.0	2.0	1.0
478	-1.0	0.0	-1.0
479	18.0	3.0	1.0
480	-1.0	0.0	-1.0
481	27.0	2.0	1.0
482	22.0	2.0	1.0
483	-1.0	0.0	0.0
484	28.0	2.0	1.0
485	23.0	3.0	1.0
486	-1.0	0.0	-1.0
487	-1.0	0.0	-1.0
488	-1.0	0.0	0.0
489	-1.0	0.0	-1.0
490	24.0	3.0	1.0
491	-1.0	0.0	-1.0
492	0.0	2.0	1.0
493	14.0	3.0	1.0
494	-1.0	0.0	-1.0
495	-1.0	0.0	-1.0
496	-1.0	0.0	-1.0
497	-1.0	0.0	-1.0
498	-1.0	0.0	-1.0
499	-1.0	0.0	-1.0
500	-1.0	0.0	-1.0
501	27.0	2.0	1.0
502	-1.0	0.0	0.0
503	-1.0	0.0	-1.0
504	15.0	3.0	1.0
505	-1.0	0.0	0.0
506	8.0	2.0	1.0
507	-1.0	0.0	-1.0
508	-1.0	0.0	0.0
509	-1.0	0.0	-1.0
510	-1.0	0.0	-1.0
511	0.0	2.0	1.0
512	-1.0	0.0	0.0
513	-1.0	0.0	-1.0
514	-1.0	0.0	0.0
515	-1.0	0.0	-1.0
516	-1.0	0.0	-1.0
517	0.0	2.0	1.0
518	18.0	2.0	1.0
519	0.0	2.0	1.0
520	0.0	2.0	1.0
521	11.0	2.0	1.0
522	15.0	2.0	1.0
523	-1.0	0.0	-1.0
524	24.0	3.0	1.0
525	-1.0	0.0	-1.0
526	-1.0	0.0	-1.0
527	-1.0	0.0	-1.0
528	-1.0	0.0	-1.0
529	15.0	2.0	1.0
530	10.0	2.0	1.0
531	-1.0	0.0	0.0
532	-1.0	0.0	0.0
533	-1.0	0.0	0.0
534	19.0	2.0	1.0
535	-1.0	0.0	-1.0
536	15.0	2.0	1.0
537	-1.0	0.0	-1.0
538	-1.0	0.0	0.0
539	25.0	3.0	1.0
540	17.0	2.0	1.0
541	-1.0	0.0	-1.0
542	-1.0	0.0	0.0
543	0.0	2.0	1.0
544	-1.0	0.0	-1.0
545	-1.0	0.0	0.0
546	0.0	2.0	1.0
547	0.0	2.0	1.0
548	-1.0	0.0	-1.0
549	-1.0	0.0	-1.0
550	18.0	2.0	1.0
551	-1.0	0.0	-1.0
552	9.0	2.0	1.0
553	-1.0	0.0	-1.0
554	-1.0	0.0	-1.0
555	-1.0	0.0	0.0
556	-1.0	0.0	-1.0
557	-1.0	0.0	0.0
558	-1.0	0.0	-1.0
559	20.0	3.0	1.0
560	-1.0	0.0	0.0
561	25.0	2.0	1.0
562	-1.0	0.0	-1.0
563	10.0	3.0	1.0
564	0.0	2.0	1.0
565	15.0	2.0	1.0
566	-1.0	0.0	0.0
567	0.0	2.0	1.0
568	0.0	2.0	1.0
569	-1.0	0.0	-1.0
570	-1.0	0.0	-1.0
571	-1.0	0.0	-1.0
572	28.0	3.0	1.0
573	0.0	2.0	1.0
574	-1.0	0.0	-1.0
575	-1.0	0.0	-1.0
576	-1.0	0.0	-1.0
577	-1.0	0.0	0.0
578	15.0	2.0	1.0
579	-1.0	0.0	-1.0
580	-1.0	0.0	-1.0
581	-1.0	0.0	0.0
582	22.0	2.0	1.0
583	18.0	3.0	1.0
584	-1.0	0.0	-1.0
585	25.0	2.0	1.0
586	25.0	2.0	1.0
587	-1.0	0.0	-1.0
588	-1.0	0.0	-1.0
589	0.0	2.0	1.0
590	8.0	2.0	1.0
591	0.0	2.0	1.0
592	0.0	2.0	1.0
593	-1.0	0.0	0.0
594	18.0	2.0	1.0
595	23.0	2.0	1.0
596	-1.0	0.0	-1.0
597	18.0	3.0	1.0
598	13.0	3.0	1.0
599	-1.0	0.0	-1.0
600	0.0	2.0	1.0
601	-1.0	0.0	-1.0
602	-1.0	0.0	0.0
603	21.0	2.0	1.0
604	-1.0	0.0	-1.0
605	-1.0	0.0	-1.0
606	-1.0	0.0	-1.0
607	-1.0	0.0	-1.0
608	0.0	2.0	1.0
609	23.0	2.0	1.0
610	-1.0	0.0	-1.0
611	-1.0	0.0	0.0
612	20.0	3.0	1.0
613	12.0	3.0	1.0
614	-1.0	0.0	-1.0
615	15.0	2.0	1.0
616	-1.0	0.0	0.0
617	0.0	2.0	1.0
618	-1.0	0.0	-1.0
619	-1.0	0.0	-1.0
620	9.0	2.0	1.0
621	10.0	2.0	1.0
622	23.0	2.0	1.0
623	-1.0	0.0	-1.0
624	-1.0	0.0	0.0
625	-1.0	0.0	-1.0
626	-1.0	0.0	0.0
627	24.0	2.0	1.0
628	-1.0	0.0	0.0
629	11.0	3.0	1.0
630	-1.0	0.0	0.0
631	-1.0	0.0	-1.0
632	19.0	2.0	1.0
633	-1.0	0.0	0.0
634	-1.0	0.0	0.0
635	-1.0	0.0	0.0
636	-1.0	0.0	-1.0
637	-1.0	0.0	0.0
638	25.0	3.0	1.0
639	-1.0	0.0	0.0
640	23.0	2.0	1.0
641	-1.0	0.0	-1.0
642	21.0	2.0	1.0
643	21.0	3.0	1.0
644	-1.0	0.0	-1.0
645	24.0	3.0	1.0
646	9.0	2.0	1.0
647	19.0	3.0	1.0
648	-1.0	0.0	-1.0
649	-1.0	0.0	-1.0
650	-1.0	0.0	-1.0
651	-1.0	0.0	0.0
652	22.0	2.0	1.0
653	23.0	3.0	1.0
654	-1.0	0.0	-1.0
655	-1.0	0.0	-1.0
656	23.0	2.0	1.0
657	-1.0	0.0	0.0
658	-1.0	0.0	-1.0
659	11.0	2.0	1.0
660	-1.0	0.0	0.0
661	0.0	2.0	1.0
662	21.0	2.0	1.0
663	23.0	2.0	1.0
664	-1.0	0.0	-1.0
665	23.0	3.0	1.0
666	-1.0	0.0	-1.0
667	-1.0	0.0	-1.0
668	-1.0	0.0	0.0
669	0.0	2.0	1.0
670	-1.0	0.0	0.0
671	-1.0	0.0	0.0
672	-1.0	0.0	-1.0
673	-1.0	0.0	-1.0
674	-1.0	0.0	-1.0
675	-1.0	0.0	-1.0
676	-1.0	0.0	-1.0
677	-1.0	0.0	0.0
678	-1.0	0.0	0.0
679	0.0	2.0	1.0
680	-1.0	0.0	0.0
681	17.0	2.0	1.0
682	-1.0	0.0	0.0
683	25.0	3.0	1.0
684	-1.0	0.0	-1.0
685	-1.0	0.0	-1.0
686	-1.0	0.0	-1.0
687	-1.0	0.0	0.0
688	-1.0	0.0	0.0
689	-1.0	0.0	0.0
690	-1.0	0.0	-1.0
691	26.0	2.0	1.0
692	-1.0	0.0	-1.0
693	-1.0	0.0	0.0
694	-1.0	0.0	-1.0
695	-1.0	0.0	-1.0
696	9.0	3.0	1.0
697	-1.0	0.0	-1.0
698	-1.0	0.0	0.0
699	-1.0	0.0	-1.0
700	26.0	3.0	1.0
701	-1.0	0.0	-1.0
702	-1.0	0.0	-1.0
703	-1.0	0.0	0.0
704	-1.0	0.0	0.0
705	-1.0	0.0	-1.0
706	-1.0	0.0	-1.0
707	15.0	2.0	1.0
708	-1.0	0.0	-1.0
709	-1.0	0.0	-1.0
710	0.0	2.0	1.0
711	-1.0	0.0	-1.0
712	-1.0	0.0	-1.0
713	19.0	2.0	1.0
714	-1.0	0.0	-1.0
715	-1.0	0.0	-1.0
716	24.0	3.0	1.0
717	-1.0	0.0	0.0
718	-1.0	0.0	-1.0
719	-1.0	0.0	0.0
720	-1.0	0.0	-1.0
721	-1.0	0.0	-1.0
722	0.0	2.0	1.0
723	22.0	2.0	1.0
724	-1.0	0.0	-1.0
725	28.0	2.0	1.0
726	17.0	2.0	1.0
727	-1.0	0.0	-1.0
728	-1.0	0.0	-1.0
729	24.0	2.0	1.0
730	-1.0	0.0	-1.0
731	-1.0	0.0	-1.0
732	-1.0	0.0	-1.0
733	-1.0	0.0	0.0
734	0.0	2.0	1.0
735	0.0	2.0	1.0
736	-1.0	0.0	-1.0
737	-1.0	0.0	-1.0
738	22.0	2.0	1.0
739	-1.0	0.0	0.0
740	11.0	2.0	1.0
741	-1.0	0.0	-1.0
742	-1.0	0.0	-1.0
743	-1.0	0.0	-1.0
744	-1.0	0.0	-1.0
745	-1.0	0.0	-1.0
746	-1.0	0.0	-1.0
747	-1.0	0.0	-1.0
748	-1.0	0.0	0.0
749	-1.0	0.0	-1.0
750	-1.0	0.0	-1.0
751	0.0	2.0	1.0
752	-1.0	0.0	-1.0
753	-1.0	0.0	0.0
754	0.0	2.0	1.0
755	-1.0	0.0	-1.0
756	26.0	2.0	1.0
757	-1.0	0.0	-1.0
758	8.0	2.0	1.0
759	-1.0	0.0	-1.0
760	-1.0	0.0	0.0
761	-1.0	0.0	-1.0
762	-1.0	0.0	0.0
763	-1.0	0.0	-1.0
764	-1.0	0.0	-1.0
765	0.0	2.0	1.0
766	9.0	2.0	1.0
767	-1.0	0.0	-1.0
768	-1.0	0.0	0.0
769	-1.0	0.0	-1.0
770	17.0	3.0	1.0
771	26.0	3.0	1.0
772	11.0	2.0	1.0
773	0.0	2.0	1.0
774	-1.0	0.0	-1.0
775	-1.0	0.0	-1.0
776	15.0	2.0	1.0
777	25.0	2.0	1.0
778	0.0	2.0	1.0
779	-1.0	0.0	-1.0
780	-1.0	0.0	0.0
781	-1.0	0.0	0.0
782	10.0	3.0	1.0
783	-1.0	0.0	-1.0
784	-1.0	0.0	-1.0
785	24.0	2.0	1.0
786	0.0	2.0	1.0
787	0.0	2.0	1.0
788	-1.0	0.0	0.0
789	12.0	3.0	1.0
790	22.0	3.0	1.0
791	-1.0	0.0	0.0
792	-1.0	0.0	-1.0
793	-1.0	0.0	-1.0
794	-1.0	0.0	-1.0
795	-1.0	0.0	0.0
796	-1.0	0.0	0.0
797	-1.0	0.0	0.0
798	-1.0	0.0	0.0
799	-1.0	0.0	0.0
800	19.0	3.0	1.0
801	-1.0	0.0	0.0
802	0.0	2.0	1.0
803	-1.0	0.0	0.0
804	-1.0	0.0	-1.0
805	0.0	2.0	1.0
806	-1.0	0.0	-1.0
807	0.0	2.0	1.0
808	9.0	2.0	1.0
809	-1.0	0.0	-1.0
810	-1.0	0.0	-1.0
811	0.0	2.0	1.0
812	13.0	2.0	1.0
813	23.0	2.0	1.0
814	-1.0	0.0	0.0
815	-1.0	0.0	-1.0
816	-1.0	0.0	0.0
817	26.0	2.0	1.0
818	-1.0	0.0	0.0
819	-1.0	0.0	0.0
820	9.0	2.0	1.0
821	23.0	2.0	1.0
822	16.0	2.0	1.0
823	-1.0	0.0	0.0
824	8.0	2.0	1.0
825	-1.0	0.0	-1.0
826	-1.0	0.0	-1.0
827	-1.0	0.0	-1.0
828	-1.0	0.0	-1.0
829	-1.0	0.0	0.0
830	-1.0	0.0	-1.0
831	-1.0	0.0	-1.0
832	-1.0	0.0	0.0
833	-1.0	0.0	-1.0
834	27.0	3.0	1.0
835	9.0	2.0	1.0
836	24.0	2.0	1.0
837	0.0	2.0	1.0
838	-1.0	0.0	0.0
839	0.0	2.0	1.0
840	10.0	3.0	1.0
841	17.0	3.0	1.0
842	-1.0	0.0	-1.0
843	-1.0	0.0	0.0
844	19.0	2.0	1.0
845	-1.0	0.0	-1.0
846	-1.0	0.0	0.0
847	-1.0	0.0	-1.0
848	20.0	3.0	1.0
849	-1.0	0.0	-1.0
850	14.0	2.0	1.0
851	10.0	3.0	1.0
852	-1.0	0.0	-1.0
853	27.0	2.0	1.0
854	12.0	2.0	1.0
855	-1.0	0.0	0.0
856	-1.0	0.0	-1.0
857	-1.0	0.0	-1.0
858	8.0	2.0	1.0
859	26.0	3.0	1.0
860	0.0	2.0	1.0
861	-1.0	0.0	0.0
862	-1.0	0.0	-1.0
863	-1.0	0.0	0.0
864	0.0	2.0	1.0
865	-1.0	0.0	-1.0
866	-1.0	0.0	-1.0
867	0.0	2.0	1.0
868	-1.0	0.0	0.0
869	-1.0	0.0	0.0
870	-1.0	0.0	0.0
871	-1.0	0.0	0.0
872	-1.0	0.0	-1.0
873	12.0	3.0	1.0
874	-1.0	0.0	-1.0
875	-1.0	0.0	0.0
876	-1.0	0.0	0.0
877	-1.0	0.0	0.0
878	-1.0	0.0	-1.0
879	-1.0	0.0	-1.0
880	10.0	2.0	1.0
881	-1.0	0.0	-1.0
882	0.0	2.0	1.0
883	-1.0	0.0	-1.0
884	11.0	2.0	1.0
885	-1.0	0.0	-1.0
886	18.0	2.0	1.0
887	-1.0	0.0	-1.0
888	10.0	3.0	1.0
889	-1.0	0.0	-1.0
890	16.0	2.0	1.0
891	25.0	2.0	1.0
892	-1.0	0.0	-1.0
893	-1.0	0.0	0.0
894	25.0	2.0	1.0
895	-1.0	0.0	-1.0
896	-1.0	0.0	0.0
897	0.0	2.0	1.0
898	-1.0	0.0	-1.0
899	0.0	2.0	1.0
900	-1.0	0.0	0.0
901	13.0	2.0	1.0
902	24.0	3.0	1.0
903	24.0	2.0	1.0
904	-1.0	0.0	-1.0
905	-1.0	0.0	0.0
906	23.0	3.0	1.0
907	-1.0	0.0	-1.0
908	-1.0	0.0	-1.0
909	-1.0	0.0	-1.0
910	-1.0	0.0	0.0
911	-1.0	0.0	-1.0
912	-1.0	0.0	-1.0
913	-1.0	0.0	-1.0
914	12.0	3.0	1.0
915	20.0	3.0	1.0
916	26.0	2.0	1.0
917	0.0	2.0	1.0
918	-1.0	0.0	0.0
919	-1.0	0.0	0.0
920	-1.0	0.0	-1.0
921	8.0	3.0	1.0
922	0.0	2.0	1.0
923	-1.0	0.0	-1.0
924	-1.0	0.0	-1.0
925	-1.0	0.0	0.0
926	-1.0	0.0	0.0
927	-1.0	0.0	-1.0
928	-1.0	0.0	-1.0
929	-1.0	0.0	0.0
930	-1.0	0.0	-1.0
931	12.0	2.0	1.0
932	-1.0	0.0	0.0
933	10.0	3.0	1.0
934	0.0	2.0	1.0
935	-1.0	0.0	-1.0
936	-1.0	0.0	-1.0
937	-1.0	0.0	0.0
938	-1.0	0.0	0.0
939	10.0	3.0	1.0
940	-1.0	0.0	-1.0
941	-1.0	0.0	0.0
942	0.0	2.0	1.0
943	-1.0	0.0	0.0
944	0.0	2.0	1.0
945	-1.0	0.0	-1.0
946	-1.0	0.0	-1.0
947	-1.0	0.0	0.0
948	-1.0	0.0	-1.0
949	0.0	2.0	1.0
950	-1.0	0.0	0.0
951	-1.0	0.0	0.0
952	15.0	2.0	1.0
953	15.0	2.0	1.0
954	-1.0	0.0	-1.0
955	0.0	2.0	1.0
956	-1.0	0.0	-1.0
957	-1.0	0.0	-1.0
958	-1.0	0.0	-1.0
959	25.0	3.0	1.0
960	-1.0	0.0	0.0
961	-1.0	0.0	0.0
962	-1.0	0.0	0.0
963	-1.0	0.0	-1.0
964	-1.0	0.0	-1.0
965	-1.0	0.0	0.0
966	-1.0	0.0	0.0
967	-1.0	0.0	0.0
968	-1.0	0.0	-1.0
969	-1.0	0.0	-1.0
970	19.0	2.0	1.0
971	-1.0	0.0	-1.0
972	0.0	2.0	1.0
973	20.0	2.0	1.0
974	0.0	2.0	1.0
975	0.0	2.0	1.0
976	-1.0	0.0	0.0
977	-1.0	0.0	-1.0
978	9.0	2.0	1.0
979	-1.0	0.0	-1.0
980	22.0	3.0	1.0
981	17.0	2.0	1.0
982	-1.0	0.0	-1.0
983	-1.0	0.0	-1.0
984	-1.0	0.0	-1.0
985	-1.0	0.0	-1.0
986	22.0	2.0	1.0
987	0.0	2.0	1.0
988	20.0	3.0	1.0
989	-1.0	0.0	0.0
990	-1.0	0.0	0.0
991	0.0	2.0	1.0
992	-1.0	0.0	-1.0
993	-1.0	0.0	-1.0
994	0.0	2.0	1.0
995	-1.0	0.0	-1.0
996	-1.0	0.0	0.0
997	-1.0	0.0	-1.0
998	-1.0	0.0	-1.0
999	28.0	3.0	1.0
1000	12.0	2.0	1.0
1001	-1.0	0.0	-1.0
1002	12.0	3.0	1.0
1003	19.0	2.0	1.0
1004	-1.0	0.0	0.0
1005	26.0	2.0	1.0
1006	26.0	3.0	1.0
1007	-1.0	0.0	0.0
1008	-1.0	0.0	-1.0
1009	-1.0	0.0	-1.0
1010	-1.0	0.0	0.0
1011	-1.0	0.0	-1.0
1012	-1.0	0.0	0.0
1013	-1.0	0.0	-1.0
1014	-1.0	0.0	0.0
1015	-1.0	0.0	-1.0
1016	-1.0	0.0	0.0
1017	9.0	2.0	1.0
1018	-1.0	0.0	0.0
1019	-1.0	0.0	0.0
1020	-1.0	0.0	-1.0
1021	-1.0	0.0	0.0
1022	-1.0	0.0	0.0
1023	-1.0	0.0	-1.0
1024	-1.0	0.0	0.0
1025	-1.0	0.0	-1.0
1026	-1.0	0.0	-1.0
1027	0.0	2.0	1.0
1028	-1.0	0.0	-1.0
1029	-1.0	0.0	-1.0
1030	12.0	2.0	1.0
1031	-1.0	0.0	0.0
1032	-1.0	0.0	-1.0
1033	-1.0	0.0	0.0
1034	0.0	2.0	1.0
1035	-1.0	0.0	0.0
1036	-1.0	0.0	0.0
1037	17.0	2.0	1.0
1038	-1.0	0.0	0.0
1039	20.0	3.0	1.0
1040	-1.0	0.0	-1.0
1041	-1.0	0.0	-1.0
1042	-1.0	0.0	-1.0
1043	18.0	2.0	1.0
1044	0.0	2.0	1.0
1045	-1.0	0.0	-1.0
1046	-1.0	0.0	-1.0
1047	-1.0	0.0	-1.0
1048	0.0	2.0	1.0
1049	-1.0	0.0	-1.0
1050	-1.0	0.0	0.0
1051	-1.0	0.0	0.0
1052	24.0	3.0	1.0
1053	-1.0	0.0	0.0
1054	-1.0	0.0	0.0
1055	-1.0	0.0	0.0
1056	-1.0	0.0	0.0
1057	-1.0	0.0	-1.0
1058	-1.0	0.0	-1.0
1059	-1.0	0.0	-1.0
1060	0.0	2.0	1.0
1061	-1.0	0.0	-1.0
1062	11.0	2.0	1.0
1063	26.0	3.0	1.0
1064	-1.0	0.0	0.0
1065	21.0	3.0	1.0
1066	9.0	2.0	1.0
1067	19.0	3.0	1.0
1068	-1.0	0.0	-1.0
1069	-1.0	0.0	-1.0
1070	-1.0	0.0	-1.0
1071	26.0	2.0	1.0
1072	0.0	2.0	1.0
1073	8.0	2.0	1.0
1074	19.0	3.0	1.0
1075	13.0	3.0	1.0
1076	26.0	3.0	1.0
1077	-1.0	0.0	-1.0
1078	-1.0	0.0	-1.0
1079	11.0	2.0	1.0
1080	-1.0	0.0	-1.0
1081	9.0	3.0	1.0
1082	-1.0	0.0	-1.0
1083	-1.0	0.0	-1.0
1084	-1.0	0.0	-1.0
1085	24.0	2.0	1.0
1086	0.0	2.0	1.0
1087	-1.0	0.0	-1.0
1088	-1.0	0.0	0.0
1089	-1.0	0.0	-1.0
1090	-1.0	0.0	-1.0
1091	-1.0	0.0	-1.0
1092	-1.0	0.0	-1.0
1093	-1.0	0.0	0.0
1094	8.0	3.0	1.0
1095	24.0	3.0	1.0
1096	-1.0	0.0	-1.0
1097	-1.0	0.0	-1.0
1098	-1.0	0.0	-1.0
1099	-1.0	0.0	-1.0
1100	-1.0	0.0	0.0
1101	-1.0	0.0	-1.0
1102	0.0	2.0	1.0
1103	-1.0	0.0	-1.0
1104	11.0	2.0	1.0
1105	-1.0	0.0	0.0
1106	-1.0	0.0	0.0
1107	17.0	2.0	1.0
1108	23.0	2.0	1.0
1109	-1.0	0.0	-1.0
1110	-1.0	0.0	-1.0
1111	-1.0	0.0	-1.0
1112	-1.0	0.0	-1.0
1113	-1.0	0.0	0.0
1114	-1.0	0.0	0.0
1115	0.0	2.0	1.0
1116	0.0	2.0	1.0
1117	-1.0	0.0	-1.0
1118	0.0	2.0	1.0
1119	-1.0	0.0	0.0
1120	-1.0	0.0	-1.0
1121	-1.0	0.0	-1.0
1122	-1.0	0.0	0.0
1123	-1.0	0.0	0.0
1124	-1.0	0.0	-1.0
1125	-1.0	0.0	0.0
1126	-1.0	0.0	-1.0
1127	-1.0	0.0	-1.0
1128	-1.0	0.0	-1.0
1129	-1.0	0.0	-1.0
1130	-1.0	0.0	0.0
1131	14.0	2.0	1.0
1132	25.0	3.0	1.0
1133	-1.0	0.0	-1.0
1134	-1.0	0.0	0.0
1135	19.0	2.0	1.0
1136	12.0	3.0	1.0
1137	-1.0	0.0	-1.0
1138	-1.0	0.0	-1.0
1139	-1.0	0.0	-1.0
1140	-1.0	0.0	-1.0
1141	-1.0	0.0	0.0
1142	-1.0	0.0	-1.0
1143	-1.0	0.0	0.0
1144	-1.0	0.0	-1.0
1145	18.0	2.0	1.0
1146	-1.0	0.0	-1.0
1147	-1.0	0.0	-1.0
1148	25.0	3.0	1.0
1149	-1.0	0.0	-1.0
1150	-1.0	0.0	-1.0
1151	23.0	2.0	1.0
1152	-1.0	0.0	-1.0
1153	-1.0	0.0	-1.0
1154	-1.0	0.0	-1.0
1155	-1.0	0.0	-1.0
1156	-1.0	0.0	-1.0
1157	0.0	2.0	1.0
1158	26.0	2.0	1.0
1159	-1.0	0.0	0.0
1160	-1.0	0.0	0.0
1161	-1.0	0.0	-1.0
1162	-1.0	0.0	0.0
1163	-1.0	0.0	-1.0
1164	18.0	2.0	1.0
1165	-1.0	0.0	0.0
1166	-1.0	0.0	-1.0
1167	-1.0	0.0	-1.0
1168	-1.0	0.0	-1.0
1169	25.0	2.0	1.0
1170	-1.0	0.0	0.0
1171	-1.0	0.0	-1.0
1172	-1.0	0.0	0.0
1173	17.0	2.0	1.0
1174	-1.0	0.0	-1.0
1175	18.0	3.0	1.0
1176	-1.0	0.0	-1.0
1177	-1.0	0.0	0.0
1178	-1.0	0.0	0.0
1179	-1.0	0.0	-1.0
1180	-1.0	0.0	-1.0
1181	22.0	2.0	1.0
1182	25.0	3.0	1.0
1183	-1.0	0.0	-1.0
1184	-1.0	0.0	-1.0
1185	-1.0	0.0	0.0
1186	-1.0	0.0	0.0
1187	-1.0	0.0	0.0
1188	9.0	2.0	1.0
1189	-1.0	0.0	-1.0
1190	-1.0	0.0	0.0
1191	-1.0	0.0	0.0
1192	-1.0	0.0	-1.0
1193	-1.0	0.0	-1.0
1194	-1.0	0.0	-1.0
1195	-1.0	0.0	-1.0
1196	9.0	2.0	1.0
1197	-1.0	0.0	-1.0
1198	-1.0	0.0	-1.0
1199	-1.0	0.0	-1.0
1200	14.0	3.0	1.0
1201	-1.0	0.0	-1.0
1202	-1.0	0.0	-1.0
1203	-1.0	0.0	-1.0
1204	-1.0	0.0	-1.0
1205	-1.0	0.0	-1.0
1206	-1.0	0.0	0.0
1207	28.0	2.0	1.0
1208	0.0	2.0	1.0
1209	-1.0	0.0	-1.0
1210	18.0	2.0	1.0
1211	-1.0	0.0	-1.0
1212	-1.0	0.0	-1.0
1213	-1.0	0.0	-1.0
1214	0.0	2.0	1.0
1215	-1.0	0.0	-1.0
1216	-1.0	0.0	-1.0
1217	-1.0	0.0	0.0
1218	-1.0	0.0	-1.0
1219	-1.0	0.0	-1.0
1220	-1.0	0.0	-1.0
1221	-1.0	0.0	-1.0
1222	-1.0	0.0	-1.0
1223	-1.0	0.0	-1.0
1224	-1.0	0.0	0.0
1225	25.0	3.0	1.0
1226	-1.0	0.0	-1.0
1227	-1.0	0.0	-1.0
1228	0.0	2.0	1.0
1229	-1.0	0.0	-1.0
1230	20.0	3.0	1.0
1231	-1.0	0.0	0.0
1232	27.0	3.0	1.0
1233	-1.0	0.0	-1.0
1234	-1.0	0.0	-1.0
1235	-1.0	0.0	0.0
1236	26.0	3.0	1.0
1237	-1.0	0.0	0.0
1238	0.0	2.0	1.0
1239	-1.0	0.0	0.0
1240	0.0	2.0	1.0
1241	-1.0	0.0	-1.0
1242	12.0	3.0	1.0
1243	-1.0	0.0	-1.0
1244	-1.0	0.0	-1.0
1245	15.0	2.0	1.0
1246	-1.0	0.0	0.0
1247	-1.0	0.0	0.0
1248	-1.0	0.0	-1.0
1249	-1.0	0.0	-1.0
1250	-1.0	0.0	0.0
1251	-1.0	0.0	-1.0
1252	-1.0	0.0	-1.0
1253	-1.0	0.0	-1.0
1254	0.0	2.0	1.0
1255	-1.0	0.0	0.0
1256	-1.0	0.0	-1.0
1257	-1.0	0.0	-1.0
1258	-1.0	0.0	-1.0
1259	-1.0	0.0	0.0
1260	10.0	2.0	1.0
1261	-1.0	0.0	0.0
1262	12.0	2.0	1.0
1263	17.0	2.0	1.0
1264	-1.0	0.0	-1.0
1265	-1.0	0.0	-1.0
1266	10.0	3.0	1.0
1267	-1.0	0.0	-1.0
1268	22.0	3.0	1.0
1269	-1.0	0.0	0.0
1270	-1.0	0.0	0.0
1271	17.0	2.0	1.0
1272	16.0	2.0	1.0
1273	15.0	2.0	1.0
1274	-1.0	0.0	-1.0
1275	8.0	2.0	1.0
1276	9.0	2.0	1.0
1277	-1.0	0.0	-1.0
1278	-1.0	0.0	-1.0
1279	0.0	2.0	1.0
1280	-1.0	0.0	0.0
1281	-1.0	0.0	-1.0
1282	0.0	2.0	1.0
1283	-1.0	0.0	-1.0
1284	-1.0	0.0	0.0
1285	-1.0	0.0	0.0
1286	-1.0	0.0	-1.0
1287	-1.0	0.0	-1.0
1288	-1.0	0.0	-1.0
1289	13.0	3.0	1.0
1290	24.0	2.0	1.0
1291	9.0	3.0	1.0
1292	-1.0	0.0	-1.0
1293	-1.0	0.0	-1.0
1294	0.0	2.0	1.0
1295	-1.0	0.0	0.0
1296	17.0	2.0	1.0
1297	-1.0	0.0	-1.0
1298	14.0	3.0	1.0
1299	-1.0	0.0	0.0
1300	13.0	2.0	1.0
1301	-1.0	0.0	0.0
1302	-1.0	0.0	-1.0
1303	-1.0	0.0	-1.0
1304	-1.0	0.0	0.0
1305	-1.0	0.0	0.0
1306	-1.0	0.0	0.0
1307	-1.0	0.0	-1.0
1308	-1.0	0.0	-1.0
1309	23.0	2.0	1.0
1310	-1.0	0.0	-1.0
1311	11.0	2.0	1.0
1312	-1.0	0.0	-1.0
1313	-1.0	0.0	-1.0
1314	8.0	2.0	1.0
1315	-1.0	0.0	-1.0
1316	-1.0	0.0	-1.0
1317	-1.0	0.0	-1.0
1318	-1.0	0.0	-1.0
1319	28.0	2.0	1.0
1320	-1.0	0.0	0.0
1321	0.0	2.0	1.0
1322	17.0	2.0	1.0
1323	-1.0	0.0	-1.0
1324	-1.0	0.0	-1.0
1325	-1.0	0.0	-1.0
1326	27.0	2.0	1.0
1327	-1.0	0.0	-1.0
1328	26.0	2.0	1.0
1329	-1.0	0.0	-1.0
1330	-1.0	0.0	-1.0
1331	15.0	2.0	1.0
1332	-1.0	0.0	0.0
1333	8.0	2.0	1.0
1334	-1.0	0.0	0.0
1335	22.0	2.0	1.0
1336	9.0	2.0	1.0
1337	-1.0	0.0	0.0
1338	-1.0	0.0	-1.0
1339	-1.0	0.0	-1.0
1340	10.0	2.0	1.0
1341	-1.0	0.0	0.0
1342	18.0	3.0	1.0
1343	-1.0	0.0	0.0
1344	-1.0	0.0	-1.0
1345	0.0	2.0	1.0
1346	18.0	3.0	1.0
1347	-1.0	0.0	0.0
1348	-1.0	0.0	0.0
1349	-1.0	0.0	-1.0
1350	11.0	2.0	1.0
1351	-1.0	0.0	0.0
1352	0.0	2.0	1.0
1353	0.0	2.0	1.0
1354	-1.0	0.0	0.0
1355	18.0	2.0	1.0
1356	-1.0	0.0	-1.0
1357	-1.0	0.0	0.0
1358	-1.0	0.0	-1.0
1359	8.0	3.0	1.0
1360	26.0	2.0	1.0
1361	-1.0	0.0	-1.0
1362	13.0	3.0	1.0
1363	-1.0	0.0	-1.0
1364	-1.0	0.0	-1.0
1365	-1.0	0.0	-1.0
1366	-1.0	0.0	0.0
1367	-1.0	0.0	-1.0
1368	-1.0	0.0	-1.0
1369	-1.0	0.0	-1.0
1370	0.0	2.0	1.0
1371	27.0	2.0	1.0
1372	0.0	2.0	1.0
1373	-1.0	0.0	-1.0
1374	-1.0	0.0	-1.0
1375	-1.0	0.0	-1.0
1376	-1.0	0.0	-1.0
1377	-1.0	0.0	-1.0
1378	-1.0	0.0	-1.0
1379	-1.0	0.0	-1.0
1380	0.0	2.0	1.0
1381	-1.0	0.0	-1.0
1382	-1.0	0.0	0.0
1383	16.0	2.0	1.0
1384	-1.0	0.0	-1.0
1385	-1.0	0.0	0.0
1386	-1.0	0.0	0.0
1387	11.0	2.0	1.0
1388	-1.0	0.0	-1.0
1389	-1.0	0.0	0.0
1390	11.0	2.0	1.0
1391	-1.0	0.0	0.0
1392	14.0	2.0	1.0
1393	28.0	3.0	1.0
1394	11.0	2.0	1.0
1395	-1.0	0.0	-1.0
1396	23.0	3.0	1.0
1397	26.0	2.0	1.0
1398	-1.0	0.0	-1.0
1399	-1.0	0.0	0.0
1400	-1.0	0.0	0.0
1401	-1.0	0.0	0.0
1402	-1.0	0.0	-1.0
1403	13.0	3.0	1.0
1404	-1.0	0.0	-1.0
1405	-1.0	0.0	-1.0
1406	8.0	2.0	1.0
1407	-1.0	0.0	-1.0
1408	-1.0	0.0	-1.0
1409	-1.0	0.0	-1.0
1410	0.0	2.0	1.0
1411	15.0	3.0	1.0
1412	-1.0	0.0	0.0
1413	16.0	2.0	1.0
1414	-1.0	0.0	0.0
1415	-1.0	0.0	-1.0
1416	11.0	3.0	1.0
1417	-1.0	0.0	-1.0
1418	-1.0	0.0	0.0
1419	16.0	2.0	1.0
1420	-1.0	0.0	-1.0
1421	28.0	3.0	1.0
1422	-1.0	0.0	0.0
1423	-1.0	0.0	-1.0
1424	-1.0	0.0	-1.0
1425	0.0	2.0	1.0
1426	-1.0	0.0	-1.0
1427	-1.0	0.0	-1.0
1428	17.0	2.0	1.0
1429	23.0	2.0	1.0
1430	10.0	2.0	1.0
1431	-1.0	0.0	-1.0
1432	28.0	2.0	1.0
1433	0.0	2.0	1.0
1434	-1.0	0.0	0.0
1435	-1.0	0.0	0.0
1436	20.0	2.0	1.0
1437	0.0	2.0	1.0
1438	-1.0	0.0	-1.0
1439	-1.0	0.0	-1.0
1440	-1.0	0.0	-1.0
1441	-1.0	0.0	-1.0
1442	-1.0	0.0	0.0
1443	-1.0	0.0	-1.0
1444	-1.0	0.0	-1.0
1445	-1.0	0.0	-1.0
1446	-1.0	0.0	0.0
1447	19.0	2.0	1.0
1448	-1.0	0.0	0.0
1449	0.0	2.0	1.0
1450	-1.0	0.0	-1.0
1451	0.0	2.0	1.0
1452	-1.0	0.0	-1.0
1453	-1.0	0.0	-1.0
1454	-1.0	0.0	-1.0
1455	-1.0	0.0	-1.0
1456	-1.0	0.0	-1.0
1457	-1.0	0.0	0.0
1458	0.0	2.0	1.0
1459	-1.0	0.0	0.0
1460	13.0	2.0	1.0
1461	27.0	2.0	1.0
1462	0.0	2.0	1.0
1463	-1.0	0.0	-1.0
1464	-1.0	0.0	-1.0
1465	-1.0	0.0	0.0
1466	-1.0	0.0	-1.0
1467	22.0	2.0	1.0
1468	-1.0	0.0	0.0
1469	23.0	2.0	1.0
1470	-1.0	0.0	0.0
1471	-1.0	0.0	-1.0
1472	0.0	2.0	1.0
1473	-1.0	0.0	-1.0
1474	25.0	2.0	1.0
1475	-1.0	0.0	0.0
1476	-1.0	0.0	0.0
1477	-1.0	0.0	0.0
1478	-1.0	0.0	-1.0
1479	-1.0	0.0	0.0
1480	12.0	3.0	1.0
1481	-1.0	0.0	0.0
1482	-1.0	0.0	-1.0
1483	26.0	2.0	1.0
1484	-1.0	0.0	0.0
1485	-1.0	0.0	0.0
1486	12.0	2.0	1.0
1487	-1.0	0.0	-1.0
1488	-1.0	0.0	-1.0
1489	-1.0	0.0	-1.0
1490	-1.0	0.0	-1.0
1491	-1.0	0.0	-1.0
1492	-1.0	0.0	-1.0
1493	-1.0	0.0	-1.0
1494	-1.0	0.0	-1.0
1495	-1.0	0.0	-1.0
1496	-1.0	0.0	-1.0
1497	-1.0	0.0	0.0
1498	-1.0	0.0	0.0
1499	-1.0	0.0	-1.0
1500	-1.0	0.0	-1.0
1501	-1.0	0.0	-1.0
1502	-1.0	0.0	0.0
1503	10.0	3.0	1.0
1504	0.0	2.0	1.0
1505	-1.0	0.0	0.0
1506	-1.0	0.0	-1.0
1507	23.0	2.0	1.0
1508	-1.0	0.0	-1.0
1509	0.0	2.0	1.0
1510	28.0	3.0	1.0
1511	-1.0	0.0	-1.0
1512	11.0	2.0	1.0
1513	19.0	3.0	1.0
1514	-1.0	0.0	-1.0
1515	-1.0	0.0	-1.0
1516	-1.0	0.0	-1.0
1517	-1.0	0.0	0.0
1518	0.0	2.0	1.0
1519	-1.0	0.0	-1.0
1520	0.0	2.0	1.0
1521	0.0	2.0	1.0
1522	-1.0	0.0	-1.0
1523	-1.0	0.0	-1.0
1524	0.0	2.0	1.0
1525	-1.0	0.0	-1.0
1526	-1.0	0.0	0.0
1527	11.0	2.0	1.0
1528	-1.0	0.0	-1.0
1529	18.0	2.0	1.0
1530	-1.0	0.0	-1.0
1531	-1.0	0.0	0.0
1532	-1.0	0.0	-1.0
1533	-1.0	0.0	-1.0
1534	-1.0	0.0	-1.0
1535	-1.0	0.0	-1.0
1536	-1.0	0.0	0.0
1537	-1.0	0.0	0.0
1538	-1.0	0.0	-1.0
1539	-1.0	0.0	-1.0
1540	-1.0	0.0	0.0
1541	-1.0	0.0	0.0
1542	-1.0	0.0	0.0
1543	-1.0	0.0	-1.0
1544	-1.0	0.0	-1.0
1545	-1.0	0.0	0.0
1546	-1.0	0.0	0.0
1547	0.0	2.0	1.0
1548	-1.0	0.0	0.0
1549	-1.0	0.0	0.0
1550	-1.0	0.0	0.0
1551	-1.0	0.0	0.0
1552	-1.0	0.0	-1.0
1553	-1.0	0.0	0.0
1554	-1.0	0.0	-1.0
1555	-1.0	0.0	-1.0
1556	-1.0	0.0	0.0
1557	-1.0	0.0	0.0
1558	-1.0	0.0	0.0
1559	15.0	2.0	1.0
1560	0.0	2.0	1.0
1561	-1.0	0.0	-1.0
1562	-1.0	0.0	-1.0
1563	-1.0	0.0	-1.0
1564	-1.0	0.0	-1.0
1565	0.0	2.0	1.0
1566	-1.0	0.0	-1.0
1567	-1.0	0.0	0.0
1568	23.0	2.0	1.0
1569	-1.0	0.0	0.0
1570	-1.0	0.0	0.0
1571	-1.0	0.0	-1.0
1572	-1.0	0.0	-1.0
1573	-1.0	0.0	0.0
1574	-1.0	0.0	-1.0
1575	-1.0	0.0	-1.0
1576	0.0	2.0	1.0
1577	0.0	2.0	1.0
1578	-1.0	0.0	-1.0
1579	-1.0	0.0	0.0
1580	-1.0	0.0	-1.0
1581	10.0	2.0	1.0
1582	-1.0	0.0	-1.0
1583	0.0	2.0	1.0
1584	-1.0	0.0	-1.0
1585	12.0	2.0	1.0
1586	-1.0	0.0	0.0
1587	-1.0	0.0	0.0
1588	-1.0	0.0	-1.0
1589	-1.0	0.0	0.0
1590	25.0	2.0	1.0
1591	20.0	3.0	1.0
1592	-1.0	0.0	-1.0
1593	13.0	2.0	1.0
1594	-1.0	0.0	-1.0
1595	-1.0	0.0	-1.0
1596	-1.0	0.0	0.0
1597	-1.0	0.0	-1.0
1598	-1.0	0.0	0.0
1599	0.0	2.0	1.0
1600	-1.0	0.0	0.0
1601	-1.0	0.0	-1.0
1602	-1.0	0.0	-1.0
1603	-1.0	0.0	0.0
1604	0.0	2.0	1.0
1605	-1.0	0.0	0.0
1606	-1.0	0.0	0.0
1607	-1.0	0.0	-1.0
1608	8.0	2.0	1.0
1609	0.0	2.0	1.0
1610	-1.0	0.0	-1.0
1611	24.0	3.0	1.0
1612	-1.0	0.0	-1.0
1613	-1.0	0.0	0.0
1614	-1.0	0.0	-1.0
1615	-1.0	0.0	0.0
1616	-1.0	0.0	0.0
1617	-1.0	0.0	-1.0
1618	-1.0	0.0	-1.0
1619	-1.0	0.0	-1.0
1620	22.0	2.0	1.0
1621	-1.0	0.0	-1.0
1622	0.0	2.0	1.0
1623	10.0	2.0	1.0
1624	-1.0	0.0	-1.0
1625	-1.0	0.0	-1.0
1626	14.0	2.0	1.0
1627	-1.0	0.0	-1.0
1628	-1.0	0.0	0.0
1629	25.0	3.0	1.0
1630	-1.0	0.0	-1.0
1631	-1.0	0.0	-1.0
1632	24.0	2.0	1.0
1633	-1.0	0.0	0.0
1634	-1.0	0.0	0.0
1635	-1.0	0.0	-1.0
1636	-1.0	0.0	0.0
1637	21.0	3.0	1.0
1638	-1.0	0.0	0.0
1639	10.0	2.0	1.0
1640	12.0	3.0	1.0
1641	27.0	3.0	1.0
1642	-1.0	0.0	0.0
1643	28.0	2.0	1.0
1644	-1.0	0.0	0.0
1645	20.0	3.0	1.0
1646	10.0	2.0	1.0
1647	-1.0	0.0	0.0
1648	-1.0	0.0	-1.0
1649	17.0	2.0	1.0
1650	-1.0	0.0	0.0
1651	24.0	2.0	1.0
1652	-1.0	0.0	0.0
1653	0.0	2.0	1.0
1654	-1.0	0.0	-1.0
1655	-1.0	0.0	0.0
1656	-1.0	0.0	0.0
1657	-1.0	0.0	-1.0
1658	-1.0	0.0	-1.0
1659	-1.0	0.0	-1.0
1660	-1.0	0.0	0.0
1661	-1.0	0.0	-1.0
1662	-1.0	0.0	0.0
1663	-1.0	0.0	-1.0
1664	-1.0	0.0	-1.0
1665	15.0	3.0	1.0
1666	-1.0	0.0	-1.0
1667	23.0	2.0	1.0
1668	-1.0	0.0	0.0
1669	0.0	2.0	1.0
1670	-1.0	0.0	-1.0
1671	-1.0	0.0	0.0
1672	-1.0	0.0	-1.0
1673	-1.0	0.0	-1.0
1674	-1.0	0.0	-1.0
1675	-1.0	0.0	-1.0
1676	-1.0	0.0	-1.0
1677	25.0	2.0	1.0
1678	-1.0	0.0	0.0
1679	12.0	2.0	1.0
1680	-1.0	0.0	-1.0
1681	-1.0	0.0	-1.0
1682	-1.0	0.0	-1.0
1683	24.0	2.0	1.0
1684	0.0	2.0	1.0
1685	-1.0	0.0	-1.0
1686	-1.0	0.0	0.0
1687	-1.0	0.0	0.0
1688	-1.0	0.0	0.0
1689	-1.0	0.0	0.0
1690	-1.0	0.0	0.0
1691	-1.0	0.0	-1.0
1692	-1.0	0.0	-1.0
1693	-1.0	0.0	-1.0
1694	-1.0	0.0	-1.0
1695	-1.0	0.0	0.0
1696	-1.0	0.0	-1.0
1697	-1.0	0.0	-1.0
1698	-1.0	0.0	0.0
1699	-1.0	0.0	-1.0
1700	0.0	0.0	0.0
