index	outport	cost	SuccessFlag
0	0.0	2.0	1.0
1	22.0	3.0	1.0
2	8.0	2.0	1.0
3	25.0	3.0	1.0
4	10.0	3.0	1.0
5	0.0	2.0	1.0
6	0.0	2.0	1.0
7	10.0	3.0	1.0
8	0.0	2.0	1.0
9	8.0	2.0	1.0
10	20.0	3.0	1.0
11	12.0	3.0	1.0
12	10.0	3.0	1.0
13	0.0	2.0	1.0
14	0.0	2.0	1.0
15	22.0	2.0	1.0
16	14.0	3.0	1.0
17	14.0	3.0	1.0
18	22.0	2.0	1.0
19	19.0	3.0	1.0
20	12.0	3.0	1.0
21	0.0	2.0	1.0
22	15.0	2.0	1.0
23	0.0	2.0	1.0
24	20.0	3.0	1.0
25	12.0	3.0	1.0
26	22.0	2.0	1.0
27	20.0	3.0	1.0
28	12.0	3.0	1.0
29	22.0	2.0	1.0
30	16.0	3.0	1.0
31	15.0	2.0	1.0
32	9.0	3.0	1.0
33	22.0	2.0	1.0
34	25.0	3.0	1.0
35	-1.0	0.0	-1.0
36	16.0	3.0	1.0
37	14.0	3.0	1.0
38	20.0	3.0	1.0
39	16.0	3.0	1.0
40	-1.0	0.0	0.0
41	21.0	3.0	1.0
42	15.0	2.0	1.0
43	15.0	2.0	1.0
44	19.0	3.0	1.0
45	19.0	3.0	1.0
46	0.0	2.0	1.0
47	0.0	2.0	1.0
48	23.0	3.0	1.0
49	8.0	2.0	1.0
50	8.0	3.0	1.0
51	0.0	2.0	1.0
52	0.0	2.0	1.0
53	15.0	2.0	1.0
54	-1.0	0.0	-1.0
55	0.0	2.0	1.0
56	27.0	3.0	1.0
57	0.0	2.0	1.0
58	9.0	2.0	1.0
59	-1.0	0.0	-1.0
60	-1.0	0.0	-1.0
61	0.0	2.0	1.0
62	8.0	2.0	1.0
63	21.0	3.0	1.0
64	24.0	3.0	1.0
65	8.0	3.0	1.0
66	23.0	2.0	1.0
67	0.0	2.0	1.0
68	0.0	2.0	1.0
69	0.0	2.0	1.0
70	0.0	2.0	1.0
71	0.0	2.0	1.0
72	18.0	3.0	1.0
73	0.0	2.0	1.0
74	15.0	2.0	1.0
75	22.0	2.0	1.0
76	-1.0	0.0	-1.0
77	11.0	3.0	1.0
78	10.0	2.0	1.0
79	23.0	3.0	1.0
80	0.0	2.0	1.0
81	0.0	2.0	1.0
82	22.0	2.0	1.0
83	28.0	3.0	1.0
84	8.0	3.0	1.0
85	-1.0	0.0	0.0
86	-1.0	0.0	-1.0
87	22.0	2.0	1.0
88	0.0	2.0	1.0
89	10.0	3.0	1.0
90	8.0	2.0	1.0
91	22.0	3.0	1.0
92	26.0	3.0	1.0
93	0.0	2.0	1.0
94	15.0	3.0	1.0
95	28.0	3.0	1.0
96	25.0	3.0	1.0
97	24.0	3.0	1.0
98	9.0	3.0	1.0
99	0.0	2.0	1.0
100	0.0	2.0	1.0
101	0.0	2.0	1.0
102	14.0	3.0	1.0
103	11.0	2.0	1.0
104	17.0	3.0	1.0
105	18.0	3.0	1.0
106	0.0	2.0	1.0
107	18.0	2.0	1.0
108	22.0	2.0	1.0
109	0.0	2.0	1.0
110	0.0	2.0	1.0
111	9.0	2.0	1.0
112	0.0	2.0	1.0
113	23.0	3.0	1.0
114	8.0	3.0	1.0
115	17.0	3.0	1.0
116	-1.0	0.0	-1.0
117	22.0	2.0	1.0
118	-1.0	0.0	0.0
119	12.0	3.0	1.0
120	15.0	2.0	1.0
121	26.0	3.0	1.0
122	0.0	2.0	1.0
123	16.0	3.0	1.0
124	-1.0	0.0	-1.0
125	-1.0	0.0	-1.0
126	13.0	3.0	1.0
127	21.0	3.0	1.0
128	23.0	2.0	1.0
129	0.0	2.0	1.0
130	-1.0	0.0	-1.0
131	0.0	2.0	1.0
132	28.0	3.0	1.0
133	-1.0	0.0	-1.0
134	0.0	2.0	1.0
135	-1.0	0.0	-1.0
136	-1.0	0.0	-1.0
137	16.0	3.0	1.0
138	22.0	2.0	1.0
139	-1.0	0.0	-1.0
140	0.0	2.0	1.0
141	24.0	3.0	1.0
142	23.0	2.0	1.0
143	11.0	3.0	1.0
144	13.0	2.0	1.0
145	-1.0	0.0	-1.0
146	12.0	3.0	1.0
147	19.0	3.0	1.0
148	-1.0	0.0	-1.0
149	17.0	2.0	1.0
150	-1.0	0.0	0.0
151	0.0	2.0	1.0
152	-1.0	0.0	-1.0
153	0.0	2.0	1.0
154	24.0	2.0	1.0
155	21.0	3.0	1.0
156	19.0	3.0	1.0
157	-1.0	0.0	-1.0
158	15.0	2.0	1.0
159	0.0	2.0	1.0
160	21.0	3.0	1.0
161	16.0	3.0	1.0
162	16.0	2.0	1.0
163	16.0	2.0	1.0
164	-1.0	0.0	-1.0
165	-1.0	0.0	-1.0
166	0.0	2.0	1.0
167	26.0	2.0	1.0
168	15.0	2.0	1.0
169	0.0	2.0	1.0
170	9.0	2.0	1.0
171	8.0	2.0	1.0
172	-1.0	0.0	-1.0
173	-1.0	0.0	-1.0
174	15.0	2.0	1.0
175	20.0	3.0	1.0
176	16.0	2.0	1.0
177	0.0	2.0	1.0
178	22.0	2.0	1.0
179	22.0	2.0	1.0
180	8.0	2.0	1.0
181	-1.0	0.0	-1.0
182	0.0	2.0	1.0
183	-1.0	0.0	-1.0
184	8.0	2.0	1.0
185	-1.0	0.0	-1.0
186	-1.0	0.0	-1.0
187	0.0	2.0	1.0
188	0.0	2.0	1.0
189	17.0	3.0	1.0
190	15.0	2.0	1.0
191	16.0	2.0	1.0
192	25.0	3.0	1.0
193	16.0	2.0	1.0
194	14.0	3.0	1.0
195	23.0	3.0	1.0
196	22.0	2.0	1.0
197	11.0	2.0	1.0
198	13.0	3.0	1.0
199	-1.0	0.0	-1.0
200	-1.0	0.0	-1.0
201	-1.0	0.0	-1.0
202	15.0	2.0	1.0
203	18.0	3.0	1.0
204	0.0	2.0	1.0
205	15.0	3.0	1.0
206	-1.0	0.0	0.0
207	23.0	2.0	1.0
208	9.0	3.0	1.0
209	9.0	2.0	1.0
210	0.0	2.0	1.0
211	24.0	3.0	1.0
212	-1.0	0.0	-1.0
213	12.0	3.0	1.0
214	9.0	3.0	1.0
215	16.0	2.0	1.0
216	0.0	2.0	1.0
217	22.0	2.0	1.0
218	8.0	3.0	1.0
219	24.0	2.0	1.0
220	14.0	3.0	1.0
221	-1.0	0.0	-1.0
222	13.0	2.0	1.0
223	12.0	3.0	1.0
224	22.0	2.0	1.0
225	24.0	3.0	1.0
226	-1.0	0.0	-1.0
227	13.0	3.0	1.0
228	0.0	2.0	1.0
229	0.0	2.0	1.0
230	0.0	2.0	1.0
231	14.0	3.0	1.0
232	26.0	3.0	1.0
233	0.0	2.0	1.0
234	0.0	2.0	1.0
235	-1.0	0.0	-1.0
236	15.0	3.0	1.0
237	0.0	2.0	1.0
238	-1.0	0.0	-1.0
239	-1.0	0.0	-1.0
240	9.0	3.0	1.0
241	15.0	2.0	1.0
242	17.0	3.0	1.0
243	0.0	2.0	1.0
244	28.0	3.0	1.0
245	16.0	2.0	1.0
246	-1.0	0.0	-1.0
247	28.0	3.0	1.0
248	0.0	2.0	1.0
249	28.0	3.0	1.0
250	-1.0	0.0	-1.0
251	-1.0	0.0	0.0
252	15.0	2.0	1.0
253	25.0	3.0	1.0
254	-1.0	0.0	0.0
255	9.0	2.0	1.0
256	24.0	2.0	1.0
257	26.0	3.0	1.0
258	0.0	2.0	1.0
259	9.0	2.0	1.0
260	11.0	3.0	1.0
261	17.0	2.0	1.0
262	12.0	3.0	1.0
263	-1.0	0.0	0.0
264	0.0	2.0	1.0
265	22.0	2.0	1.0
266	21.0	3.0	1.0
267	22.0	2.0	1.0
268	27.0	3.0	1.0
269	22.0	2.0	1.0
270	8.0	3.0	1.0
271	10.0	2.0	1.0
272	-1.0	0.0	-1.0
273	19.0	3.0	1.0
274	-1.0	0.0	0.0
275	22.0	2.0	1.0
276	-1.0	0.0	0.0
277	25.0	2.0	1.0
278	23.0	3.0	1.0
279	24.0	2.0	1.0
280	0.0	2.0	1.0
281	-1.0	0.0	-1.0
282	24.0	2.0	1.0
283	12.0	3.0	1.0
284	-1.0	0.0	-1.0
285	16.0	3.0	1.0
286	9.0	2.0	1.0
287	9.0	2.0	1.0
288	-1.0	0.0	0.0
289	22.0	2.0	1.0
290	10.0	2.0	1.0
291	25.0	3.0	1.0
292	0.0	2.0	1.0
293	24.0	3.0	1.0
294	0.0	2.0	1.0
295	19.0	2.0	1.0
296	14.0	3.0	1.0
297	11.0	3.0	1.0
298	28.0	3.0	1.0
299	27.0	3.0	1.0
300	25.0	3.0	1.0
301	-1.0	0.0	0.0
302	22.0	2.0	1.0
303	0.0	2.0	1.0
304	-1.0	0.0	-1.0
305	26.0	2.0	1.0
306	0.0	2.0	1.0
307	-1.0	0.0	-1.0
308	10.0	3.0	1.0
309	-1.0	0.0	-1.0
310	20.0	3.0	1.0
311	-1.0	0.0	-1.0
312	-1.0	0.0	0.0
313	-1.0	0.0	-1.0
314	-1.0	0.0	0.0
315	-1.0	0.0	0.0
316	8.0	2.0	1.0
317	23.0	2.0	1.0
318	-1.0	0.0	0.0
319	25.0	2.0	1.0
320	8.0	2.0	1.0
321	8.0	2.0	1.0
322	-1.0	0.0	0.0
323	-1.0	0.0	-1.0
324	0.0	2.0	1.0
325	18.0	3.0	1.0
326	-1.0	0.0	-1.0
327	-1.0	0.0	-1.0
328	-1.0	0.0	-1.0
329	-1.0	0.0	0.0
330	-1.0	0.0	0.0
331	8.0	2.0	1.0
332	24.0	2.0	1.0
333	-1.0	0.0	-1.0
334	11.0	2.0	1.0
335	20.0	3.0	1.0
336	23.0	2.0	1.0
337	9.0	2.0	1.0
338	12.0	3.0	1.0
339	13.0	3.0	1.0
340	11.0	2.0	1.0
341	27.0	3.0	1.0
342	21.0	3.0	1.0
343	0.0	2.0	1.0
344	-1.0	0.0	-1.0
345	0.0	2.0	1.0
346	-1.0	0.0	0.0
347	-1.0	0.0	-1.0
348	16.0	2.0	1.0
349	13.0	3.0	1.0
350	-1.0	0.0	-1.0
351	18.0	3.0	1.0
352	-1.0	0.0	-1.0
353	9.0	3.0	1.0
354	-1.0	0.0	-1.0
355	-1.0	0.0	0.0
356	8.0	2.0	1.0
357	-1.0	0.0	-1.0
358	-1.0	0.0	0.0
359	15.0	2.0	1.0
360	11.0	2.0	1.0
361	21.0	3.0	1.0
362	-1.0	0.0	0.0
363	18.0	3.0	1.0
364	15.0	2.0	1.0
365	-1.0	0.0	0.0
366	-1.0	0.0	-1.0
367	-1.0	0.0	-1.0
368	0.0	2.0	1.0
369	17.0	2.0	1.0
370	17.0	3.0	1.0
371	-1.0	0.0	-1.0
372	13.0	3.0	1.0
373	9.0	2.0	1.0
374	-1.0	0.0	-1.0
375	0.0	2.0	1.0
376	13.0	2.0	1.0
377	14.0	3.0	1.0
378	0.0	2.0	1.0
379	0.0	2.0	1.0
380	22.0	2.0	1.0
381	-1.0	0.0	-1.0
382	-1.0	0.0	0.0
383	21.0	3.0	1.0
384	-1.0	0.0	0.0
385	22.0	2.0	1.0
386	14.0	3.0	1.0
387	17.0	3.0	1.0
388	-1.0	0.0	-1.0
389	-1.0	0.0	0.0
390	-1.0	0.0	0.0
391	-1.0	0.0	0.0
392	-1.0	0.0	-1.0
393	-1.0	0.0	-1.0
394	-1.0	0.0	-1.0
395	8.0	2.0	1.0
396	-1.0	0.0	0.0
397	0.0	2.0	1.0
398	24.0	3.0	1.0
399	-1.0	0.0	-1.0
400	-1.0	0.0	-1.0
401	0.0	2.0	1.0
402	17.0	3.0	1.0
403	15.0	2.0	1.0
404	-1.0	0.0	0.0
405	10.0	3.0	1.0
406	-1.0	0.0	0.0
407	-1.0	0.0	-1.0
408	27.0	3.0	1.0
409	-1.0	0.0	-1.0
410	-1.0	0.0	0.0
411	-1.0	0.0	-1.0
412	8.0	2.0	1.0
413	27.0	3.0	1.0
414	-1.0	0.0	0.0
415	0.0	2.0	1.0
416	-1.0	0.0	-1.0
417	0.0	2.0	1.0
418	17.0	3.0	1.0
419	-1.0	0.0	-1.0
420	-1.0	0.0	-1.0
421	25.0	3.0	1.0
422	-1.0	0.0	0.0
423	0.0	2.0	1.0
424	-1.0	0.0	0.0
425	-1.0	0.0	0.0
426	-1.0	0.0	-1.0
427	0.0	2.0	1.0
428	0.0	2.0	1.0
429	-1.0	0.0	0.0
430	0.0	2.0	1.0
431	-1.0	0.0	-1.0
432	0.0	2.0	1.0
433	-1.0	0.0	-1.0
434	-1.0	0.0	0.0
435	10.0	2.0	1.0
436	-1.0	0.0	-1.0
437	-1.0	0.0	-1.0
438	-1.0	0.0	-1.0
439	-1.0	0.0	-1.0
440	-1.0	0.0	-1.0
441	-1.0	0.0	-1.0
442	-1.0	0.0	-1.0
443	13.0	3.0	1.0
444	0.0	2.0	1.0
445	23.0	2.0	1.0
446	-1.0	0.0	-1.0
447	17.0	2.0	1.0
448	-1.0	0.0	0.0
449	-1.0	0.0	-1.0
450	-1.0	0.0	-1.0
451	-1.0	0.0	0.0
452	-1.0	0.0	0.0
453	-1.0	0.0	0.0
454	0.0	2.0	1.0
455	-1.0	0.0	-1.0
456	0.0	2.0	1.0
457	-1.0	0.0	-1.0
458	-1.0	0.0	0.0
459	-1.0	0.0	0.0
460	-1.0	0.0	-1.0
461	-1.0	0.0	-1.0
462	-1.0	0.0	-1.0
463	-1.0	0.0	-1.0
464	-1.0	0.0	-1.0
465	-1.0	0.0	-1.0
466	20.0	3.0	1.0
467	15.0	2.0	1.0
468	0.0	2.0	1.0
469	22.0	2.0	1.0
470	8.0	2.0	1.0
471	-1.0	0.0	-1.0
472	-1.0	0.0	-1.0
473	-1.0	0.0	-1.0
474	8.0	2.0	1.0
475	13.0	3.0	1.0
476	-1.0	0.0	-1.0
477	-1.0	0.0	-1.0
478	15.0	2.0	1.0
479	0.0	2.0	1.0
480	-1.0	0.0	-1.0
481	25.0	2.0	1.0
482	17.0	2.0	1.0
483	-1.0	0.0	-1.0
484	-1.0	0.0	-1.0
485	25.0	3.0	1.0
486	14.0	2.0	1.0
487	22.0	2.0	1.0
488	-1.0	0.0	0.0
489	-1.0	0.0	-1.0
490	0.0	2.0	1.0
491	19.0	3.0	1.0
492	17.0	3.0	1.0
493	-1.0	0.0	0.0
494	23.0	3.0	1.0
495	-1.0	0.0	0.0
496	25.0	2.0	1.0
497	-1.0	0.0	0.0
498	-1.0	0.0	-1.0
499	19.0	3.0	1.0
500	-1.0	0.0	-1.0
501	8.0	2.0	1.0
502	-1.0	0.0	-1.0
503	15.0	2.0	1.0
504	-1.0	0.0	0.0
505	-1.0	0.0	0.0
506	12.0	2.0	1.0
507	-1.0	0.0	-1.0
508	-1.0	0.0	0.0
509	-1.0	0.0	-1.0
510	16.0	3.0	1.0
511	0.0	2.0	1.0
512	13.0	3.0	1.0
513	16.0	2.0	1.0
514	16.0	3.0	1.0
515	-1.0	0.0	-1.0
516	0.0	2.0	1.0
517	9.0	3.0	1.0
518	0.0	2.0	1.0
519	-1.0	0.0	-1.0
520	-1.0	0.0	-1.0
521	-1.0	0.0	-1.0
522	11.0	3.0	1.0
523	-1.0	0.0	-1.0
524	-1.0	0.0	-1.0
525	9.0	2.0	1.0
526	-1.0	0.0	-1.0
527	-1.0	0.0	-1.0
528	17.0	3.0	1.0
529	-1.0	0.0	0.0
530	-1.0	0.0	-1.0
531	14.0	3.0	1.0
532	-1.0	0.0	-1.0
533	-1.0	0.0	-1.0
534	-1.0	0.0	0.0
535	0.0	2.0	1.0
536	-1.0	0.0	-1.0
537	-1.0	0.0	-1.0
538	12.0	3.0	1.0
539	8.0	2.0	1.0
540	-1.0	0.0	-1.0
541	-1.0	0.0	-1.0
542	16.0	2.0	1.0
543	0.0	2.0	1.0
544	-1.0	0.0	-1.0
545	-1.0	0.0	-1.0
546	9.0	2.0	1.0
547	20.0	3.0	1.0
548	-1.0	0.0	0.0
549	-1.0	0.0	-1.0
550	-1.0	0.0	-1.0
551	-1.0	0.0	-1.0
552	-1.0	0.0	-1.0
553	-1.0	0.0	-1.0
554	8.0	2.0	1.0
555	19.0	3.0	1.0
556	0.0	2.0	1.0
557	17.0	2.0	1.0
558	0.0	2.0	1.0
559	-1.0	0.0	-1.0
560	-1.0	0.0	-1.0
561	19.0	3.0	1.0
562	0.0	2.0	1.0
563	20.0	3.0	1.0
564	0.0	2.0	1.0
565	-1.0	0.0	-1.0
566	-1.0	0.0	-1.0
567	26.0	2.0	1.0
568	-1.0	0.0	0.0
569	20.0	3.0	1.0
570	-1.0	0.0	-1.0
571	-1.0	0.0	0.0
572	-1.0	0.0	-1.0
573	0.0	2.0	1.0
574	26.0	3.0	1.0
575	15.0	2.0	1.0
576	-1.0	0.0	-1.0
577	-1.0	0.0	-1.0
578	26.0	2.0	1.0
579	13.0	3.0	1.0
580	-1.0	0.0	0.0
581	-1.0	0.0	0.0
582	27.0	2.0	1.0
583	-1.0	0.0	-1.0
584	-1.0	0.0	-1.0
585	0.0	2.0	1.0
586	-1.0	0.0	-1.0
587	-1.0	0.0	-1.0
588	0.0	2.0	1.0
589	-1.0	0.0	-1.0
590	24.0	3.0	1.0
591	9.0	2.0	1.0
592	-1.0	0.0	-1.0
593	-1.0	0.0	-1.0
594	0.0	2.0	1.0
595	10.0	2.0	1.0
596	20.0	3.0	1.0
597	-1.0	0.0	0.0
598	0.0	2.0	1.0
599	-1.0	0.0	-1.0
600	19.0	2.0	1.0
601	-1.0	0.0	-1.0
602	-1.0	0.0	0.0
603	-1.0	0.0	-1.0
604	-1.0	0.0	-1.0
605	0.0	2.0	1.0
606	0.0	2.0	1.0
607	-1.0	0.0	0.0
608	22.0	2.0	1.0
609	20.0	3.0	1.0
610	11.0	3.0	1.0
611	0.0	2.0	1.0
612	-1.0	0.0	-1.0
613	-1.0	0.0	-1.0
614	-1.0	0.0	-1.0
615	0.0	2.0	1.0
616	16.0	2.0	1.0
617	-1.0	0.0	0.0
618	0.0	2.0	1.0
619	17.0	3.0	1.0
620	0.0	2.0	1.0
621	-1.0	0.0	-1.0
622	-1.0	0.0	-1.0
623	-1.0	0.0	-1.0
624	-1.0	0.0	-1.0
625	12.0	3.0	1.0
626	-1.0	0.0	-1.0
627	-1.0	0.0	-1.0
628	20.0	3.0	1.0
629	0.0	2.0	1.0
630	15.0	3.0	1.0
631	11.0	3.0	1.0
632	15.0	3.0	1.0
633	-1.0	0.0	-1.0
634	15.0	2.0	1.0
635	16.0	2.0	1.0
636	-1.0	0.0	0.0
637	16.0	2.0	1.0
638	20.0	3.0	1.0
639	-1.0	0.0	-1.0
640	-1.0	0.0	-1.0
641	-1.0	0.0	0.0
642	-1.0	0.0	0.0
643	-1.0	0.0	-1.0
644	10.0	2.0	1.0
645	-1.0	0.0	0.0
646	-1.0	0.0	0.0
647	0.0	2.0	1.0
648	-1.0	0.0	-1.0
649	18.0	2.0	1.0
650	-1.0	0.0	-1.0
651	-1.0	0.0	0.0
652	-1.0	0.0	-1.0
653	18.0	2.0	1.0
654	-1.0	0.0	0.0
655	0.0	2.0	1.0
656	0.0	2.0	1.0
657	0.0	2.0	1.0
658	-1.0	0.0	-1.0
659	20.0	2.0	1.0
660	16.0	2.0	1.0
661	-1.0	0.0	0.0
662	-1.0	0.0	0.0
663	-1.0	0.0	0.0
664	14.0	2.0	1.0
665	-1.0	0.0	-1.0
666	17.0	3.0	1.0
667	24.0	2.0	1.0
668	-1.0	0.0	-1.0
669	-1.0	0.0	-1.0
670	-1.0	0.0	-1.0
671	17.0	2.0	1.0
672	-1.0	0.0	-1.0
673	-1.0	0.0	0.0
674	-1.0	0.0	0.0
675	-1.0	0.0	-1.0
676	-1.0	0.0	0.0
677	22.0	2.0	1.0
678	28.0	3.0	1.0
679	0.0	2.0	1.0
680	-1.0	0.0	-1.0
681	-1.0	0.0	0.0
682	0.0	2.0	1.0
683	-1.0	0.0	-1.0
684	-1.0	0.0	-1.0
685	23.0	3.0	1.0
686	-1.0	0.0	0.0
687	14.0	3.0	1.0
688	14.0	2.0	1.0
689	17.0	2.0	1.0
690	-1.0	0.0	0.0
691	26.0	2.0	1.0
692	-1.0	0.0	-1.0
693	-1.0	0.0	0.0
694	-1.0	0.0	-1.0
695	-1.0	0.0	0.0
696	13.0	3.0	1.0
697	28.0	2.0	1.0
698	-1.0	0.0	-1.0
699	-1.0	0.0	-1.0
700	0.0	0.0	0.0
