index	outport	cost	SuccessFlag
0	15.0	2.0	1.0
1	20.0	3.0	1.0
2	22.0	2.0	1.0
3	15.0	2.0	1.0
4	0.0	2.0	1.0
5	0.0	2.0	1.0
6	0.0	2.0	1.0
7	21.0	3.0	1.0
8	26.0	3.0	1.0
9	0.0	2.0	1.0
10	22.0	2.0	1.0
11	11.0	3.0	1.0
12	0.0	2.0	1.0
13	11.0	3.0	1.0
14	26.0	3.0	1.0
15	18.0	3.0	1.0
16	11.0	3.0	1.0
17	0.0	2.0	1.0
18	0.0	2.0	1.0
19	22.0	2.0	1.0
20	16.0	3.0	1.0
21	0.0	2.0	1.0
22	-1.0	0.0	-1.0
23	20.0	3.0	1.0
24	10.0	3.0	1.0
25	18.0	3.0	1.0
26	9.0	3.0	1.0
27	9.0	3.0	1.0
28	8.0	2.0	1.0
29	21.0	3.0	1.0
30	-1.0	0.0	0.0
31	23.0	3.0	1.0
32	0.0	2.0	1.0
33	28.0	3.0	1.0
34	20.0	3.0	1.0
35	24.0	3.0	1.0
36	0.0	2.0	1.0
37	0.0	2.0	1.0
38	0.0	2.0	1.0
39	0.0	2.0	1.0
40	13.0	3.0	1.0
41	0.0	2.0	1.0
42	16.0	3.0	1.0
43	22.0	3.0	1.0
44	23.0	3.0	1.0
45	27.0	3.0	1.0
46	10.0	3.0	1.0
47	19.0	3.0	1.0
48	0.0	2.0	1.0
49	8.0	2.0	1.0
50	8.0	3.0	1.0
51	15.0	2.0	1.0
52	-1.0	0.0	-1.0
53	0.0	2.0	1.0
54	8.0	2.0	1.0
55	0.0	2.0	1.0
56	15.0	2.0	1.0
57	17.0	3.0	1.0
58	15.0	2.0	1.0
59	22.0	2.0	1.0
60	26.0	3.0	1.0
61	28.0	3.0	1.0
62	-1.0	0.0	-1.0
63	23.0	3.0	1.0
64	22.0	2.0	1.0
65	22.0	2.0	1.0
66	-1.0	0.0	-1.0
67	15.0	2.0	1.0
68	12.0	3.0	1.0
69	0.0	2.0	1.0
70	0.0	2.0	1.0
71	0.0	2.0	1.0
72	9.0	2.0	1.0
73	10.0	3.0	1.0
74	8.0	2.0	1.0
75	23.0	2.0	1.0
76	22.0	2.0	1.0
77	-1.0	0.0	-1.0
78	27.0	3.0	1.0
79	-1.0	0.0	0.0
80	-1.0	0.0	0.0
81	9.0	2.0	1.0
82	8.0	2.0	1.0
83	12.0	2.0	1.0
84	27.0	3.0	1.0
85	0.0	2.0	1.0
86	8.0	2.0	1.0
87	14.0	3.0	1.0
88	-1.0	0.0	-1.0
89	27.0	3.0	1.0
90	0.0	2.0	1.0
91	-1.0	0.0	-1.0
92	0.0	2.0	1.0
93	21.0	3.0	1.0
94	10.0	3.0	1.0
95	0.0	2.0	1.0
96	10.0	3.0	1.0
97	0.0	2.0	1.0
98	8.0	2.0	1.0
99	22.0	2.0	1.0
100	23.0	3.0	1.0
101	23.0	3.0	1.0
102	22.0	2.0	1.0
103	-1.0	0.0	-1.0
104	10.0	2.0	1.0
105	-1.0	0.0	-1.0
106	25.0	3.0	1.0
107	0.0	2.0	1.0
108	15.0	2.0	1.0
109	19.0	3.0	1.0
110	-1.0	0.0	0.0
111	16.0	2.0	1.0
112	11.0	2.0	1.0
113	12.0	3.0	1.0
114	0.0	2.0	1.0
115	16.0	2.0	1.0
116	0.0	2.0	1.0
117	-1.0	0.0	-1.0
118	-1.0	0.0	0.0
119	24.0	3.0	1.0
120	10.0	3.0	1.0
121	15.0	2.0	1.0
122	18.0	3.0	1.0
123	23.0	2.0	1.0
124	19.0	3.0	1.0
125	-1.0	0.0	-1.0
126	0.0	2.0	1.0
127	-1.0	0.0	-1.0
128	-1.0	0.0	-1.0
129	15.0	3.0	1.0
130	-1.0	0.0	-1.0
131	0.0	2.0	1.0
132	12.0	3.0	1.0
133	-1.0	0.0	-1.0
134	23.0	2.0	1.0
135	24.0	3.0	1.0
136	0.0	2.0	1.0
137	-1.0	0.0	0.0
138	-1.0	0.0	0.0
139	-1.0	0.0	-1.0
140	0.0	2.0	1.0
141	23.0	3.0	1.0
142	9.0	3.0	1.0
143	-1.0	0.0	-1.0
144	-1.0	0.0	-1.0
145	8.0	2.0	1.0
146	-1.0	0.0	-1.0
147	22.0	2.0	1.0
148	16.0	2.0	1.0
149	11.0	3.0	1.0
150	0.0	2.0	1.0
151	-1.0	0.0	-1.0
152	-1.0	0.0	-1.0
153	16.0	2.0	1.0
154	8.0	2.0	1.0
155	20.0	3.0	1.0
156	13.0	3.0	1.0
157	-1.0	0.0	-1.0
158	24.0	2.0	1.0
159	13.0	2.0	1.0
160	19.0	2.0	1.0
161	0.0	2.0	1.0
162	24.0	3.0	1.0
163	-1.0	0.0	-1.0
164	-1.0	0.0	-1.0
165	0.0	2.0	1.0
166	22.0	2.0	1.0
167	15.0	3.0	1.0
168	0.0	2.0	1.0
169	0.0	2.0	1.0
170	22.0	2.0	1.0
171	0.0	2.0	1.0
172	12.0	3.0	1.0
173	9.0	2.0	1.0
174	-1.0	0.0	0.0
175	27.0	3.0	1.0
176	15.0	3.0	1.0
177	20.0	3.0	1.0
178	-1.0	0.0	-1.0
179	16.0	2.0	1.0
180	12.0	3.0	1.0
181	0.0	2.0	1.0
182	0.0	2.0	1.0
183	0.0	2.0	1.0
184	26.0	3.0	1.0
185	16.0	2.0	1.0
186	15.0	2.0	1.0
187	0.0	2.0	1.0
188	-1.0	0.0	0.0
189	8.0	2.0	1.0
190	8.0	2.0	1.0
191	8.0	2.0	1.0
192	0.0	2.0	1.0
193	-1.0	0.0	-1.0
194	25.0	2.0	1.0
195	-1.0	0.0	-1.0
196	0.0	2.0	1.0
197	15.0	2.0	1.0
198	8.0	2.0	1.0
199	8.0	2.0	1.0
200	-1.0	0.0	-1.0
201	14.0	3.0	1.0
202	18.0	3.0	1.0
203	15.0	2.0	1.0
204	-1.0	0.0	-1.0
205	-1.0	0.0	-1.0
206	18.0	3.0	1.0
207	-1.0	0.0	-1.0
208	-1.0	0.0	-1.0
209	19.0	3.0	1.0
210	-1.0	0.0	-1.0
211	22.0	2.0	1.0
212	0.0	2.0	1.0
213	8.0	3.0	1.0
214	21.0	3.0	1.0
215	22.0	3.0	1.0
216	-1.0	0.0	-1.0
217	0.0	2.0	1.0
218	-1.0	0.0	-1.0
219	28.0	3.0	1.0
220	13.0	3.0	1.0
221	-1.0	0.0	-1.0
222	14.0	3.0	1.0
223	21.0	3.0	1.0
224	17.0	2.0	1.0
225	-1.0	0.0	-1.0
226	-1.0	0.0	-1.0
227	0.0	2.0	1.0
228	19.0	3.0	1.0
229	-1.0	0.0	-1.0
230	15.0	2.0	1.0
231	-1.0	0.0	-1.0
232	0.0	2.0	1.0
233	0.0	2.0	1.0
234	12.0	3.0	1.0
235	25.0	3.0	1.0
236	-1.0	0.0	0.0
237	20.0	3.0	1.0
238	0.0	2.0	1.0
239	0.0	2.0	1.0
240	0.0	2.0	1.0
241	-1.0	0.0	-1.0
242	-1.0	0.0	-1.0
243	-1.0	0.0	-1.0
244	-1.0	0.0	0.0
245	9.0	3.0	1.0
246	-1.0	0.0	-1.0
247	24.0	2.0	1.0
248	17.0	2.0	1.0
249	14.0	3.0	1.0
250	25.0	2.0	1.0
251	18.0	3.0	1.0
252	28.0	3.0	1.0
253	-1.0	0.0	-1.0
254	22.0	3.0	1.0
255	0.0	2.0	1.0
256	-1.0	0.0	-1.0
257	8.0	2.0	1.0
258	0.0	2.0	1.0
259	11.0	3.0	1.0
260	8.0	2.0	1.0
261	-1.0	0.0	-1.0
262	-1.0	0.0	0.0
263	-1.0	0.0	0.0
264	0.0	2.0	1.0
265	-1.0	0.0	-1.0
266	0.0	2.0	1.0
267	0.0	2.0	1.0
268	14.0	3.0	1.0
269	0.0	2.0	1.0
270	-1.0	0.0	-1.0
271	27.0	3.0	1.0
272	17.0	3.0	1.0
273	8.0	3.0	1.0
274	-1.0	0.0	-1.0
275	15.0	2.0	1.0
276	-1.0	0.0	-1.0
277	9.0	3.0	1.0
278	-1.0	0.0	-1.0
279	22.0	2.0	1.0
280	26.0	2.0	1.0
281	28.0	3.0	1.0
282	-1.0	0.0	-1.0
283	22.0	2.0	1.0
284	-1.0	0.0	-1.0
285	10.0	3.0	1.0
286	11.0	3.0	1.0
287	-1.0	0.0	0.0
288	-1.0	0.0	-1.0
289	-1.0	0.0	-1.0
290	12.0	3.0	1.0
291	0.0	2.0	1.0
292	9.0	3.0	1.0
293	16.0	3.0	1.0
294	11.0	3.0	1.0
295	23.0	2.0	1.0
296	8.0	2.0	1.0
297	-1.0	0.0	-1.0
298	14.0	3.0	1.0
299	0.0	2.0	1.0
300	8.0	2.0	1.0
301	0.0	2.0	1.0
302	-1.0	0.0	-1.0
303	27.0	3.0	1.0
304	-1.0	0.0	0.0
305	-1.0	0.0	-1.0
306	14.0	3.0	1.0
307	-1.0	0.0	-1.0
308	13.0	2.0	1.0
309	-1.0	0.0	-1.0
310	21.0	3.0	1.0
311	17.0	2.0	1.0
312	0.0	2.0	1.0
313	15.0	2.0	1.0
314	22.0	2.0	1.0
315	24.0	2.0	1.0
316	-1.0	0.0	-1.0
317	14.0	3.0	1.0
318	23.0	2.0	1.0
319	8.0	2.0	1.0
320	-1.0	0.0	-1.0
321	0.0	2.0	1.0
322	-1.0	0.0	-1.0
323	17.0	2.0	1.0
324	0.0	2.0	1.0
325	9.0	2.0	1.0
326	16.0	2.0	1.0
327	24.0	2.0	1.0
328	20.0	3.0	1.0
329	0.0	2.0	1.0
330	0.0	2.0	1.0
331	-1.0	0.0	0.0
332	0.0	2.0	1.0
333	-1.0	0.0	0.0
334	0.0	2.0	1.0
335	26.0	2.0	1.0
336	-1.0	0.0	-1.0
337	16.0	3.0	1.0
338	0.0	2.0	1.0
339	-1.0	0.0	0.0
340	-1.0	0.0	-1.0
341	-1.0	0.0	-1.0
342	-1.0	0.0	0.0
343	18.0	3.0	1.0
344	-1.0	0.0	-1.0
345	8.0	3.0	1.0
346	13.0	3.0	1.0
347	-1.0	0.0	-1.0
348	25.0	2.0	1.0
349	0.0	2.0	1.0
350	-1.0	0.0	0.0
351	28.0	3.0	1.0
352	-1.0	0.0	-1.0
353	-1.0	0.0	-1.0
354	0.0	2.0	1.0
355	13.0	3.0	1.0
356	17.0	2.0	1.0
357	-1.0	0.0	-1.0
358	17.0	2.0	1.0
359	-1.0	0.0	-1.0
360	-1.0	0.0	-1.0
361	-1.0	0.0	-1.0
362	-1.0	0.0	-1.0
363	-1.0	0.0	-1.0
364	-1.0	0.0	-1.0
365	0.0	2.0	1.0
366	21.0	3.0	1.0
367	-1.0	0.0	-1.0
368	-1.0	0.0	-1.0
369	22.0	3.0	1.0
370	-1.0	0.0	-1.0
371	14.0	3.0	1.0
372	8.0	2.0	1.0
373	10.0	3.0	1.0
374	-1.0	0.0	-1.0
375	8.0	2.0	1.0
376	0.0	2.0	1.0
377	-1.0	0.0	-1.0
378	-1.0	0.0	-1.0
379	19.0	2.0	1.0
380	-1.0	0.0	-1.0
381	-1.0	0.0	0.0
382	23.0	2.0	1.0
383	0.0	2.0	1.0
384	-1.0	0.0	-1.0
385	-1.0	0.0	-1.0
386	0.0	2.0	1.0
387	26.0	3.0	1.0
388	0.0	2.0	1.0
389	13.0	3.0	1.0
390	0.0	2.0	1.0
391	-1.0	0.0	-1.0
392	17.0	2.0	1.0
393	27.0	3.0	1.0
394	-1.0	0.0	-1.0
395	0.0	2.0	1.0
396	12.0	3.0	1.0
397	24.0	2.0	1.0
398	22.0	2.0	1.0
399	0.0	2.0	1.0
400	28.0	3.0	1.0
401	-1.0	0.0	0.0
402	-1.0	0.0	-1.0
403	25.0	3.0	1.0
404	-1.0	0.0	0.0
405	11.0	3.0	1.0
406	0.0	2.0	1.0
407	8.0	2.0	1.0
408	-1.0	0.0	-1.0
409	25.0	2.0	1.0
410	-1.0	0.0	-1.0
411	-1.0	0.0	-1.0
412	-1.0	0.0	-1.0
413	16.0	2.0	1.0
414	-1.0	0.0	-1.0
415	24.0	3.0	1.0
416	9.0	2.0	1.0
417	20.0	3.0	1.0
418	-1.0	0.0	0.0
419	9.0	2.0	1.0
420	20.0	3.0	1.0
421	-1.0	0.0	-1.0
422	22.0	3.0	1.0
423	20.0	2.0	1.0
424	-1.0	0.0	0.0
425	8.0	2.0	1.0
426	-1.0	0.0	-1.0
427	-1.0	0.0	-1.0
428	21.0	3.0	1.0
429	22.0	2.0	1.0
430	17.0	3.0	1.0
431	0.0	2.0	1.0
432	10.0	2.0	1.0
433	9.0	3.0	1.0
434	-1.0	0.0	-1.0
435	-1.0	0.0	-1.0
436	-1.0	0.0	-1.0
437	0.0	2.0	1.0
438	-1.0	0.0	0.0
439	22.0	2.0	1.0
440	26.0	3.0	1.0
441	-1.0	0.0	-1.0
442	-1.0	0.0	0.0
443	-1.0	0.0	0.0
444	-1.0	0.0	-1.0
445	25.0	2.0	1.0
446	-1.0	0.0	-1.0
447	24.0	2.0	1.0
448	-1.0	0.0	-1.0
449	-1.0	0.0	0.0
450	-1.0	0.0	-1.0
451	23.0	3.0	1.0
452	27.0	3.0	1.0
453	0.0	2.0	1.0
454	20.0	3.0	1.0
455	-1.0	0.0	-1.0
456	-1.0	0.0	0.0
457	-1.0	0.0	0.0
458	-1.0	0.0	-1.0
459	-1.0	0.0	-1.0
460	-1.0	0.0	-1.0
461	15.0	2.0	1.0
462	-1.0	0.0	-1.0
463	-1.0	0.0	0.0
464	0.0	2.0	1.0
465	0.0	2.0	1.0
466	-1.0	0.0	0.0
467	-1.0	0.0	-1.0
468	18.0	3.0	1.0
469	-1.0	0.0	-1.0
470	0.0	2.0	1.0
471	-1.0	0.0	0.0
472	-1.0	0.0	-1.0
473	-1.0	0.0	-1.0
474	-1.0	0.0	-1.0
475	0.0	2.0	1.0
476	-1.0	0.0	-1.0
477	22.0	2.0	1.0
478	-1.0	0.0	-1.0
479	-1.0	0.0	0.0
480	15.0	3.0	1.0
481	0.0	2.0	1.0
482	18.0	3.0	1.0
483	28.0	3.0	1.0
484	23.0	2.0	1.0
485	-1.0	0.0	0.0
486	-1.0	0.0	0.0
487	0.0	2.0	1.0
488	21.0	2.0	1.0
489	0.0	2.0	1.0
490	0.0	2.0	1.0
491	24.0	2.0	1.0
492	23.0	2.0	1.0
493	-1.0	0.0	-1.0
494	8.0	2.0	1.0
495	-1.0	0.0	-1.0
496	-1.0	0.0	-1.0
497	-1.0	0.0	-1.0
498	-1.0	0.0	-1.0
499	-1.0	0.0	0.0
500	-1.0	0.0	-1.0
501	-1.0	0.0	-1.0
502	-1.0	0.0	-1.0
503	-1.0	0.0	-1.0
504	-1.0	0.0	0.0
505	0.0	2.0	1.0
506	-1.0	0.0	-1.0
507	15.0	2.0	1.0
508	0.0	2.0	1.0
509	-1.0	0.0	-1.0
510	-1.0	0.0	-1.0
511	-1.0	0.0	0.0
512	17.0	2.0	1.0
513	0.0	2.0	1.0
514	20.0	3.0	1.0
515	-1.0	0.0	0.0
516	19.0	3.0	1.0
517	0.0	2.0	1.0
518	8.0	2.0	1.0
519	-1.0	0.0	-1.0
520	28.0	3.0	1.0
521	24.0	2.0	1.0
522	27.0	3.0	1.0
523	-1.0	0.0	-1.0
524	11.0	2.0	1.0
525	15.0	2.0	1.0
526	21.0	3.0	1.0
527	0.0	2.0	1.0
528	-1.0	0.0	-1.0
529	11.0	3.0	1.0
530	9.0	3.0	1.0
531	15.0	2.0	1.0
532	0.0	2.0	1.0
533	27.0	3.0	1.0
534	-1.0	0.0	-1.0
535	28.0	3.0	1.0
536	23.0	3.0	1.0
537	0.0	2.0	1.0
538	17.0	3.0	1.0
539	23.0	3.0	1.0
540	-1.0	0.0	0.0
541	17.0	2.0	1.0
542	-1.0	0.0	0.0
543	10.0	3.0	1.0
544	16.0	2.0	1.0
545	-1.0	0.0	0.0
546	-1.0	0.0	0.0
547	-1.0	0.0	0.0
548	-1.0	0.0	0.0
549	-1.0	0.0	-1.0
550	-1.0	0.0	-1.0
551	18.0	3.0	1.0
552	23.0	3.0	1.0
553	22.0	2.0	1.0
554	-1.0	0.0	-1.0
555	0.0	2.0	1.0
556	26.0	3.0	1.0
557	0.0	2.0	1.0
558	8.0	2.0	1.0
559	11.0	2.0	1.0
560	18.0	2.0	1.0
561	-1.0	0.0	-1.0
562	-1.0	0.0	-1.0
563	27.0	3.0	1.0
564	0.0	2.0	1.0
565	24.0	3.0	1.0
566	-1.0	0.0	-1.0
567	-1.0	0.0	-1.0
568	-1.0	0.0	-1.0
569	24.0	2.0	1.0
570	-1.0	0.0	-1.0
571	-1.0	0.0	-1.0
572	13.0	3.0	1.0
573	-1.0	0.0	-1.0
574	0.0	2.0	1.0
575	17.0	2.0	1.0
576	12.0	2.0	1.0
577	22.0	2.0	1.0
578	0.0	2.0	1.0
579	-1.0	0.0	0.0
580	-1.0	0.0	-1.0
581	8.0	2.0	1.0
582	-1.0	0.0	0.0
583	19.0	3.0	1.0
584	15.0	2.0	1.0
585	12.0	3.0	1.0
586	-1.0	0.0	-1.0
587	-1.0	0.0	-1.0
588	13.0	2.0	1.0
589	-1.0	0.0	0.0
590	-1.0	0.0	0.0
591	-1.0	0.0	-1.0
592	0.0	2.0	1.0
593	-1.0	0.0	-1.0
594	-1.0	0.0	-1.0
595	-1.0	0.0	-1.0
596	9.0	3.0	1.0
597	11.0	3.0	1.0
598	0.0	2.0	1.0
599	-1.0	0.0	0.0
600	-1.0	0.0	0.0
601	8.0	2.0	1.0
602	-1.0	0.0	0.0
603	-1.0	0.0	-1.0
604	-1.0	0.0	-1.0
605	14.0	3.0	1.0
606	11.0	2.0	1.0
607	0.0	2.0	1.0
608	-1.0	0.0	0.0
609	26.0	2.0	1.0
610	-1.0	0.0	-1.0
611	15.0	2.0	1.0
612	-1.0	0.0	-1.0
613	-1.0	0.0	-1.0
614	-1.0	0.0	0.0
615	-1.0	0.0	-1.0
616	-1.0	0.0	-1.0
617	25.0	3.0	1.0
618	-1.0	0.0	-1.0
619	23.0	2.0	1.0
620	23.0	2.0	1.0
621	-1.0	0.0	-1.0
622	-1.0	0.0	0.0
623	17.0	3.0	1.0
624	-1.0	0.0	-1.0
625	-1.0	0.0	0.0
626	-1.0	0.0	-1.0
627	-1.0	0.0	-1.0
628	0.0	2.0	1.0
629	9.0	3.0	1.0
630	-1.0	0.0	-1.0
631	23.0	2.0	1.0
632	25.0	2.0	1.0
633	-1.0	0.0	-1.0
634	25.0	3.0	1.0
635	-1.0	0.0	0.0
636	23.0	2.0	1.0
637	-1.0	0.0	-1.0
638	-1.0	0.0	-1.0
639	-1.0	0.0	0.0
640	-1.0	0.0	-1.0
641	11.0	3.0	1.0
642	-1.0	0.0	-1.0
643	-1.0	0.0	0.0
644	27.0	3.0	1.0
645	0.0	2.0	1.0
646	-1.0	0.0	0.0
647	0.0	2.0	1.0
648	24.0	2.0	1.0
649	0.0	2.0	1.0
650	-1.0	0.0	-1.0
651	15.0	2.0	1.0
652	23.0	2.0	1.0
653	-1.0	0.0	-1.0
654	0.0	2.0	1.0
655	-1.0	0.0	-1.0
656	-1.0	0.0	0.0
657	15.0	2.0	1.0
658	24.0	2.0	1.0
659	-1.0	0.0	-1.0
660	-1.0	0.0	0.0
661	-1.0	0.0	-1.0
662	19.0	2.0	1.0
663	20.0	2.0	1.0
664	24.0	3.0	1.0
665	-1.0	0.0	-1.0
666	-1.0	0.0	-1.0
667	-1.0	0.0	-1.0
668	-1.0	0.0	0.0
669	25.0	2.0	1.0
670	23.0	3.0	1.0
671	-1.0	0.0	-1.0
672	-1.0	0.0	-1.0
673	17.0	2.0	1.0
674	-1.0	0.0	-1.0
675	10.0	2.0	1.0
676	9.0	3.0	1.0
677	28.0	3.0	1.0
678	0.0	2.0	1.0
679	-1.0	0.0	-1.0
680	23.0	2.0	1.0
681	-1.0	0.0	-1.0
682	23.0	2.0	1.0
683	-1.0	0.0	0.0
684	12.0	2.0	1.0
685	-1.0	0.0	0.0
686	8.0	2.0	1.0
687	-1.0	0.0	-1.0
688	16.0	2.0	1.0
689	19.0	3.0	1.0
690	-1.0	0.0	-1.0
691	-1.0	0.0	0.0
692	16.0	3.0	1.0
693	23.0	2.0	1.0
694	25.0	3.0	1.0
695	-1.0	0.0	0.0
696	15.0	2.0	1.0
697	0.0	2.0	1.0
698	-1.0	0.0	0.0
699	20.0	3.0	1.0
700	8.0	2.0	1.0
701	-1.0	0.0	0.0
702	23.0	2.0	1.0
703	-1.0	0.0	-1.0
704	23.0	3.0	1.0
705	-1.0	0.0	-1.0
706	-1.0	0.0	0.0
707	-1.0	0.0	-1.0
708	-1.0	0.0	-1.0
709	0.0	2.0	1.0
710	0.0	2.0	1.0
711	-1.0	0.0	-1.0
712	14.0	3.0	1.0
713	12.0	2.0	1.0
714	-1.0	0.0	0.0
715	-1.0	0.0	-1.0
716	14.0	2.0	1.0
717	-1.0	0.0	0.0
718	18.0	2.0	1.0
719	-1.0	0.0	-1.0
720	26.0	2.0	1.0
721	-1.0	0.0	-1.0
722	0.0	2.0	1.0
723	-1.0	0.0	0.0
724	16.0	2.0	1.0
725	-1.0	0.0	-1.0
726	-1.0	0.0	-1.0
727	18.0	3.0	1.0
728	-1.0	0.0	-1.0
729	-1.0	0.0	-1.0
730	-1.0	0.0	-1.0
731	-1.0	0.0	-1.0
732	-1.0	0.0	-1.0
733	-1.0	0.0	-1.0
734	11.0	3.0	1.0
735	24.0	2.0	1.0
736	28.0	3.0	1.0
737	23.0	3.0	1.0
738	-1.0	0.0	0.0
739	-1.0	0.0	-1.0
740	-1.0	0.0	0.0
741	0.0	2.0	1.0
742	-1.0	0.0	-1.0
743	-1.0	0.0	0.0
744	17.0	2.0	1.0
745	17.0	2.0	1.0
746	-1.0	0.0	-1.0
747	0.0	2.0	1.0
748	18.0	3.0	1.0
749	-1.0	0.0	0.0
750	27.0	2.0	1.0
751	24.0	2.0	1.0
752	-1.0	0.0	0.0
753	-1.0	0.0	-1.0
754	-1.0	0.0	-1.0
755	0.0	2.0	1.0
756	21.0	3.0	1.0
757	9.0	2.0	1.0
758	-1.0	0.0	-1.0
759	-1.0	0.0	-1.0
760	10.0	2.0	1.0
761	-1.0	0.0	0.0
762	15.0	2.0	1.0
763	0.0	2.0	1.0
764	-1.0	0.0	-1.0
765	13.0	2.0	1.0
766	-1.0	0.0	-1.0
767	0.0	2.0	1.0
768	-1.0	0.0	0.0
769	21.0	3.0	1.0
770	0.0	2.0	1.0
771	0.0	2.0	1.0
772	-1.0	0.0	-1.0
773	-1.0	0.0	-1.0
774	-1.0	0.0	0.0
775	11.0	2.0	1.0
776	0.0	2.0	1.0
777	19.0	3.0	1.0
778	25.0	3.0	1.0
779	-1.0	0.0	-1.0
780	12.0	2.0	1.0
781	-1.0	0.0	-1.0
782	-1.0	0.0	-1.0
783	-1.0	0.0	-1.0
784	-1.0	0.0	-1.0
785	24.0	2.0	1.0
786	-1.0	0.0	0.0
787	-1.0	0.0	0.0
788	-1.0	0.0	-1.0
789	0.0	2.0	1.0
790	-1.0	0.0	0.0
791	22.0	2.0	1.0
792	-1.0	0.0	-1.0
793	0.0	2.0	1.0
794	15.0	2.0	1.0
795	28.0	3.0	1.0
796	-1.0	0.0	-1.0
797	-1.0	0.0	-1.0
798	11.0	2.0	1.0
799	16.0	2.0	1.0
800	-1.0	0.0	-1.0
801	-1.0	0.0	-1.0
802	-1.0	0.0	0.0
803	10.0	2.0	1.0
804	14.0	3.0	1.0
805	-1.0	0.0	-1.0
806	16.0	2.0	1.0
807	0.0	2.0	1.0
808	-1.0	0.0	-1.0
809	-1.0	0.0	-1.0
810	14.0	2.0	1.0
811	-1.0	0.0	-1.0
812	8.0	2.0	1.0
813	25.0	2.0	1.0
814	0.0	2.0	1.0
815	-1.0	0.0	0.0
816	0.0	2.0	1.0
817	0.0	2.0	1.0
818	11.0	2.0	1.0
819	-1.0	0.0	-1.0
820	15.0	2.0	1.0
821	-1.0	0.0	0.0
822	-1.0	0.0	-1.0
823	26.0	2.0	1.0
824	-1.0	0.0	-1.0
825	0.0	2.0	1.0
826	-1.0	0.0	-1.0
827	12.0	3.0	1.0
828	0.0	2.0	1.0
829	-1.0	0.0	-1.0
830	0.0	2.0	1.0
831	-1.0	0.0	-1.0
832	0.0	2.0	1.0
833	26.0	2.0	1.0
834	0.0	2.0	1.0
835	27.0	3.0	1.0
836	-1.0	0.0	-1.0
837	0.0	2.0	1.0
838	-1.0	0.0	0.0
839	-1.0	0.0	-1.0
840	-1.0	0.0	0.0
841	0.0	2.0	1.0
842	-1.0	0.0	-1.0
843	-1.0	0.0	-1.0
844	26.0	2.0	1.0
845	-1.0	0.0	0.0
846	23.0	3.0	1.0
847	11.0	2.0	1.0
848	0.0	2.0	1.0
849	-1.0	0.0	0.0
850	-1.0	0.0	-1.0
851	0.0	2.0	1.0
852	-1.0	0.0	-1.0
853	-1.0	0.0	-1.0
854	22.0	2.0	1.0
855	23.0	2.0	1.0
856	-1.0	0.0	-1.0
857	-1.0	0.0	-1.0
858	-1.0	0.0	0.0
859	-1.0	0.0	0.0
860	-1.0	0.0	-1.0
861	-1.0	0.0	0.0
862	-1.0	0.0	0.0
863	-1.0	0.0	-1.0
864	-1.0	0.0	0.0
865	-1.0	0.0	0.0
866	-1.0	0.0	0.0
867	0.0	2.0	1.0
868	-1.0	0.0	-1.0
869	-1.0	0.0	-1.0
870	18.0	3.0	1.0
871	-1.0	0.0	0.0
872	-1.0	0.0	-1.0
873	-1.0	0.0	-1.0
874	24.0	3.0	1.0
875	15.0	2.0	1.0
876	-1.0	0.0	-1.0
877	-1.0	0.0	-1.0
878	-1.0	0.0	0.0
879	-1.0	0.0	0.0
880	22.0	2.0	1.0
881	8.0	3.0	1.0
882	-1.0	0.0	0.0
883	11.0	2.0	1.0
884	-1.0	0.0	-1.0
885	-1.0	0.0	0.0
886	0.0	2.0	1.0
887	-1.0	0.0	0.0
888	-1.0	0.0	-1.0
889	8.0	2.0	1.0
890	-1.0	0.0	-1.0
891	-1.0	0.0	0.0
892	-1.0	0.0	-1.0
893	-1.0	0.0	0.0
894	-1.0	0.0	-1.0
895	-1.0	0.0	0.0
896	16.0	2.0	1.0
897	0.0	2.0	1.0
898	-1.0	0.0	0.0
899	8.0	2.0	1.0
900	11.0	3.0	1.0
901	-1.0	0.0	-1.0
902	-1.0	0.0	0.0
903	11.0	2.0	1.0
904	-1.0	0.0	-1.0
905	-1.0	0.0	0.0
906	-1.0	0.0	-1.0
907	-1.0	0.0	-1.0
908	-1.0	0.0	-1.0
909	-1.0	0.0	-1.0
910	-1.0	0.0	0.0
911	17.0	2.0	1.0
912	8.0	2.0	1.0
913	0.0	2.0	1.0
914	-1.0	0.0	-1.0
915	9.0	2.0	1.0
916	-1.0	0.0	-1.0
917	-1.0	0.0	0.0
918	-1.0	0.0	0.0
919	0.0	2.0	1.0
920	-1.0	0.0	0.0
921	-1.0	0.0	-1.0
922	-1.0	0.0	-1.0
923	-1.0	0.0	0.0
924	18.0	2.0	1.0
925	-1.0	0.0	-1.0
926	-1.0	0.0	-1.0
927	-1.0	0.0	0.0
928	-1.0	0.0	-1.0
929	-1.0	0.0	-1.0
930	8.0	2.0	1.0
931	-1.0	0.0	-1.0
932	-1.0	0.0	0.0
933	-1.0	0.0	-1.0
934	18.0	3.0	1.0
935	-1.0	0.0	-1.0
936	24.0	2.0	1.0
937	9.0	2.0	1.0
938	-1.0	0.0	-1.0
939	17.0	3.0	1.0
940	-1.0	0.0	-1.0
941	0.0	2.0	1.0
942	-1.0	0.0	0.0
943	19.0	2.0	1.0
944	-1.0	0.0	-1.0
945	-1.0	0.0	-1.0
946	-1.0	0.0	-1.0
947	-1.0	0.0	0.0
948	-1.0	0.0	-1.0
949	-1.0	0.0	0.0
950	-1.0	0.0	-1.0
951	0.0	2.0	1.0
952	-1.0	0.0	-1.0
953	-1.0	0.0	0.0
954	0.0	2.0	1.0
955	14.0	2.0	1.0
956	18.0	2.0	1.0
957	0.0	2.0	1.0
958	-1.0	0.0	0.0
959	-1.0	0.0	-1.0
960	-1.0	0.0	-1.0
961	-1.0	0.0	0.0
962	-1.0	0.0	-1.0
963	-1.0	0.0	-1.0
964	15.0	2.0	1.0
965	24.0	2.0	1.0
966	-1.0	0.0	-1.0
967	-1.0	0.0	-1.0
968	-1.0	0.0	-1.0
969	-1.0	0.0	0.0
970	0.0	2.0	1.0
971	-1.0	0.0	0.0
972	23.0	2.0	1.0
973	0.0	2.0	1.0
974	-1.0	0.0	-1.0
975	-1.0	0.0	0.0
976	-1.0	0.0	-1.0
977	-1.0	0.0	-1.0
978	0.0	2.0	1.0
979	9.0	2.0	1.0
980	-1.0	0.0	-1.0
981	20.0	3.0	1.0
982	-1.0	0.0	-1.0
983	24.0	2.0	1.0
984	-1.0	0.0	0.0
985	-1.0	0.0	0.0
986	27.0	2.0	1.0
987	27.0	2.0	1.0
988	0.0	2.0	1.0
989	12.0	2.0	1.0
990	-1.0	0.0	-1.0
991	-1.0	0.0	-1.0
992	-1.0	0.0	-1.0
993	-1.0	0.0	-1.0
994	24.0	2.0	1.0
995	12.0	2.0	1.0
996	-1.0	0.0	-1.0
997	0.0	2.0	1.0
998	12.0	2.0	1.0
999	-1.0	0.0	-1.0
1000	-1.0	0.0	-1.0
1001	-1.0	0.0	-1.0
1002	-1.0	0.0	0.0
1003	-1.0	0.0	0.0
1004	-1.0	0.0	-1.0
1005	-1.0	0.0	-1.0
1006	-1.0	0.0	0.0
1007	-1.0	0.0	-1.0
1008	10.0	2.0	1.0
1009	-1.0	0.0	0.0
1010	-1.0	0.0	-1.0
1011	-1.0	0.0	-1.0
1012	-1.0	0.0	0.0
1013	-1.0	0.0	0.0
1014	-1.0	0.0	-1.0
1015	0.0	2.0	1.0
1016	-1.0	0.0	-1.0
1017	-1.0	0.0	0.0
1018	-1.0	0.0	0.0
1019	-1.0	0.0	0.0
1020	0.0	2.0	1.0
1021	-1.0	0.0	-1.0
1022	-1.0	0.0	0.0
1023	-1.0	0.0	-1.0
1024	-1.0	0.0	-1.0
1025	-1.0	0.0	0.0
1026	-1.0	0.0	-1.0
1027	-1.0	0.0	0.0
1028	-1.0	0.0	-1.0
1029	-1.0	0.0	0.0
1030	-1.0	0.0	-1.0
1031	-1.0	0.0	-1.0
1032	9.0	2.0	1.0
1033	-1.0	0.0	0.0
1034	-1.0	0.0	-1.0
1035	0.0	2.0	1.0
1036	-1.0	0.0	-1.0
1037	20.0	2.0	1.0
1038	-1.0	0.0	-1.0
1039	26.0	3.0	1.0
1040	0.0	2.0	1.0
1041	17.0	3.0	1.0
1042	-1.0	0.0	0.0
1043	-1.0	0.0	-1.0
1044	-1.0	0.0	-1.0
1045	-1.0	0.0	-1.0
1046	-1.0	0.0	-1.0
1047	11.0	2.0	1.0
1048	-1.0	0.0	-1.0
1049	-1.0	0.0	-1.0
1050	-1.0	0.0	-1.0
1051	8.0	2.0	1.0
1052	-1.0	0.0	0.0
1053	-1.0	0.0	0.0
1054	-1.0	0.0	-1.0
1055	-1.0	0.0	-1.0
1056	-1.0	0.0	0.0
1057	-1.0	0.0	-1.0
1058	0.0	2.0	1.0
1059	9.0	2.0	1.0
1060	27.0	3.0	1.0
1061	16.0	2.0	1.0
1062	-1.0	0.0	0.0
1063	28.0	2.0	1.0
1064	-1.0	0.0	0.0
1065	-1.0	0.0	-1.0
1066	20.0	3.0	1.0
1067	-1.0	0.0	-1.0
1068	0.0	2.0	1.0
1069	15.0	2.0	1.0
1070	0.0	2.0	1.0
1071	-1.0	0.0	-1.0
1072	0.0	2.0	1.0
1073	19.0	3.0	1.0
1074	0.0	2.0	1.0
1075	-1.0	0.0	-1.0
1076	21.0	3.0	1.0
1077	-1.0	0.0	-1.0
1078	13.0	3.0	1.0
1079	16.0	2.0	1.0
1080	-1.0	0.0	-1.0
1081	-1.0	0.0	-1.0
1082	13.0	2.0	1.0
1083	-1.0	0.0	0.0
1084	19.0	3.0	1.0
1085	-1.0	0.0	0.0
1086	-1.0	0.0	-1.0
1087	0.0	2.0	1.0
1088	-1.0	0.0	0.0
1089	0.0	2.0	1.0
1090	-1.0	0.0	-1.0
1091	-1.0	0.0	-1.0
1092	-1.0	0.0	0.0
1093	-1.0	0.0	-1.0
1094	-1.0	0.0	0.0
1095	-1.0	0.0	0.0
1096	0.0	2.0	1.0
1097	-1.0	0.0	0.0
1098	12.0	2.0	1.0
1099	-1.0	0.0	-1.0
1100	-1.0	0.0	0.0
1101	0.0	2.0	1.0
1102	-1.0	0.0	0.0
1103	18.0	2.0	1.0
1104	-1.0	0.0	-1.0
1105	-1.0	0.0	0.0
1106	-1.0	0.0	0.0
1107	-1.0	0.0	0.0
1108	0.0	2.0	1.0
1109	18.0	2.0	1.0
1110	-1.0	0.0	0.0
1111	-1.0	0.0	-1.0
1112	-1.0	0.0	0.0
1113	-1.0	0.0	-1.0
1114	0.0	2.0	1.0
1115	-1.0	0.0	0.0
1116	-1.0	0.0	0.0
1117	-1.0	0.0	0.0
1118	-1.0	0.0	-1.0
1119	-1.0	0.0	0.0
1120	22.0	3.0	1.0
1121	-1.0	0.0	0.0
1122	0.0	2.0	1.0
1123	-1.0	0.0	0.0
1124	0.0	2.0	1.0
1125	-1.0	0.0	-1.0
1126	-1.0	0.0	-1.0
1127	-1.0	0.0	0.0
1128	0.0	2.0	1.0
1129	0.0	2.0	1.0
1130	23.0	2.0	1.0
1131	-1.0	0.0	0.0
1132	-1.0	0.0	-1.0
1133	-1.0	0.0	0.0
1134	0.0	2.0	1.0
1135	-1.0	0.0	-1.0
1136	0.0	2.0	1.0
1137	-1.0	0.0	-1.0
1138	-1.0	0.0	0.0
1139	-1.0	0.0	0.0
1140	-1.0	0.0	0.0
1141	-1.0	0.0	-1.0
1142	-1.0	0.0	0.0
1143	-1.0	0.0	0.0
1144	-1.0	0.0	-1.0
1145	-1.0	0.0	0.0
1146	21.0	2.0	1.0
1147	-1.0	0.0	-1.0
1148	-1.0	0.0	0.0
1149	-1.0	0.0	0.0
1150	-1.0	0.0	0.0
1151	-1.0	0.0	-1.0
1152	-1.0	0.0	-1.0
1153	11.0	2.0	1.0
1154	22.0	2.0	1.0
1155	-1.0	0.0	-1.0
1156	-1.0	0.0	-1.0
1157	15.0	2.0	1.0
1158	15.0	2.0	1.0
1159	0.0	2.0	1.0
1160	18.0	2.0	1.0
1161	0.0	2.0	1.0
1162	-1.0	0.0	-1.0
1163	25.0	2.0	1.0
1164	-1.0	0.0	0.0
1165	-1.0	0.0	0.0
1166	0.0	2.0	1.0
1167	14.0	3.0	1.0
1168	0.0	2.0	1.0
1169	-1.0	0.0	0.0
1170	0.0	2.0	1.0
1171	-1.0	0.0	-1.0
1172	-1.0	0.0	-1.0
1173	-1.0	0.0	-1.0
1174	20.0	3.0	1.0
1175	-1.0	0.0	-1.0
1176	-1.0	0.0	0.0
1177	24.0	2.0	1.0
1178	-1.0	0.0	-1.0
1179	26.0	2.0	1.0
1180	0.0	2.0	1.0
1181	-1.0	0.0	-1.0
1182	-1.0	0.0	0.0
1183	-1.0	0.0	-1.0
1184	-1.0	0.0	0.0
1185	0.0	2.0	1.0
1186	18.0	3.0	1.0
1187	-1.0	0.0	-1.0
1188	-1.0	0.0	-1.0
1189	-1.0	0.0	-1.0
1190	-1.0	0.0	-1.0
1191	-1.0	0.0	-1.0
1192	-1.0	0.0	0.0
1193	-1.0	0.0	-1.0
1194	-1.0	0.0	-1.0
1195	0.0	2.0	1.0
1196	-1.0	0.0	0.0
1197	0.0	2.0	1.0
1198	-1.0	0.0	0.0
1199	-1.0	0.0	0.0
1200	-1.0	0.0	-1.0
1201	27.0	3.0	1.0
1202	0.0	2.0	1.0
1203	-1.0	0.0	-1.0
1204	10.0	2.0	1.0
1205	-1.0	0.0	-1.0
1206	-1.0	0.0	-1.0
1207	-1.0	0.0	-1.0
1208	0.0	2.0	1.0
1209	0.0	2.0	1.0
1210	-1.0	0.0	0.0
1211	-1.0	0.0	-1.0
1212	28.0	3.0	1.0
1213	-1.0	0.0	-1.0
1214	15.0	2.0	1.0
1215	-1.0	0.0	-1.0
1216	-1.0	0.0	-1.0
1217	19.0	3.0	1.0
1218	0.0	2.0	1.0
1219	-1.0	0.0	-1.0
1220	0.0	2.0	1.0
1221	28.0	3.0	1.0
1222	-1.0	0.0	0.0
1223	18.0	2.0	1.0
1224	-1.0	0.0	-1.0
1225	0.0	2.0	1.0
1226	-1.0	0.0	-1.0
1227	-1.0	0.0	-1.0
1228	0.0	2.0	1.0
1229	-1.0	0.0	-1.0
1230	25.0	2.0	1.0
1231	-1.0	0.0	-1.0
1232	-1.0	0.0	-1.0
1233	-1.0	0.0	-1.0
1234	-1.0	0.0	-1.0
1235	24.0	3.0	1.0
1236	-1.0	0.0	-1.0
1237	23.0	2.0	1.0
1238	-1.0	0.0	-1.0
1239	14.0	2.0	1.0
1240	23.0	2.0	1.0
1241	0.0	2.0	1.0
1242	13.0	2.0	1.0
1243	-1.0	0.0	0.0
1244	-1.0	0.0	-1.0
1245	-1.0	0.0	0.0
1246	-1.0	0.0	0.0
1247	-1.0	0.0	0.0
1248	-1.0	0.0	0.0
1249	18.0	2.0	1.0
1250	-1.0	0.0	-1.0
1251	26.0	2.0	1.0
1252	23.0	2.0	1.0
1253	-1.0	0.0	-1.0
1254	28.0	3.0	1.0
1255	-1.0	0.0	-1.0
1256	-1.0	0.0	-1.0
1257	-1.0	0.0	-1.0
1258	-1.0	0.0	0.0
1259	-1.0	0.0	0.0
1260	-1.0	0.0	0.0
1261	16.0	2.0	1.0
1262	0.0	2.0	1.0
1263	-1.0	0.0	-1.0
1264	0.0	2.0	1.0
1265	0.0	2.0	1.0
1266	-1.0	0.0	-1.0
1267	-1.0	0.0	-1.0
1268	27.0	2.0	1.0
1269	-1.0	0.0	-1.0
1270	15.0	2.0	1.0
1271	-1.0	0.0	-1.0
1272	-1.0	0.0	-1.0
1273	-1.0	0.0	-1.0
1274	-1.0	0.0	-1.0
1275	-1.0	0.0	-1.0
1276	-1.0	0.0	0.0
1277	27.0	2.0	1.0
1278	-1.0	0.0	0.0
1279	-1.0	0.0	0.0
1280	16.0	3.0	1.0
1281	10.0	2.0	1.0
1282	-1.0	0.0	-1.0
1283	-1.0	0.0	-1.0
1284	23.0	2.0	1.0
1285	-1.0	0.0	-1.0
1286	28.0	2.0	1.0
1287	-1.0	0.0	0.0
1288	18.0	3.0	1.0
1289	0.0	2.0	1.0
1290	-1.0	0.0	-1.0
1291	-1.0	0.0	0.0
1292	-1.0	0.0	-1.0
1293	-1.0	0.0	-1.0
1294	-1.0	0.0	0.0
1295	-1.0	0.0	-1.0
1296	-1.0	0.0	0.0
1297	-1.0	0.0	0.0
1298	-1.0	0.0	0.0
1299	-1.0	0.0	-1.0
1300	-1.0	0.0	-1.0
1301	-1.0	0.0	-1.0
1302	-1.0	0.0	-1.0
1303	-1.0	0.0	-1.0
1304	-1.0	0.0	-1.0
1305	-1.0	0.0	-1.0
1306	12.0	2.0	1.0
1307	-1.0	0.0	0.0
1308	0.0	2.0	1.0
1309	-1.0	0.0	-1.0
1310	-1.0	0.0	-1.0
1311	-1.0	0.0	-1.0
1312	-1.0	0.0	-1.0
1313	-1.0	0.0	-1.0
1314	27.0	3.0	1.0
1315	-1.0	0.0	0.0
1316	-1.0	0.0	-1.0
1317	27.0	3.0	1.0
1318	0.0	2.0	1.0
1319	-1.0	0.0	-1.0
1320	-1.0	0.0	-1.0
1321	-1.0	0.0	0.0
1322	-1.0	0.0	-1.0
1323	-1.0	0.0	-1.0
1324	-1.0	0.0	0.0
1325	-1.0	0.0	-1.0
1326	0.0	2.0	1.0
1327	-1.0	0.0	-1.0
1328	-1.0	0.0	-1.0
1329	-1.0	0.0	0.0
1330	-1.0	0.0	0.0
1331	-1.0	0.0	-1.0
1332	-1.0	0.0	-1.0
1333	-1.0	0.0	0.0
1334	27.0	2.0	1.0
1335	-1.0	0.0	0.0
1336	-1.0	0.0	-1.0
1337	0.0	2.0	1.0
1338	0.0	2.0	1.0
1339	-1.0	0.0	0.0
1340	-1.0	0.0	0.0
1341	25.0	3.0	1.0
1342	-1.0	0.0	-1.0
1343	-1.0	0.0	0.0
1344	-1.0	0.0	0.0
1345	-1.0	0.0	-1.0
1346	-1.0	0.0	-1.0
1347	-1.0	0.0	-1.0
1348	-1.0	0.0	0.0
1349	-1.0	0.0	-1.0
1350	0.0	2.0	1.0
1351	-1.0	0.0	-1.0
1352	-1.0	0.0	-1.0
1353	17.0	2.0	1.0
1354	-1.0	0.0	0.0
1355	-1.0	0.0	0.0
1356	0.0	2.0	1.0
1357	-1.0	0.0	0.0
1358	-1.0	0.0	-1.0
1359	-1.0	0.0	0.0
1360	-1.0	0.0	-1.0
1361	27.0	2.0	1.0
1362	21.0	2.0	1.0
1363	-1.0	0.0	-1.0
1364	-1.0	0.0	-1.0
1365	-1.0	0.0	0.0
1366	23.0	2.0	1.0
1367	-1.0	0.0	-1.0
1368	0.0	2.0	1.0
1369	-1.0	0.0	-1.0
1370	0.0	2.0	1.0
1371	-1.0	0.0	-1.0
1372	27.0	3.0	1.0
1373	-1.0	0.0	-1.0
1374	-1.0	0.0	-1.0
1375	-1.0	0.0	-1.0
1376	9.0	2.0	1.0
1377	-1.0	0.0	-1.0
1378	-1.0	0.0	-1.0
1379	-1.0	0.0	0.0
1380	-1.0	0.0	-1.0
1381	-1.0	0.0	-1.0
1382	21.0	2.0	1.0
1383	-1.0	0.0	-1.0
1384	-1.0	0.0	0.0
1385	-1.0	0.0	-1.0
1386	17.0	3.0	1.0
1387	-1.0	0.0	-1.0
1388	-1.0	0.0	-1.0
1389	-1.0	0.0	-1.0
1390	-1.0	0.0	0.0
1391	-1.0	0.0	0.0
1392	-1.0	0.0	0.0
1393	-1.0	0.0	-1.0
1394	18.0	3.0	1.0
1395	-1.0	0.0	-1.0
1396	-1.0	0.0	0.0
1397	-1.0	0.0	0.0
1398	-1.0	0.0	-1.0
1399	26.0	3.0	1.0
1400	0.0	2.0	1.0
1401	-1.0	0.0	0.0
1402	-1.0	0.0	-1.0
1403	28.0	3.0	1.0
1404	27.0	2.0	1.0
1405	0.0	2.0	1.0
1406	-1.0	0.0	0.0
1407	-1.0	0.0	0.0
1408	18.0	3.0	1.0
1409	-1.0	0.0	-1.0
1410	-1.0	0.0	0.0
1411	-1.0	0.0	-1.0
1412	19.0	2.0	1.0
1413	-1.0	0.0	-1.0
1414	-1.0	0.0	-1.0
1415	-1.0	0.0	-1.0
1416	-1.0	0.0	-1.0
1417	-1.0	0.0	0.0
1418	-1.0	0.0	-1.0
1419	-1.0	0.0	0.0
1420	-1.0	0.0	0.0
1421	-1.0	0.0	-1.0
1422	27.0	3.0	1.0
1423	-1.0	0.0	0.0
1424	-1.0	0.0	-1.0
1425	17.0	2.0	1.0
1426	-1.0	0.0	-1.0
1427	-1.0	0.0	-1.0
1428	0.0	2.0	1.0
1429	9.0	2.0	1.0
1430	16.0	3.0	1.0
1431	-1.0	0.0	-1.0
1432	-1.0	0.0	-1.0
1433	-1.0	0.0	-1.0
1434	-1.0	0.0	-1.0
1435	-1.0	0.0	-1.0
1436	-1.0	0.0	0.0
1437	-1.0	0.0	-1.0
1438	-1.0	0.0	0.0
1439	-1.0	0.0	-1.0
1440	-1.0	0.0	-1.0
1441	18.0	2.0	1.0
1442	0.0	2.0	1.0
1443	0.0	2.0	1.0
1444	-1.0	0.0	-1.0
1445	-1.0	0.0	0.0
1446	-1.0	0.0	-1.0
1447	0.0	2.0	1.0
1448	-1.0	0.0	-1.0
1449	-1.0	0.0	0.0
1450	0.0	2.0	1.0
1451	-1.0	0.0	-1.0
1452	21.0	2.0	1.0
1453	-1.0	0.0	-1.0
1454	-1.0	0.0	-1.0
1455	-1.0	0.0	-1.0
1456	27.0	2.0	1.0
1457	0.0	2.0	1.0
1458	22.0	2.0	1.0
1459	-1.0	0.0	0.0
1460	22.0	2.0	1.0
1461	21.0	2.0	1.0
1462	-1.0	0.0	-1.0
1463	-1.0	0.0	-1.0
1464	24.0	2.0	1.0
1465	27.0	2.0	1.0
1466	-1.0	0.0	-1.0
1467	-1.0	0.0	0.0
1468	-1.0	0.0	-1.0
1469	-1.0	0.0	0.0
1470	-1.0	0.0	0.0
1471	-1.0	0.0	-1.0
1472	-1.0	0.0	-1.0
1473	-1.0	0.0	-1.0
1474	-1.0	0.0	-1.0
1475	26.0	3.0	1.0
1476	23.0	3.0	1.0
1477	-1.0	0.0	-1.0
1478	-1.0	0.0	-1.0
1479	-1.0	0.0	-1.0
1480	-1.0	0.0	-1.0
1481	-1.0	0.0	-1.0
1482	0.0	2.0	1.0
1483	-1.0	0.0	0.0
1484	0.0	2.0	1.0
1485	-1.0	0.0	0.0
1486	-1.0	0.0	-1.0
1487	-1.0	0.0	-1.0
1488	-1.0	0.0	-1.0
1489	-1.0	0.0	0.0
1490	-1.0	0.0	-1.0
1491	-1.0	0.0	0.0
1492	0.0	2.0	1.0
1493	20.0	2.0	1.0
1494	-1.0	0.0	-1.0
1495	-1.0	0.0	-1.0
1496	-1.0	0.0	-1.0
1497	-1.0	0.0	0.0
1498	23.0	2.0	1.0
1499	-1.0	0.0	-1.0
1500	-1.0	0.0	0.0
1501	-1.0	0.0	-1.0
1502	-1.0	0.0	-1.0
1503	-1.0	0.0	0.0
1504	-1.0	0.0	-1.0
1505	-1.0	0.0	-1.0
1506	-1.0	0.0	0.0
1507	-1.0	0.0	-1.0
1508	-1.0	0.0	-1.0
1509	-1.0	0.0	-1.0
1510	19.0	2.0	1.0
1511	17.0	2.0	1.0
1512	10.0	2.0	1.0
1513	-1.0	0.0	-1.0
1514	-1.0	0.0	-1.0
1515	18.0	2.0	1.0
1516	-1.0	0.0	-1.0
1517	-1.0	0.0	-1.0
1518	-1.0	0.0	-1.0
1519	-1.0	0.0	-1.0
1520	-1.0	0.0	0.0
1521	19.0	2.0	1.0
1522	-1.0	0.0	-1.0
1523	-1.0	0.0	-1.0
1524	8.0	2.0	1.0
1525	-1.0	0.0	-1.0
1526	-1.0	0.0	-1.0
1527	-1.0	0.0	-1.0
1528	-1.0	0.0	-1.0
1529	-1.0	0.0	0.0
1530	-1.0	0.0	-1.0
1531	26.0	2.0	1.0
1532	28.0	2.0	1.0
1533	-1.0	0.0	-1.0
1534	0.0	2.0	1.0
1535	-1.0	0.0	-1.0
1536	-1.0	0.0	0.0
1537	13.0	2.0	1.0
1538	16.0	2.0	1.0
1539	-1.0	0.0	-1.0
1540	0.0	2.0	1.0
1541	-1.0	0.0	-1.0
1542	-1.0	0.0	0.0
1543	-1.0	0.0	-1.0
1544	-1.0	0.0	-1.0
1545	19.0	2.0	1.0
1546	9.0	2.0	1.0
1547	-1.0	0.0	0.0
1548	-1.0	0.0	-1.0
1549	-1.0	0.0	-1.0
1550	-1.0	0.0	-1.0
1551	-1.0	0.0	-1.0
1552	25.0	2.0	1.0
1553	-1.0	0.0	-1.0
1554	-1.0	0.0	0.0
1555	-1.0	0.0	0.0
1556	-1.0	0.0	0.0
1557	0.0	2.0	1.0
1558	-1.0	0.0	-1.0
1559	-1.0	0.0	-1.0
1560	-1.0	0.0	-1.0
1561	-1.0	0.0	-1.0
1562	-1.0	0.0	-1.0
1563	0.0	2.0	1.0
1564	-1.0	0.0	0.0
1565	-1.0	0.0	-1.0
1566	22.0	2.0	1.0
1567	0.0	2.0	1.0
1568	-1.0	0.0	-1.0
1569	-1.0	0.0	0.0
1570	-1.0	0.0	0.0
1571	26.0	3.0	1.0
1572	-1.0	0.0	-1.0
1573	0.0	2.0	1.0
1574	0.0	2.0	1.0
1575	9.0	2.0	1.0
1576	-1.0	0.0	-1.0
1577	-1.0	0.0	-1.0
1578	0.0	2.0	1.0
1579	-1.0	0.0	-1.0
1580	-1.0	0.0	-1.0
1581	-1.0	0.0	-1.0
1582	-1.0	0.0	-1.0
1583	-1.0	0.0	0.0
1584	0.0	2.0	1.0
1585	-1.0	0.0	-1.0
1586	-1.0	0.0	-1.0
1587	0.0	2.0	1.0
1588	-1.0	0.0	-1.0
1589	-1.0	0.0	-1.0
1590	10.0	2.0	1.0
1591	-1.0	0.0	-1.0
1592	-1.0	0.0	0.0
1593	-1.0	0.0	-1.0
1594	-1.0	0.0	-1.0
1595	-1.0	0.0	-1.0
1596	-1.0	0.0	-1.0
1597	-1.0	0.0	-1.0
1598	-1.0	0.0	-1.0
1599	-1.0	0.0	-1.0
1600	-1.0	0.0	-1.0
1601	-1.0	0.0	-1.0
1602	14.0	2.0	1.0
1603	28.0	3.0	1.0
1604	-1.0	0.0	0.0
1605	-1.0	0.0	0.0
1606	11.0	2.0	1.0
1607	-1.0	0.0	-1.0
1608	-1.0	0.0	-1.0
1609	-1.0	0.0	0.0
1610	-1.0	0.0	-1.0
1611	-1.0	0.0	0.0
1612	0.0	2.0	1.0
1613	18.0	2.0	1.0
1614	22.0	2.0	1.0
1615	10.0	2.0	1.0
1616	-1.0	0.0	0.0
1617	-1.0	0.0	0.0
1618	-1.0	0.0	0.0
1619	-1.0	0.0	-1.0
1620	-1.0	0.0	-1.0
1621	-1.0	0.0	-1.0
1622	-1.0	0.0	-1.0
1623	0.0	2.0	1.0
1624	23.0	2.0	1.0
1625	0.0	2.0	1.0
1626	-1.0	0.0	-1.0
1627	-1.0	0.0	-1.0
1628	-1.0	0.0	0.0
1629	-1.0	0.0	-1.0
1630	-1.0	0.0	-1.0
1631	-1.0	0.0	-1.0
1632	-1.0	0.0	-1.0
1633	-1.0	0.0	-1.0
1634	0.0	2.0	1.0
1635	-1.0	0.0	-1.0
1636	0.0	2.0	1.0
1637	-1.0	0.0	0.0
1638	-1.0	0.0	-1.0
1639	-1.0	0.0	0.0
1640	-1.0	0.0	-1.0
1641	22.0	2.0	1.0
1642	-1.0	0.0	0.0
1643	-1.0	0.0	0.0
1644	-1.0	0.0	0.0
1645	-1.0	0.0	0.0
1646	10.0	3.0	1.0
1647	-1.0	0.0	0.0
1648	-1.0	0.0	-1.0
1649	18.0	2.0	1.0
1650	-1.0	0.0	0.0
1651	0.0	2.0	1.0
1652	-1.0	0.0	-1.0
1653	16.0	3.0	1.0
1654	-1.0	0.0	-1.0
1655	-1.0	0.0	0.0
1656	-1.0	0.0	0.0
1657	-1.0	0.0	0.0
1658	-1.0	0.0	-1.0
1659	-1.0	0.0	-1.0
1660	28.0	2.0	1.0
1661	-1.0	0.0	-1.0
1662	-1.0	0.0	-1.0
1663	26.0	2.0	1.0
1664	0.0	2.0	1.0
1665	0.0	2.0	1.0
1666	-1.0	0.0	0.0
1667	9.0	2.0	1.0
1668	-1.0	0.0	-1.0
1669	24.0	3.0	1.0
1670	-1.0	0.0	0.0
1671	0.0	2.0	1.0
1672	-1.0	0.0	0.0
1673	-1.0	0.0	0.0
1674	-1.0	0.0	0.0
1675	-1.0	0.0	-1.0
1676	0.0	2.0	1.0
1677	-1.0	0.0	0.0
1678	0.0	2.0	1.0
1679	-1.0	0.0	-1.0
1680	-1.0	0.0	0.0
1681	-1.0	0.0	0.0
1682	-1.0	0.0	-1.0
1683	-1.0	0.0	-1.0
1684	-1.0	0.0	0.0
1685	-1.0	0.0	-1.0
1686	28.0	3.0	1.0
1687	0.0	2.0	1.0
1688	8.0	2.0	1.0
1689	-1.0	0.0	-1.0
1690	-1.0	0.0	-1.0
1691	-1.0	0.0	0.0
1692	-1.0	0.0	-1.0
1693	14.0	2.0	1.0
1694	-1.0	0.0	-1.0
1695	-1.0	0.0	-1.0
1696	-1.0	0.0	-1.0
1697	-1.0	0.0	-1.0
1698	-1.0	0.0	-1.0
1699	-1.0	0.0	0.0
1700	-1.0	0.0	-1.0
1701	-1.0	0.0	-1.0
1702	-1.0	0.0	-1.0
1703	-1.0	0.0	0.0
1704	-1.0	0.0	-1.0
1705	-1.0	0.0	-1.0
1706	-1.0	0.0	-1.0
1707	-1.0	0.0	0.0
1708	-1.0	0.0	-1.0
1709	0.0	2.0	1.0
1710	11.0	2.0	1.0
1711	11.0	2.0	1.0
1712	-1.0	0.0	0.0
1713	-1.0	0.0	-1.0
1714	-1.0	0.0	-1.0
1715	-1.0	0.0	0.0
1716	-1.0	0.0	-1.0
1717	-1.0	0.0	0.0
1718	0.0	2.0	1.0
1719	0.0	2.0	1.0
1720	14.0	2.0	1.0
1721	-1.0	0.0	0.0
1722	27.0	2.0	1.0
1723	-1.0	0.0	0.0
1724	-1.0	0.0	0.0
1725	22.0	2.0	1.0
1726	-1.0	0.0	0.0
1727	-1.0	0.0	-1.0
1728	0.0	2.0	1.0
1729	-1.0	0.0	-1.0
1730	-1.0	0.0	-1.0
1731	-1.0	0.0	-1.0
1732	-1.0	0.0	0.0
1733	-1.0	0.0	0.0
1734	0.0	2.0	1.0
1735	-1.0	0.0	-1.0
1736	-1.0	0.0	-1.0
1737	23.0	3.0	1.0
1738	-1.0	0.0	-1.0
1739	-1.0	0.0	-1.0
1740	14.0	3.0	1.0
1741	-1.0	0.0	-1.0
1742	18.0	2.0	1.0
1743	-1.0	0.0	-1.0
1744	-1.0	0.0	0.0
1745	-1.0	0.0	-1.0
1746	-1.0	0.0	-1.0
1747	-1.0	0.0	0.0
1748	-1.0	0.0	-1.0
1749	-1.0	0.0	0.0
1750	20.0	3.0	1.0
1751	-1.0	0.0	0.0
1752	-1.0	0.0	-1.0
1753	-1.0	0.0	0.0
1754	9.0	2.0	1.0
1755	22.0	2.0	1.0
1756	0.0	2.0	1.0
1757	0.0	2.0	1.0
1758	-1.0	0.0	0.0
1759	-1.0	0.0	-1.0
1760	-1.0	0.0	-1.0
1761	-1.0	0.0	-1.0
1762	-1.0	0.0	-1.0
1763	-1.0	0.0	-1.0
1764	0.0	2.0	1.0
1765	-1.0	0.0	0.0
1766	-1.0	0.0	-1.0
1767	-1.0	0.0	-1.0
1768	-1.0	0.0	-1.0
1769	14.0	2.0	1.0
1770	-1.0	0.0	0.0
1771	-1.0	0.0	-1.0
1772	-1.0	0.0	0.0
1773	-1.0	0.0	0.0
1774	-1.0	0.0	-1.0
1775	-1.0	0.0	-1.0
1776	-1.0	0.0	-1.0
1777	-1.0	0.0	-1.0
1778	-1.0	0.0	0.0
1779	-1.0	0.0	0.0
1780	-1.0	0.0	0.0
1781	0.0	2.0	1.0
1782	14.0	3.0	1.0
1783	0.0	2.0	1.0
1784	0.0	2.0	1.0
1785	-1.0	0.0	-1.0
1786	-1.0	0.0	-1.0
1787	-1.0	0.0	0.0
1788	-1.0	0.0	-1.0
1789	0.0	2.0	1.0
1790	24.0	2.0	1.0
1791	-1.0	0.0	-1.0
1792	-1.0	0.0	0.0
1793	-1.0	0.0	0.0
1794	-1.0	0.0	-1.0
1795	-1.0	0.0	-1.0
1796	-1.0	0.0	-1.0
1797	-1.0	0.0	0.0
1798	-1.0	0.0	-1.0
1799	21.0	3.0	1.0
1800	-1.0	0.0	-1.0
1801	0.0	2.0	1.0
1802	0.0	2.0	1.0
1803	-1.0	0.0	-1.0
1804	-1.0	0.0	-1.0
1805	-1.0	0.0	-1.0
1806	-1.0	0.0	0.0
1807	-1.0	0.0	-1.0
1808	-1.0	0.0	-1.0
1809	-1.0	0.0	-1.0
1810	-1.0	0.0	-1.0
1811	-1.0	0.0	-1.0
1812	-1.0	0.0	-1.0
1813	-1.0	0.0	-1.0
1814	23.0	2.0	1.0
1815	-1.0	0.0	-1.0
1816	13.0	2.0	1.0
1817	-1.0	0.0	0.0
1818	-1.0	0.0	0.0
1819	13.0	2.0	1.0
1820	-1.0	0.0	0.0
1821	-1.0	0.0	0.0
1822	-1.0	0.0	-1.0
1823	-1.0	0.0	-1.0
1824	-1.0	0.0	0.0
1825	-1.0	0.0	0.0
1826	-1.0	0.0	-1.0
1827	-1.0	0.0	0.0
1828	-1.0	0.0	-1.0
1829	-1.0	0.0	-1.0
1830	-1.0	0.0	0.0
1831	16.0	2.0	1.0
1832	0.0	2.0	1.0
1833	-1.0	0.0	-1.0
1834	-1.0	0.0	-1.0
1835	-1.0	0.0	0.0
1836	25.0	2.0	1.0
1837	-1.0	0.0	0.0
1838	-1.0	0.0	0.0
1839	-1.0	0.0	-1.0
1840	0.0	2.0	1.0
1841	-1.0	0.0	-1.0
1842	11.0	2.0	1.0
1843	-1.0	0.0	0.0
1844	-1.0	0.0	-1.0
1845	-1.0	0.0	-1.0
1846	-1.0	0.0	-1.0
1847	-1.0	0.0	-1.0
1848	-1.0	0.0	-1.0
1849	-1.0	0.0	0.0
1850	-1.0	0.0	-1.0
1851	-1.0	0.0	-1.0
1852	18.0	3.0	1.0
1853	14.0	2.0	1.0
1854	-1.0	0.0	-1.0
1855	0.0	2.0	1.0
1856	-1.0	0.0	0.0
1857	-1.0	0.0	0.0
1858	-1.0	0.0	-1.0
1859	27.0	3.0	1.0
1860	27.0	3.0	1.0
1861	0.0	2.0	1.0
1862	18.0	3.0	1.0
1863	-1.0	0.0	0.0
1864	0.0	2.0	1.0
1865	-1.0	0.0	-1.0
1866	-1.0	0.0	-1.0
1867	0.0	2.0	1.0
1868	-1.0	0.0	-1.0
1869	14.0	2.0	1.0
1870	27.0	2.0	1.0
1871	-1.0	0.0	0.0
1872	-1.0	0.0	0.0
1873	-1.0	0.0	0.0
1874	-1.0	0.0	-1.0
1875	-1.0	0.0	0.0
1876	11.0	2.0	1.0
1877	16.0	2.0	1.0
1878	-1.0	0.0	-1.0
1879	-1.0	0.0	0.0
1880	-1.0	0.0	0.0
1881	-1.0	0.0	0.0
1882	-1.0	0.0	0.0
1883	0.0	2.0	1.0
1884	0.0	2.0	1.0
1885	-1.0	0.0	-1.0
1886	0.0	2.0	1.0
1887	-1.0	0.0	-1.0
1888	14.0	2.0	1.0
1889	0.0	2.0	1.0
1890	-1.0	0.0	-1.0
1891	-1.0	0.0	0.0
1892	-1.0	0.0	0.0
1893	-1.0	0.0	-1.0
1894	-1.0	0.0	0.0
1895	-1.0	0.0	-1.0
1896	-1.0	0.0	0.0
1897	-1.0	0.0	-1.0
1898	-1.0	0.0	0.0
1899	-1.0	0.0	-1.0
1900	-1.0	0.0	-1.0
1901	12.0	3.0	1.0
1902	-1.0	0.0	-1.0
1903	-1.0	0.0	-1.0
1904	-1.0	0.0	0.0
1905	-1.0	0.0	-1.0
1906	-1.0	0.0	0.0
1907	17.0	2.0	1.0
1908	-1.0	0.0	-1.0
1909	-1.0	0.0	-1.0
1910	-1.0	0.0	-1.0
1911	-1.0	0.0	-1.0
1912	-1.0	0.0	-1.0
1913	-1.0	0.0	0.0
1914	0.0	2.0	1.0
1915	-1.0	0.0	-1.0
1916	-1.0	0.0	0.0
1917	18.0	2.0	1.0
1918	-1.0	0.0	-1.0
1919	-1.0	0.0	-1.0
1920	12.0	2.0	1.0
1921	-1.0	0.0	-1.0
1922	-1.0	0.0	0.0
1923	10.0	2.0	1.0
1924	19.0	2.0	1.0
1925	-1.0	0.0	0.0
1926	28.0	2.0	1.0
1927	-1.0	0.0	0.0
1928	-1.0	0.0	-1.0
1929	-1.0	0.0	0.0
1930	-1.0	0.0	-1.0
1931	-1.0	0.0	0.0
1932	-1.0	0.0	0.0
1933	-1.0	0.0	0.0
1934	-1.0	0.0	-1.0
1935	18.0	2.0	1.0
1936	-1.0	0.0	0.0
1937	-1.0	0.0	-1.0
1938	11.0	2.0	1.0
1939	-1.0	0.0	0.0
1940	-1.0	0.0	-1.0
1941	-1.0	0.0	0.0
1942	-1.0	0.0	-1.0
1943	-1.0	0.0	-1.0
1944	-1.0	0.0	0.0
1945	-1.0	0.0	0.0
1946	-1.0	0.0	0.0
1947	0.0	2.0	1.0
1948	-1.0	0.0	-1.0
1949	-1.0	0.0	0.0
1950	-1.0	0.0	0.0
1951	-1.0	0.0	-1.0
1952	21.0	2.0	1.0
1953	-1.0	0.0	-1.0
1954	28.0	3.0	1.0
1955	-1.0	0.0	0.0
1956	-1.0	0.0	-1.0
1957	-1.0	0.0	-1.0
1958	-1.0	0.0	-1.0
1959	-1.0	0.0	-1.0
1960	0.0	2.0	1.0
1961	-1.0	0.0	-1.0
1962	-1.0	0.0	-1.0
1963	-1.0	0.0	0.0
1964	-1.0	0.0	0.0
1965	24.0	2.0	1.0
1966	-1.0	0.0	-1.0
1967	-1.0	0.0	-1.0
1968	27.0	3.0	1.0
1969	-1.0	0.0	-1.0
1970	-1.0	0.0	-1.0
1971	-1.0	0.0	-1.0
1972	-1.0	0.0	-1.0
1973	-1.0	0.0	-1.0
1974	-1.0	0.0	-1.0
1975	-1.0	0.0	0.0
1976	-1.0	0.0	-1.0
1977	-1.0	0.0	-1.0
1978	-1.0	0.0	0.0
1979	-1.0	0.0	-1.0
1980	-1.0	0.0	-1.0
1981	-1.0	0.0	0.0
1982	-1.0	0.0	-1.0
1983	-1.0	0.0	0.0
1984	-1.0	0.0	-1.0
1985	-1.0	0.0	-1.0
1986	-1.0	0.0	0.0
1987	-1.0	0.0	-1.0
1988	-1.0	0.0	0.0
1989	18.0	3.0	1.0
1990	18.0	2.0	1.0
1991	-1.0	0.0	-1.0
1992	-1.0	0.0	-1.0
1993	-1.0	0.0	-1.0
1994	-1.0	0.0	0.0
1995	-1.0	0.0	-1.0
1996	0.0	2.0	1.0
1997	-1.0	0.0	0.0
1998	-1.0	0.0	-1.0
1999	-1.0	0.0	-1.0
2000	-1.0	0.0	-1.0
2001	11.0	2.0	1.0
2002	18.0	2.0	1.0
2003	-1.0	0.0	-1.0
2004	0.0	2.0	1.0
2005	-1.0	0.0	0.0
2006	19.0	2.0	1.0
2007	-1.0	0.0	-1.0
2008	0.0	2.0	1.0
2009	-1.0	0.0	0.0
2010	-1.0	0.0	0.0
2011	-1.0	0.0	-1.0
2012	-1.0	0.0	-1.0
2013	-1.0	0.0	0.0
2014	-1.0	0.0	0.0
2015	-1.0	0.0	-1.0
2016	-1.0	0.0	-1.0
2017	0.0	2.0	1.0
2018	-1.0	0.0	0.0
2019	0.0	2.0	1.0
2020	0.0	2.0	1.0
2021	-1.0	0.0	-1.0
2022	-1.0	0.0	-1.0
2023	0.0	2.0	1.0
2024	-1.0	0.0	0.0
2025	-1.0	0.0	0.0
2026	-1.0	0.0	0.0
2027	-1.0	0.0	0.0
2028	-1.0	0.0	0.0
2029	-1.0	0.0	-1.0
2030	-1.0	0.0	0.0
2031	14.0	3.0	1.0
2032	0.0	2.0	1.0
2033	18.0	3.0	1.0
2034	-1.0	0.0	-1.0
2035	-1.0	0.0	0.0
2036	-1.0	0.0	-1.0
2037	-1.0	0.0	-1.0
2038	0.0	2.0	1.0
2039	-1.0	0.0	-1.0
2040	-1.0	0.0	-1.0
2041	-1.0	0.0	-1.0
2042	-1.0	0.0	0.0
2043	-1.0	0.0	0.0
2044	-1.0	0.0	-1.0
2045	0.0	2.0	1.0
2046	-1.0	0.0	-1.0
2047	-1.0	0.0	-1.0
2048	0.0	2.0	1.0
2049	-1.0	0.0	0.0
2050	-1.0	0.0	0.0
2051	0.0	2.0	1.0
2052	22.0	2.0	1.0
2053	-1.0	0.0	-1.0
2054	-1.0	0.0	-1.0
2055	-1.0	0.0	0.0
2056	-1.0	0.0	-1.0
2057	-1.0	0.0	0.0
2058	-1.0	0.0	-1.0
2059	-1.0	0.0	0.0
2060	-1.0	0.0	0.0
2061	-1.0	0.0	-1.0
2062	-1.0	0.0	-1.0
2063	28.0	3.0	1.0
2064	0.0	2.0	1.0
2065	-1.0	0.0	0.0
2066	-1.0	0.0	-1.0
2067	0.0	2.0	1.0
2068	-1.0	0.0	-1.0
2069	-1.0	0.0	0.0
2070	17.0	2.0	1.0
2071	-1.0	0.0	-1.0
2072	-1.0	0.0	0.0
2073	-1.0	0.0	-1.0
2074	-1.0	0.0	-1.0
2075	-1.0	0.0	-1.0
2076	0.0	2.0	1.0
2077	-1.0	0.0	-1.0
2078	-1.0	0.0	-1.0
2079	21.0	2.0	1.0
2080	-1.0	0.0	-1.0
2081	-1.0	0.0	-1.0
2082	-1.0	0.0	0.0
2083	0.0	2.0	1.0
2084	-1.0	0.0	0.0
2085	-1.0	0.0	-1.0
2086	-1.0	0.0	-1.0
2087	-1.0	0.0	-1.0
2088	-1.0	0.0	0.0
2089	0.0	2.0	1.0
2090	-1.0	0.0	0.0
2091	-1.0	0.0	-1.0
2092	0.0	2.0	1.0
2093	-1.0	0.0	0.0
2094	-1.0	0.0	-1.0
2095	-1.0	0.0	-1.0
2096	0.0	2.0	1.0
2097	-1.0	0.0	-1.0
2098	-1.0	0.0	-1.0
2099	11.0	2.0	1.0
2100	0.0	2.0	1.0
2101	-1.0	0.0	0.0
2102	17.0	2.0	1.0
2103	-1.0	0.0	0.0
2104	-1.0	0.0	-1.0
2105	-1.0	0.0	0.0
2106	20.0	2.0	1.0
2107	-1.0	0.0	-1.0
2108	-1.0	0.0	-1.0
2109	-1.0	0.0	-1.0
2110	15.0	2.0	1.0
2111	-1.0	0.0	-1.0
2112	-1.0	0.0	0.0
2113	-1.0	0.0	-1.0
2114	15.0	2.0	1.0
2115	-1.0	0.0	0.0
2116	25.0	3.0	1.0
2117	-1.0	0.0	-1.0
2118	-1.0	0.0	-1.0
2119	-1.0	0.0	0.0
2120	-1.0	0.0	0.0
2121	0.0	2.0	1.0
2122	0.0	2.0	1.0
2123	-1.0	0.0	-1.0
2124	-1.0	0.0	-1.0
2125	-1.0	0.0	0.0
2126	-1.0	0.0	-1.0
2127	-1.0	0.0	0.0
2128	26.0	3.0	1.0
2129	-1.0	0.0	0.0
2130	25.0	2.0	1.0
2131	-1.0	0.0	-1.0
2132	-1.0	0.0	0.0
2133	-1.0	0.0	-1.0
2134	-1.0	0.0	-1.0
2135	-1.0	0.0	-1.0
2136	-1.0	0.0	-1.0
2137	28.0	2.0	1.0
2138	-1.0	0.0	-1.0
2139	0.0	2.0	1.0
2140	26.0	2.0	1.0
2141	-1.0	0.0	-1.0
2142	-1.0	0.0	-1.0
2143	-1.0	0.0	-1.0
2144	-1.0	0.0	-1.0
2145	28.0	2.0	1.0
2146	-1.0	0.0	-1.0
2147	-1.0	0.0	0.0
2148	-1.0	0.0	0.0
2149	-1.0	0.0	-1.0
2150	15.0	2.0	1.0
2151	-1.0	0.0	0.0
2152	-1.0	0.0	-1.0
2153	21.0	2.0	1.0
2154	-1.0	0.0	0.0
2155	8.0	3.0	1.0
2156	-1.0	0.0	0.0
2157	-1.0	0.0	-1.0
2158	-1.0	0.0	-1.0
2159	-1.0	0.0	-1.0
2160	-1.0	0.0	-1.0
2161	-1.0	0.0	0.0
2162	-1.0	0.0	-1.0
2163	-1.0	0.0	0.0
2164	-1.0	0.0	0.0
2165	27.0	2.0	1.0
2166	-1.0	0.0	0.0
2167	-1.0	0.0	-1.0
2168	-1.0	0.0	-1.0
2169	-1.0	0.0	0.0
2170	-1.0	0.0	-1.0
2171	-1.0	0.0	0.0
2172	-1.0	0.0	-1.0
2173	-1.0	0.0	-1.0
2174	-1.0	0.0	0.0
2175	-1.0	0.0	0.0
2176	-1.0	0.0	-1.0
2177	-1.0	0.0	-1.0
2178	-1.0	0.0	-1.0
2179	-1.0	0.0	0.0
2180	-1.0	0.0	0.0
2181	25.0	2.0	1.0
2182	-1.0	0.0	-1.0
2183	27.0	2.0	1.0
2184	-1.0	0.0	-1.0
2185	-1.0	0.0	-1.0
2186	-1.0	0.0	0.0
2187	-1.0	0.0	0.0
2188	-1.0	0.0	-1.0
2189	-1.0	0.0	-1.0
2190	-1.0	0.0	0.0
2191	-1.0	0.0	-1.0
2192	-1.0	0.0	-1.0
2193	-1.0	0.0	0.0
2194	-1.0	0.0	0.0
2195	21.0	2.0	1.0
2196	20.0	3.0	1.0
2197	-1.0	0.0	0.0
2198	-1.0	0.0	0.0
2199	-1.0	0.0	-1.0
2200	-1.0	0.0	0.0
2201	24.0	2.0	1.0
2202	-1.0	0.0	-1.0
2203	-1.0	0.0	-1.0
2204	-1.0	0.0	-1.0
2205	-1.0	0.0	0.0
2206	-1.0	0.0	0.0
2207	-1.0	0.0	-1.0
2208	-1.0	0.0	-1.0
2209	28.0	2.0	1.0
2210	-1.0	0.0	-1.0
2211	-1.0	0.0	-1.0
2212	-1.0	0.0	0.0
2213	-1.0	0.0	0.0
2214	-1.0	0.0	-1.0
2215	13.0	3.0	1.0
2216	-1.0	0.0	0.0
2217	-1.0	0.0	0.0
2218	16.0	2.0	1.0
2219	18.0	3.0	1.0
2220	-1.0	0.0	-1.0
2221	23.0	2.0	1.0
2222	-1.0	0.0	0.0
2223	-1.0	0.0	0.0
2224	20.0	2.0	1.0
2225	19.0	2.0	1.0
2226	-1.0	0.0	-1.0
2227	-1.0	0.0	-1.0
2228	-1.0	0.0	0.0
2229	-1.0	0.0	-1.0
2230	-1.0	0.0	0.0
2231	-1.0	0.0	-1.0
2232	-1.0	0.0	-1.0
2233	-1.0	0.0	0.0
2234	-1.0	0.0	-1.0
2235	0.0	2.0	1.0
2236	-1.0	0.0	-1.0
2237	-1.0	0.0	-1.0
2238	-1.0	0.0	0.0
2239	-1.0	0.0	-1.0
2240	-1.0	0.0	-1.0
2241	-1.0	0.0	-1.0
2242	-1.0	0.0	0.0
2243	-1.0	0.0	-1.0
2244	-1.0	0.0	-1.0
2245	-1.0	0.0	0.0
2246	-1.0	0.0	-1.0
2247	-1.0	0.0	-1.0
2248	13.0	2.0	1.0
2249	-1.0	0.0	-1.0
2250	0.0	0.0	0.0
