index	outport	cost	SuccessFlag
0	20.0	3.0	1.0
1	0.0	2.0	1.0
2	19.0	3.0	1.0
3	27.0	3.0	1.0
4	0.0	2.0	1.0
5	0.0	2.0	1.0
6	17.0	3.0	1.0
7	25.0	3.0	1.0
8	15.0	2.0	1.0
9	22.0	3.0	1.0
10	26.0	3.0	1.0
11	0.0	2.0	1.0
12	0.0	2.0	1.0
13	-1.0	0.0	-1.0
14	0.0	2.0	1.0
15	17.0	3.0	1.0
16	0.0	2.0	1.0
17	0.0	2.0	1.0
18	8.0	3.0	1.0
19	0.0	2.0	1.0
20	8.0	2.0	1.0
21	9.0	3.0	1.0
22	-1.0	0.0	-1.0
23	8.0	2.0	1.0
24	22.0	2.0	1.0
25	15.0	2.0	1.0
26	20.0	3.0	1.0
27	13.0	3.0	1.0
28	0.0	2.0	1.0
29	15.0	2.0	1.0
30	8.0	2.0	1.0
31	14.0	3.0	1.0
32	28.0	3.0	1.0
33	22.0	2.0	1.0
34	21.0	3.0	1.0
35	27.0	3.0	1.0
36	11.0	3.0	1.0
37	27.0	3.0	1.0
38	26.0	3.0	1.0
39	22.0	2.0	1.0
40	0.0	2.0	1.0
41	10.0	3.0	1.0
42	10.0	2.0	1.0
43	14.0	3.0	1.0
44	0.0	2.0	1.0
45	28.0	3.0	1.0
46	23.0	3.0	1.0
47	15.0	2.0	1.0
48	0.0	2.0	1.0
49	22.0	2.0	1.0
50	15.0	2.0	1.0
51	23.0	2.0	1.0
52	17.0	3.0	1.0
53	0.0	2.0	1.0
54	-1.0	0.0	-1.0
55	14.0	3.0	1.0
56	23.0	3.0	1.0
57	22.0	2.0	1.0
58	0.0	2.0	1.0
59	-1.0	0.0	-1.0
60	8.0	2.0	1.0
61	0.0	2.0	1.0
62	-1.0	0.0	-1.0
63	18.0	3.0	1.0
64	0.0	2.0	1.0
65	-1.0	0.0	0.0
66	-1.0	0.0	0.0
67	0.0	2.0	1.0
68	-1.0	0.0	-1.0
69	0.0	2.0	1.0
70	23.0	3.0	1.0
71	16.0	3.0	1.0
72	0.0	2.0	1.0
73	28.0	3.0	1.0
74	8.0	2.0	1.0
75	23.0	3.0	1.0
76	8.0	3.0	1.0
77	0.0	2.0	1.0
78	27.0	3.0	1.0
79	11.0	3.0	1.0
80	-1.0	0.0	-1.0
81	13.0	3.0	1.0
82	28.0	3.0	1.0
83	12.0	3.0	1.0
84	22.0	2.0	1.0
85	0.0	2.0	1.0
86	0.0	2.0	1.0
87	10.0	3.0	1.0
88	0.0	2.0	1.0
89	23.0	3.0	1.0
90	-1.0	0.0	-1.0
91	8.0	2.0	1.0
92	20.0	3.0	1.0
93	19.0	3.0	1.0
94	-1.0	0.0	-1.0
95	-1.0	0.0	0.0
96	11.0	3.0	1.0
97	25.0	3.0	1.0
98	0.0	2.0	1.0
99	0.0	2.0	1.0
100	0.0	2.0	1.0
101	10.0	3.0	1.0
102	-1.0	0.0	-1.0
103	21.0	3.0	1.0
104	8.0	2.0	1.0
105	0.0	2.0	1.0
106	21.0	3.0	1.0
107	24.0	3.0	1.0
108	-1.0	0.0	-1.0
109	0.0	2.0	1.0
110	15.0	3.0	1.0
111	-1.0	0.0	-1.0
112	0.0	2.0	1.0
113	15.0	2.0	1.0
114	9.0	2.0	1.0
115	-1.0	0.0	-1.0
116	24.0	2.0	1.0
117	12.0	3.0	1.0
118	25.0	3.0	1.0
119	0.0	2.0	1.0
120	18.0	3.0	1.0
121	17.0	3.0	1.0
122	27.0	3.0	1.0
123	18.0	2.0	1.0
124	22.0	2.0	1.0
125	-1.0	0.0	0.0
126	16.0	3.0	1.0
127	16.0	2.0	1.0
128	-1.0	0.0	-1.0
129	17.0	2.0	1.0
130	24.0	2.0	1.0
131	15.0	2.0	1.0
132	17.0	3.0	1.0
133	0.0	2.0	1.0
134	0.0	2.0	1.0
135	-1.0	0.0	-1.0
136	16.0	3.0	1.0
137	-1.0	0.0	-1.0
138	15.0	2.0	1.0
139	-1.0	0.0	0.0
140	-1.0	0.0	0.0
141	0.0	2.0	1.0
142	-1.0	0.0	-1.0
143	22.0	2.0	1.0
144	15.0	2.0	1.0
145	-1.0	0.0	0.0
146	-1.0	0.0	0.0
147	-1.0	0.0	-1.0
148	11.0	3.0	1.0
149	8.0	2.0	1.0
150	22.0	2.0	1.0
151	20.0	3.0	1.0
152	-1.0	0.0	-1.0
153	-1.0	0.0	-1.0
154	0.0	2.0	1.0
155	-1.0	0.0	-1.0
156	22.0	2.0	1.0
157	27.0	3.0	1.0
158	18.0	3.0	1.0
159	0.0	2.0	1.0
160	18.0	3.0	1.0
161	0.0	2.0	1.0
162	23.0	3.0	1.0
163	24.0	3.0	1.0
164	9.0	2.0	1.0
165	-1.0	0.0	-1.0
166	24.0	3.0	1.0
167	15.0	2.0	1.0
168	12.0	3.0	1.0
169	12.0	3.0	1.0
170	-1.0	0.0	-1.0
171	-1.0	0.0	-1.0
172	13.0	3.0	1.0
173	0.0	2.0	1.0
174	19.0	3.0	1.0
175	15.0	2.0	1.0
176	20.0	3.0	1.0
177	26.0	3.0	1.0
178	-1.0	0.0	-1.0
179	19.0	3.0	1.0
180	0.0	2.0	1.0
181	8.0	2.0	1.0
182	26.0	3.0	1.0
183	24.0	2.0	1.0
184	-1.0	0.0	0.0
185	9.0	2.0	1.0
186	25.0	3.0	1.0
187	17.0	2.0	1.0
188	24.0	3.0	1.0
189	28.0	3.0	1.0
190	24.0	3.0	1.0
191	9.0	2.0	1.0
192	-1.0	0.0	-1.0
193	12.0	3.0	1.0
194	0.0	2.0	1.0
195	0.0	2.0	1.0
196	22.0	2.0	1.0
197	16.0	2.0	1.0
198	0.0	2.0	1.0
199	27.0	3.0	1.0
200	22.0	2.0	1.0
201	20.0	2.0	1.0
202	-1.0	0.0	-1.0
203	19.0	3.0	1.0
204	26.0	3.0	1.0
205	18.0	2.0	1.0
206	0.0	2.0	1.0
207	-1.0	0.0	-1.0
208	25.0	2.0	1.0
209	-1.0	0.0	-1.0
210	15.0	2.0	1.0
211	-1.0	0.0	-1.0
212	-1.0	0.0	-1.0
213	-1.0	0.0	-1.0
214	-1.0	0.0	-1.0
215	0.0	2.0	1.0
216	16.0	2.0	1.0
217	25.0	3.0	1.0
218	-1.0	0.0	-1.0
219	0.0	2.0	1.0
220	20.0	3.0	1.0
221	-1.0	0.0	-1.0
222	0.0	2.0	1.0
223	10.0	3.0	1.0
224	-1.0	0.0	-1.0
225	12.0	3.0	1.0
226	24.0	2.0	1.0
227	-1.0	0.0	-1.0
228	15.0	2.0	1.0
229	22.0	2.0	1.0
230	0.0	2.0	1.0
231	-1.0	0.0	-1.0
232	-1.0	0.0	-1.0
233	25.0	3.0	1.0
234	24.0	2.0	1.0
235	-1.0	0.0	-1.0
236	-1.0	0.0	-1.0
237	22.0	2.0	1.0
238	0.0	2.0	1.0
239	28.0	3.0	1.0
240	-1.0	0.0	-1.0
241	0.0	2.0	1.0
242	0.0	2.0	1.0
243	-1.0	0.0	-1.0
244	-1.0	0.0	-1.0
245	9.0	2.0	1.0
246	28.0	3.0	1.0
247	-1.0	0.0	-1.0
248	12.0	3.0	1.0
249	16.0	3.0	1.0
250	-1.0	0.0	-1.0
251	0.0	2.0	1.0
252	-1.0	0.0	-1.0
253	8.0	2.0	1.0
254	0.0	2.0	1.0
255	-1.0	0.0	0.0
256	-1.0	0.0	-1.0
257	8.0	2.0	1.0
258	-1.0	0.0	0.0
259	-1.0	0.0	0.0
260	0.0	2.0	1.0
261	10.0	3.0	1.0
262	-1.0	0.0	-1.0
263	24.0	2.0	1.0
264	20.0	3.0	1.0
265	-1.0	0.0	-1.0
266	-1.0	0.0	-1.0
267	-1.0	0.0	-1.0
268	0.0	2.0	1.0
269	-1.0	0.0	-1.0
270	27.0	3.0	1.0
271	0.0	2.0	1.0
272	-1.0	0.0	-1.0
273	-1.0	0.0	-1.0
274	9.0	2.0	1.0
275	-1.0	0.0	-1.0
276	-1.0	0.0	-1.0
277	-1.0	0.0	-1.0
278	22.0	2.0	1.0
279	-1.0	0.0	-1.0
280	8.0	2.0	1.0
281	-1.0	0.0	-1.0
282	13.0	3.0	1.0
283	-1.0	0.0	-1.0
284	9.0	2.0	1.0
285	22.0	2.0	1.0
286	22.0	2.0	1.0
287	0.0	2.0	1.0
288	11.0	2.0	1.0
289	0.0	2.0	1.0
290	25.0	3.0	1.0
291	-1.0	0.0	0.0
292	0.0	2.0	1.0
293	23.0	3.0	1.0
294	22.0	2.0	1.0
295	16.0	2.0	1.0
296	-1.0	0.0	-1.0
297	-1.0	0.0	-1.0
298	0.0	2.0	1.0
299	8.0	2.0	1.0
300	13.0	3.0	1.0
301	20.0	3.0	1.0
302	0.0	2.0	1.0
303	-1.0	0.0	-1.0
304	26.0	2.0	1.0
305	0.0	2.0	1.0
306	-1.0	0.0	-1.0
307	-1.0	0.0	-1.0
308	0.0	2.0	1.0
309	0.0	2.0	1.0
310	-1.0	0.0	-1.0
311	0.0	2.0	1.0
312	9.0	3.0	1.0
313	15.0	2.0	1.0
314	16.0	2.0	1.0
315	-1.0	0.0	0.0
316	12.0	2.0	1.0
317	-1.0	0.0	0.0
318	20.0	3.0	1.0
319	11.0	3.0	1.0
320	18.0	3.0	1.0
321	8.0	2.0	1.0
322	21.0	3.0	1.0
323	-1.0	0.0	0.0
324	-1.0	0.0	-1.0
325	11.0	2.0	1.0
326	20.0	2.0	1.0
327	-1.0	0.0	0.0
328	22.0	3.0	1.0
329	16.0	2.0	1.0
330	0.0	2.0	1.0
331	-1.0	0.0	-1.0
332	-1.0	0.0	-1.0
333	10.0	2.0	1.0
334	-1.0	0.0	0.0
335	13.0	3.0	1.0
336	13.0	3.0	1.0
337	28.0	3.0	1.0
338	-1.0	0.0	0.0
339	14.0	3.0	1.0
340	21.0	3.0	1.0
341	23.0	2.0	1.0
342	-1.0	0.0	0.0
343	0.0	2.0	1.0
344	24.0	3.0	1.0
345	-1.0	0.0	-1.0
346	0.0	2.0	1.0
347	-1.0	0.0	-1.0
348	24.0	2.0	1.0
349	-1.0	0.0	0.0
350	8.0	3.0	1.0
351	0.0	2.0	1.0
352	-1.0	0.0	-1.0
353	8.0	2.0	1.0
354	0.0	2.0	1.0
355	-1.0	0.0	-1.0
356	15.0	2.0	1.0
357	-1.0	0.0	0.0
358	-1.0	0.0	-1.0
359	18.0	3.0	1.0
360	8.0	2.0	1.0
361	0.0	2.0	1.0
362	23.0	3.0	1.0
363	0.0	2.0	1.0
364	-1.0	0.0	-1.0
365	26.0	3.0	1.0
366	9.0	2.0	1.0
367	-1.0	0.0	0.0
368	15.0	3.0	1.0
369	-1.0	0.0	-1.0
370	0.0	2.0	1.0
371	8.0	2.0	1.0
372	19.0	2.0	1.0
373	-1.0	0.0	-1.0
374	9.0	3.0	1.0
375	0.0	2.0	1.0
376	-1.0	0.0	-1.0
377	17.0	3.0	1.0
378	27.0	3.0	1.0
379	17.0	2.0	1.0
380	-1.0	0.0	-1.0
381	0.0	2.0	1.0
382	-1.0	0.0	-1.0
383	14.0	2.0	1.0
384	18.0	3.0	1.0
385	0.0	2.0	1.0
386	-1.0	0.0	-1.0
387	8.0	2.0	1.0
388	0.0	2.0	1.0
389	-1.0	0.0	-1.0
390	0.0	2.0	1.0
391	18.0	3.0	1.0
392	0.0	2.0	1.0
393	11.0	2.0	1.0
394	26.0	3.0	1.0
395	13.0	3.0	1.0
396	-1.0	0.0	-1.0
397	27.0	3.0	1.0
398	0.0	2.0	1.0
399	0.0	2.0	1.0
400	0.0	2.0	1.0
401	0.0	2.0	1.0
402	24.0	3.0	1.0
403	-1.0	0.0	-1.0
404	-1.0	0.0	-1.0
405	0.0	2.0	1.0
406	-1.0	0.0	0.0
407	21.0	3.0	1.0
408	10.0	2.0	1.0
409	-1.0	0.0	-1.0
410	-1.0	0.0	-1.0
411	8.0	2.0	1.0
412	0.0	2.0	1.0
413	-1.0	0.0	-1.0
414	19.0	2.0	1.0
415	26.0	2.0	1.0
416	0.0	2.0	1.0
417	8.0	2.0	1.0
418	24.0	2.0	1.0
419	17.0	3.0	1.0
420	24.0	3.0	1.0
421	-1.0	0.0	-1.0
422	-1.0	0.0	0.0
423	0.0	2.0	1.0
424	-1.0	0.0	-1.0
425	0.0	2.0	1.0
426	-1.0	0.0	-1.0
427	0.0	2.0	1.0
428	-1.0	0.0	-1.0
429	18.0	2.0	1.0
430	-1.0	0.0	-1.0
431	13.0	3.0	1.0
432	22.0	3.0	1.0
433	22.0	2.0	1.0
434	-1.0	0.0	0.0
435	-1.0	0.0	0.0
436	-1.0	0.0	-1.0
437	20.0	3.0	1.0
438	22.0	3.0	1.0
439	-1.0	0.0	-1.0
440	-1.0	0.0	-1.0
441	28.0	3.0	1.0
442	24.0	2.0	1.0
443	24.0	2.0	1.0
444	-1.0	0.0	-1.0
445	0.0	2.0	1.0
446	-1.0	0.0	0.0
447	18.0	3.0	1.0
448	-1.0	0.0	-1.0
449	17.0	3.0	1.0
450	26.0	3.0	1.0
451	0.0	2.0	1.0
452	0.0	2.0	1.0
453	13.0	3.0	1.0
454	14.0	2.0	1.0
455	17.0	2.0	1.0
456	12.0	3.0	1.0
457	-1.0	0.0	0.0
458	12.0	3.0	1.0
459	-1.0	0.0	-1.0
460	0.0	2.0	1.0
461	-1.0	0.0	0.0
462	-1.0	0.0	-1.0
463	25.0	3.0	1.0
464	-1.0	0.0	-1.0
465	8.0	2.0	1.0
466	0.0	2.0	1.0
467	11.0	3.0	1.0
468	17.0	3.0	1.0
469	9.0	2.0	1.0
470	-1.0	0.0	0.0
471	-1.0	0.0	0.0
472	20.0	3.0	1.0
473	-1.0	0.0	-1.0
474	0.0	2.0	1.0
475	12.0	3.0	1.0
476	16.0	3.0	1.0
477	24.0	2.0	1.0
478	22.0	2.0	1.0
479	-1.0	0.0	-1.0
480	16.0	2.0	1.0
481	-1.0	0.0	-1.0
482	17.0	2.0	1.0
483	9.0	2.0	1.0
484	-1.0	0.0	0.0
485	-1.0	0.0	-1.0
486	-1.0	0.0	-1.0
487	-1.0	0.0	0.0
488	-1.0	0.0	-1.0
489	-1.0	0.0	-1.0
490	-1.0	0.0	-1.0
491	-1.0	0.0	-1.0
492	23.0	3.0	1.0
493	20.0	3.0	1.0
494	20.0	2.0	1.0
495	-1.0	0.0	-1.0
496	-1.0	0.0	0.0
497	0.0	2.0	1.0
498	-1.0	0.0	-1.0
499	-1.0	0.0	-1.0
500	16.0	2.0	1.0
501	21.0	3.0	1.0
502	-1.0	0.0	-1.0
503	19.0	3.0	1.0
504	20.0	2.0	1.0
505	-1.0	0.0	-1.0
506	11.0	2.0	1.0
507	17.0	3.0	1.0
508	25.0	2.0	1.0
509	-1.0	0.0	-1.0
510	22.0	2.0	1.0
511	-1.0	0.0	-1.0
512	0.0	2.0	1.0
513	0.0	2.0	1.0
514	0.0	2.0	1.0
515	-1.0	0.0	-1.0
516	13.0	2.0	1.0
517	14.0	3.0	1.0
518	9.0	2.0	1.0
519	-1.0	0.0	-1.0
520	-1.0	0.0	-1.0
521	-1.0	0.0	-1.0
522	20.0	3.0	1.0
523	10.0	2.0	1.0
524	-1.0	0.0	0.0
525	9.0	2.0	1.0
526	-1.0	0.0	0.0
527	10.0	2.0	1.0
528	0.0	2.0	1.0
529	-1.0	0.0	-1.0
530	0.0	2.0	1.0
531	28.0	3.0	1.0
532	-1.0	0.0	-1.0
533	-1.0	0.0	0.0
534	-1.0	0.0	-1.0
535	-1.0	0.0	-1.0
536	16.0	2.0	1.0
537	-1.0	0.0	-1.0
538	-1.0	0.0	-1.0
539	10.0	2.0	1.0
540	22.0	3.0	1.0
541	-1.0	0.0	-1.0
542	-1.0	0.0	-1.0
543	25.0	2.0	1.0
544	15.0	2.0	1.0
545	9.0	2.0	1.0
546	-1.0	0.0	0.0
547	-1.0	0.0	-1.0
548	25.0	2.0	1.0
549	17.0	2.0	1.0
550	-1.0	0.0	0.0
551	-1.0	0.0	-1.0
552	-1.0	0.0	-1.0
553	0.0	2.0	1.0
554	28.0	3.0	1.0
555	26.0	2.0	1.0
556	-1.0	0.0	-1.0
557	-1.0	0.0	0.0
558	23.0	2.0	1.0
559	-1.0	0.0	-1.0
560	-1.0	0.0	-1.0
561	14.0	2.0	1.0
562	-1.0	0.0	-1.0
563	-1.0	0.0	-1.0
564	-1.0	0.0	-1.0
565	0.0	2.0	1.0
566	-1.0	0.0	-1.0
567	-1.0	0.0	-1.0
568	-1.0	0.0	-1.0
569	21.0	3.0	1.0
570	9.0	3.0	1.0
571	-1.0	0.0	0.0
572	27.0	2.0	1.0
573	13.0	2.0	1.0
574	-1.0	0.0	0.0
575	9.0	3.0	1.0
576	-1.0	0.0	-1.0
577	0.0	2.0	1.0
578	0.0	2.0	1.0
579	-1.0	0.0	-1.0
580	-1.0	0.0	-1.0
581	-1.0	0.0	0.0
582	-1.0	0.0	-1.0
583	-1.0	0.0	-1.0
584	-1.0	0.0	-1.0
585	-1.0	0.0	-1.0
586	-1.0	0.0	-1.0
587	-1.0	0.0	0.0
588	-1.0	0.0	0.0
589	0.0	2.0	1.0
590	16.0	2.0	1.0
591	0.0	2.0	1.0
592	-1.0	0.0	-1.0
593	0.0	2.0	1.0
594	24.0	2.0	1.0
595	12.0	2.0	1.0
596	17.0	3.0	1.0
597	-1.0	0.0	-1.0
598	-1.0	0.0	0.0
599	-1.0	0.0	-1.0
600	10.0	3.0	1.0
601	-1.0	0.0	0.0
602	-1.0	0.0	-1.0
603	-1.0	0.0	-1.0
604	12.0	2.0	1.0
605	17.0	2.0	1.0
606	11.0	2.0	1.0
607	17.0	2.0	1.0
608	-1.0	0.0	0.0
609	14.0	3.0	1.0
610	14.0	3.0	1.0
611	24.0	3.0	1.0
612	9.0	2.0	1.0
613	-1.0	0.0	0.0
614	13.0	2.0	1.0
615	0.0	2.0	1.0
616	10.0	2.0	1.0
617	9.0	2.0	1.0
618	18.0	3.0	1.0
619	25.0	2.0	1.0
620	-1.0	0.0	0.0
621	-1.0	0.0	0.0
622	0.0	2.0	1.0
623	25.0	3.0	1.0
624	-1.0	0.0	-1.0
625	-1.0	0.0	0.0
626	23.0	2.0	1.0
627	11.0	2.0	1.0
628	8.0	2.0	1.0
629	-1.0	0.0	-1.0
630	26.0	2.0	1.0
631	-1.0	0.0	-1.0
632	28.0	3.0	1.0
633	20.0	2.0	1.0
634	17.0	3.0	1.0
635	0.0	2.0	1.0
636	-1.0	0.0	0.0
637	27.0	2.0	1.0
638	-1.0	0.0	-1.0
639	-1.0	0.0	-1.0
640	-1.0	0.0	0.0
641	-1.0	0.0	0.0
642	0.0	2.0	1.0
643	28.0	3.0	1.0
644	0.0	2.0	1.0
645	28.0	3.0	1.0
646	-1.0	0.0	-1.0
647	0.0	2.0	1.0
648	0.0	2.0	1.0
649	-1.0	0.0	0.0
650	15.0	2.0	1.0
651	-1.0	0.0	-1.0
652	-1.0	0.0	-1.0
653	-1.0	0.0	-1.0
654	-1.0	0.0	0.0
655	-1.0	0.0	0.0
656	23.0	2.0	1.0
657	15.0	2.0	1.0
658	28.0	3.0	1.0
659	0.0	2.0	1.0
660	-1.0	0.0	0.0
661	-1.0	0.0	-1.0
662	-1.0	0.0	-1.0
663	-1.0	0.0	-1.0
664	25.0	3.0	1.0
665	15.0	2.0	1.0
666	0.0	2.0	1.0
667	-1.0	0.0	-1.0
668	17.0	2.0	1.0
669	-1.0	0.0	0.0
670	-1.0	0.0	-1.0
671	-1.0	0.0	0.0
672	26.0	2.0	1.0
673	0.0	2.0	1.0
674	-1.0	0.0	-1.0
675	-1.0	0.0	-1.0
676	-1.0	0.0	-1.0
677	-1.0	0.0	-1.0
678	-1.0	0.0	0.0
679	24.0	2.0	1.0
680	0.0	2.0	1.0
681	-1.0	0.0	0.0
682	0.0	2.0	1.0
683	0.0	2.0	1.0
684	-1.0	0.0	0.0
685	-1.0	0.0	-1.0
686	0.0	2.0	1.0
687	20.0	3.0	1.0
688	-1.0	0.0	-1.0
689	28.0	3.0	1.0
690	-1.0	0.0	-1.0
691	8.0	3.0	1.0
692	0.0	2.0	1.0
693	26.0	2.0	1.0
694	0.0	2.0	1.0
695	-1.0	0.0	-1.0
696	25.0	3.0	1.0
697	22.0	2.0	1.0
698	0.0	2.0	1.0
699	-1.0	0.0	-1.0
700	-1.0	0.0	0.0
701	0.0	2.0	1.0
702	0.0	2.0	1.0
703	23.0	2.0	1.0
704	10.0	2.0	1.0
705	-1.0	0.0	-1.0
706	-1.0	0.0	0.0
707	-1.0	0.0	-1.0
708	-1.0	0.0	-1.0
709	-1.0	0.0	-1.0
710	-1.0	0.0	0.0
711	10.0	2.0	1.0
712	0.0	2.0	1.0
713	-1.0	0.0	-1.0
714	10.0	2.0	1.0
715	0.0	2.0	1.0
716	-1.0	0.0	0.0
717	24.0	3.0	1.0
718	-1.0	0.0	-1.0
719	27.0	3.0	1.0
720	-1.0	0.0	-1.0
721	-1.0	0.0	-1.0
722	-1.0	0.0	-1.0
723	-1.0	0.0	-1.0
724	-1.0	0.0	-1.0
725	24.0	3.0	1.0
726	13.0	3.0	1.0
727	15.0	2.0	1.0
728	0.0	2.0	1.0
729	0.0	2.0	1.0
730	-1.0	0.0	-1.0
731	-1.0	0.0	0.0
732	-1.0	0.0	-1.0
733	12.0	3.0	1.0
734	0.0	2.0	1.0
735	27.0	2.0	1.0
736	-1.0	0.0	0.0
737	23.0	2.0	1.0
738	-1.0	0.0	-1.0
739	9.0	3.0	1.0
740	17.0	3.0	1.0
741	-1.0	0.0	0.0
742	-1.0	0.0	-1.0
743	-1.0	0.0	-1.0
744	-1.0	0.0	0.0
745	25.0	3.0	1.0
746	-1.0	0.0	-1.0
747	-1.0	0.0	-1.0
748	-1.0	0.0	-1.0
749	-1.0	0.0	-1.0
750	9.0	3.0	1.0
751	-1.0	0.0	-1.0
752	22.0	3.0	1.0
753	-1.0	0.0	-1.0
754	-1.0	0.0	0.0
755	-1.0	0.0	0.0
756	-1.0	0.0	-1.0
757	22.0	2.0	1.0
758	14.0	2.0	1.0
759	-1.0	0.0	-1.0
760	-1.0	0.0	0.0
761	27.0	3.0	1.0
762	8.0	3.0	1.0
763	-1.0	0.0	0.0
764	0.0	2.0	1.0
765	-1.0	0.0	-1.0
766	-1.0	0.0	-1.0
767	-1.0	0.0	-1.0
768	-1.0	0.0	-1.0
769	9.0	2.0	1.0
770	-1.0	0.0	-1.0
771	-1.0	0.0	0.0
772	17.0	2.0	1.0
773	-1.0	0.0	-1.0
774	-1.0	0.0	-1.0
775	-1.0	0.0	0.0
776	8.0	2.0	1.0
777	-1.0	0.0	0.0
778	-1.0	0.0	0.0
779	23.0	2.0	1.0
780	11.0	2.0	1.0
781	22.0	2.0	1.0
782	10.0	3.0	1.0
783	-1.0	0.0	0.0
784	-1.0	0.0	0.0
785	-1.0	0.0	0.0
786	0.0	2.0	1.0
787	10.0	3.0	1.0
788	-1.0	0.0	0.0
789	16.0	2.0	1.0
790	-1.0	0.0	-1.0
791	21.0	3.0	1.0
792	-1.0	0.0	-1.0
793	9.0	2.0	1.0
794	-1.0	0.0	0.0
795	-1.0	0.0	0.0
796	19.0	3.0	1.0
797	12.0	2.0	1.0
798	-1.0	0.0	0.0
799	0.0	2.0	1.0
800	-1.0	0.0	-1.0
801	0.0	2.0	1.0
802	-1.0	0.0	0.0
803	-1.0	0.0	-1.0
804	-1.0	0.0	0.0
805	-1.0	0.0	-1.0
806	-1.0	0.0	0.0
807	16.0	3.0	1.0
808	16.0	3.0	1.0
809	-1.0	0.0	-1.0
810	9.0	2.0	1.0
811	17.0	2.0	1.0
812	19.0	3.0	1.0
813	-1.0	0.0	0.0
814	-1.0	0.0	0.0
815	-1.0	0.0	-1.0
816	25.0	2.0	1.0
817	-1.0	0.0	-1.0
818	21.0	3.0	1.0
819	-1.0	0.0	0.0
820	-1.0	0.0	-1.0
821	28.0	3.0	1.0
822	-1.0	0.0	-1.0
823	-1.0	0.0	-1.0
824	-1.0	0.0	-1.0
825	16.0	2.0	1.0
826	-1.0	0.0	0.0
827	25.0	3.0	1.0
828	-1.0	0.0	-1.0
829	28.0	3.0	1.0
830	-1.0	0.0	-1.0
831	-1.0	0.0	0.0
832	-1.0	0.0	-1.0
833	-1.0	0.0	-1.0
834	-1.0	0.0	0.0
835	-1.0	0.0	-1.0
836	27.0	3.0	1.0
837	-1.0	0.0	0.0
838	-1.0	0.0	0.0
839	-1.0	0.0	-1.0
840	-1.0	0.0	-1.0
841	24.0	2.0	1.0
842	0.0	2.0	1.0
843	-1.0	0.0	0.0
844	-1.0	0.0	0.0
845	0.0	2.0	1.0
846	-1.0	0.0	-1.0
847	22.0	2.0	1.0
848	12.0	3.0	1.0
849	-1.0	0.0	-1.0
850	-1.0	0.0	0.0
851	-1.0	0.0	-1.0
852	27.0	3.0	1.0
853	8.0	2.0	1.0
854	0.0	2.0	1.0
855	-1.0	0.0	-1.0
856	0.0	2.0	1.0
857	0.0	2.0	1.0
858	13.0	3.0	1.0
859	0.0	2.0	1.0
860	-1.0	0.0	0.0
861	-1.0	0.0	0.0
862	22.0	2.0	1.0
863	-1.0	0.0	0.0
864	12.0	3.0	1.0
865	0.0	2.0	1.0
866	-1.0	0.0	-1.0
867	-1.0	0.0	0.0
868	0.0	2.0	1.0
869	-1.0	0.0	-1.0
870	-1.0	0.0	0.0
871	0.0	2.0	1.0
872	-1.0	0.0	-1.0
873	-1.0	0.0	-1.0
874	10.0	2.0	1.0
875	8.0	2.0	1.0
876	-1.0	0.0	-1.0
877	-1.0	0.0	-1.0
878	24.0	2.0	1.0
879	-1.0	0.0	-1.0
880	-1.0	0.0	-1.0
881	0.0	2.0	1.0
882	-1.0	0.0	0.0
883	18.0	3.0	1.0
884	-1.0	0.0	-1.0
885	-1.0	0.0	0.0
886	28.0	3.0	1.0
887	-1.0	0.0	-1.0
888	9.0	3.0	1.0
889	-1.0	0.0	0.0
890	0.0	2.0	1.0
891	21.0	3.0	1.0
892	-1.0	0.0	0.0
893	-1.0	0.0	0.0
894	15.0	2.0	1.0
895	-1.0	0.0	-1.0
896	19.0	2.0	1.0
897	19.0	3.0	1.0
898	18.0	3.0	1.0
899	8.0	2.0	1.0
900	8.0	2.0	1.0
901	25.0	2.0	1.0
902	-1.0	0.0	-1.0
903	-1.0	0.0	-1.0
904	-1.0	0.0	0.0
905	11.0	3.0	1.0
906	27.0	2.0	1.0
907	25.0	3.0	1.0
908	-1.0	0.0	-1.0
909	-1.0	0.0	-1.0
910	-1.0	0.0	-1.0
911	-1.0	0.0	0.0
912	15.0	2.0	1.0
913	-1.0	0.0	-1.0
914	-1.0	0.0	0.0
915	-1.0	0.0	-1.0
916	20.0	2.0	1.0
917	-1.0	0.0	0.0
918	0.0	2.0	1.0
919	11.0	2.0	1.0
920	10.0	2.0	1.0
921	-1.0	0.0	-1.0
922	-1.0	0.0	-1.0
923	-1.0	0.0	-1.0
924	-1.0	0.0	-1.0
925	-1.0	0.0	-1.0
926	-1.0	0.0	-1.0
927	-1.0	0.0	-1.0
928	21.0	2.0	1.0
929	0.0	2.0	1.0
930	0.0	2.0	1.0
931	19.0	3.0	1.0
932	-1.0	0.0	-1.0
933	-1.0	0.0	-1.0
934	9.0	2.0	1.0
935	17.0	2.0	1.0
936	-1.0	0.0	-1.0
937	-1.0	0.0	0.0
938	-1.0	0.0	0.0
939	15.0	2.0	1.0
940	27.0	2.0	1.0
941	-1.0	0.0	-1.0
942	-1.0	0.0	-1.0
943	-1.0	0.0	-1.0
944	13.0	2.0	1.0
945	18.0	2.0	1.0
946	10.0	3.0	1.0
947	-1.0	0.0	-1.0
948	-1.0	0.0	0.0
949	14.0	3.0	1.0
950	10.0	2.0	1.0
951	28.0	2.0	1.0
952	0.0	2.0	1.0
953	24.0	2.0	1.0
954	0.0	2.0	1.0
955	-1.0	0.0	-1.0
956	-1.0	0.0	0.0
957	0.0	2.0	1.0
958	-1.0	0.0	0.0
959	-1.0	0.0	0.0
960	27.0	3.0	1.0
961	-1.0	0.0	0.0
962	-1.0	0.0	-1.0
963	27.0	3.0	1.0
964	0.0	2.0	1.0
965	-1.0	0.0	-1.0
966	-1.0	0.0	-1.0
967	-1.0	0.0	-1.0
968	-1.0	0.0	-1.0
969	0.0	2.0	1.0
970	27.0	3.0	1.0
971	-1.0	0.0	-1.0
972	22.0	3.0	1.0
973	-1.0	0.0	0.0
974	0.0	2.0	1.0
975	-1.0	0.0	0.0
976	0.0	2.0	1.0
977	9.0	2.0	1.0
978	-1.0	0.0	0.0
979	-1.0	0.0	-1.0
980	-1.0	0.0	0.0
981	-1.0	0.0	0.0
982	-1.0	0.0	-1.0
983	0.0	2.0	1.0
984	-1.0	0.0	-1.0
985	-1.0	0.0	0.0
986	-1.0	0.0	-1.0
987	-1.0	0.0	-1.0
988	0.0	2.0	1.0
989	0.0	2.0	1.0
990	-1.0	0.0	0.0
991	-1.0	0.0	-1.0
992	-1.0	0.0	-1.0
993	-1.0	0.0	-1.0
994	16.0	2.0	1.0
995	0.0	2.0	1.0
996	26.0	3.0	1.0
997	-1.0	0.0	-1.0
998	-1.0	0.0	-1.0
999	-1.0	0.0	-1.0
1000	-1.0	0.0	0.0
1001	20.0	3.0	1.0
1002	16.0	2.0	1.0
1003	0.0	2.0	1.0
1004	-1.0	0.0	-1.0
1005	28.0	2.0	1.0
1006	0.0	2.0	1.0
1007	-1.0	0.0	-1.0
1008	22.0	2.0	1.0
1009	19.0	3.0	1.0
1010	-1.0	0.0	-1.0
1011	0.0	2.0	1.0
1012	-1.0	0.0	0.0
1013	-1.0	0.0	-1.0
1014	-1.0	0.0	-1.0
1015	-1.0	0.0	-1.0
1016	21.0	3.0	1.0
1017	12.0	3.0	1.0
1018	-1.0	0.0	-1.0
1019	27.0	3.0	1.0
1020	-1.0	0.0	-1.0
1021	-1.0	0.0	-1.0
1022	-1.0	0.0	0.0
1023	-1.0	0.0	-1.0
1024	-1.0	0.0	0.0
1025	0.0	2.0	1.0
1026	22.0	2.0	1.0
1027	-1.0	0.0	0.0
1028	-1.0	0.0	0.0
1029	20.0	3.0	1.0
1030	-1.0	0.0	0.0
1031	-1.0	0.0	-1.0
1032	10.0	2.0	1.0
1033	0.0	2.0	1.0
1034	-1.0	0.0	-1.0
1035	-1.0	0.0	-1.0
1036	18.0	2.0	1.0
1037	-1.0	0.0	0.0
1038	-1.0	0.0	-1.0
1039	-1.0	0.0	-1.0
1040	-1.0	0.0	0.0
1041	27.0	2.0	1.0
1042	-1.0	0.0	0.0
1043	19.0	2.0	1.0
1044	-1.0	0.0	-1.0
1045	0.0	2.0	1.0
1046	-1.0	0.0	-1.0
1047	-1.0	0.0	-1.0
1048	-1.0	0.0	-1.0
1049	22.0	2.0	1.0
1050	0.0	0.0	0.0
