index	outport	cost	SuccessFlag
0	0.0	2.0	1.0
1	15.0	2.0	1.0
2	15.0	2.0	1.0
3	22.0	2.0	1.0
4	8.0	2.0	1.0
5	24.0	3.0	1.0
6	24.0	3.0	1.0
7	0.0	2.0	1.0
8	13.0	3.0	1.0
9	26.0	3.0	1.0
10	23.0	3.0	1.0
11	26.0	3.0	1.0
12	-1.0	0.0	0.0
13	27.0	3.0	1.0
14	18.0	3.0	1.0
15	21.0	3.0	1.0
16	9.0	3.0	1.0
17	22.0	3.0	1.0
18	0.0	2.0	1.0
19	15.0	3.0	1.0
20	18.0	3.0	1.0
21	18.0	3.0	1.0
22	0.0	2.0	1.0
23	0.0	2.0	1.0
24	27.0	3.0	1.0
25	15.0	2.0	1.0
26	11.0	3.0	1.0
27	25.0	3.0	1.0
28	17.0	3.0	1.0
29	28.0	3.0	1.0
30	0.0	2.0	1.0
31	10.0	3.0	1.0
32	19.0	3.0	1.0
33	19.0	3.0	1.0
34	9.0	2.0	1.0
35	-1.0	0.0	0.0
36	25.0	3.0	1.0
37	0.0	2.0	1.0
38	0.0	2.0	1.0
39	17.0	3.0	1.0
40	0.0	2.0	1.0
41	-1.0	0.0	-1.0
42	22.0	2.0	1.0
43	22.0	2.0	1.0
44	8.0	2.0	1.0
45	0.0	2.0	1.0
46	-1.0	0.0	-1.0
47	21.0	3.0	1.0
48	23.0	2.0	1.0
49	14.0	3.0	1.0
50	8.0	2.0	1.0
51	0.0	2.0	1.0
52	0.0	2.0	1.0
53	20.0	3.0	1.0
54	8.0	2.0	1.0
55	22.0	2.0	1.0
56	17.0	3.0	1.0
57	25.0	3.0	1.0
58	26.0	3.0	1.0
59	23.0	2.0	1.0
60	15.0	2.0	1.0
61	15.0	2.0	1.0
62	8.0	3.0	1.0
63	14.0	3.0	1.0
64	8.0	3.0	1.0
65	0.0	2.0	1.0
66	0.0	2.0	1.0
67	0.0	2.0	1.0
68	8.0	2.0	1.0
69	22.0	2.0	1.0
70	22.0	2.0	1.0
71	16.0	3.0	1.0
72	22.0	3.0	1.0
73	9.0	2.0	1.0
74	18.0	3.0	1.0
75	10.0	2.0	1.0
76	17.0	3.0	1.0
77	0.0	2.0	1.0
78	8.0	2.0	1.0
79	-1.0	0.0	0.0
80	14.0	3.0	1.0
81	25.0	3.0	1.0
82	0.0	2.0	1.0
83	21.0	3.0	1.0
84	8.0	2.0	1.0
85	0.0	2.0	1.0
86	26.0	3.0	1.0
87	19.0	3.0	1.0
88	19.0	3.0	1.0
89	11.0	3.0	1.0
90	8.0	2.0	1.0
91	-1.0	0.0	-1.0
92	10.0	2.0	1.0
93	19.0	3.0	1.0
94	28.0	3.0	1.0
95	26.0	3.0	1.0
96	-1.0	0.0	-1.0
97	-1.0	0.0	0.0
98	11.0	2.0	1.0
99	-1.0	0.0	-1.0
100	12.0	3.0	1.0
101	-1.0	0.0	0.0
102	-1.0	0.0	-1.0
103	15.0	2.0	1.0
104	19.0	3.0	1.0
105	23.0	3.0	1.0
106	24.0	3.0	1.0
107	19.0	3.0	1.0
108	22.0	3.0	1.0
109	0.0	2.0	1.0
110	0.0	2.0	1.0
111	0.0	2.0	1.0
112	-1.0	0.0	-1.0
113	10.0	2.0	1.0
114	24.0	2.0	1.0
115	9.0	3.0	1.0
116	-1.0	0.0	-1.0
117	-1.0	0.0	0.0
118	-1.0	0.0	0.0
119	-1.0	0.0	0.0
120	0.0	2.0	1.0
121	-1.0	0.0	-1.0
122	-1.0	0.0	-1.0
123	-1.0	0.0	-1.0
124	9.0	3.0	1.0
125	15.0	2.0	1.0
126	8.0	2.0	1.0
127	0.0	2.0	1.0
128	18.0	3.0	1.0
129	0.0	2.0	1.0
130	10.0	3.0	1.0
131	20.0	3.0	1.0
132	-1.0	0.0	0.0
133	17.0	3.0	1.0
134	0.0	2.0	1.0
135	-1.0	0.0	-1.0
136	15.0	2.0	1.0
137	-1.0	0.0	-1.0
138	15.0	2.0	1.0
139	-1.0	0.0	-1.0
140	15.0	2.0	1.0
141	26.0	3.0	1.0
142	26.0	3.0	1.0
143	14.0	3.0	1.0
144	25.0	3.0	1.0
145	9.0	2.0	1.0
146	-1.0	0.0	-1.0
147	-1.0	0.0	-1.0
148	0.0	2.0	1.0
149	-1.0	0.0	0.0
150	17.0	3.0	1.0
151	28.0	3.0	1.0
152	0.0	2.0	1.0
153	0.0	2.0	1.0
154	-1.0	0.0	-1.0
155	-1.0	0.0	-1.0
156	-1.0	0.0	-1.0
157	21.0	3.0	1.0
158	-1.0	0.0	-1.0
159	11.0	3.0	1.0
160	9.0	3.0	1.0
161	8.0	2.0	1.0
162	-1.0	0.0	-1.0
163	26.0	3.0	1.0
164	12.0	3.0	1.0
165	18.0	3.0	1.0
166	25.0	2.0	1.0
167	20.0	3.0	1.0
168	16.0	2.0	1.0
169	15.0	2.0	1.0
170	12.0	3.0	1.0
171	0.0	2.0	1.0
172	24.0	3.0	1.0
173	0.0	2.0	1.0
174	-1.0	0.0	-1.0
175	10.0	3.0	1.0
176	13.0	3.0	1.0
177	-1.0	0.0	-1.0
178	9.0	3.0	1.0
179	17.0	3.0	1.0
180	23.0	3.0	1.0
181	23.0	3.0	1.0
182	13.0	3.0	1.0
183	24.0	3.0	1.0
184	0.0	2.0	1.0
185	24.0	3.0	1.0
186	0.0	2.0	1.0
187	15.0	3.0	1.0
188	-1.0	0.0	-1.0
189	17.0	3.0	1.0
190	0.0	2.0	1.0
191	17.0	2.0	1.0
192	0.0	2.0	1.0
193	-1.0	0.0	0.0
194	-1.0	0.0	-1.0
195	20.0	3.0	1.0
196	23.0	3.0	1.0
197	23.0	2.0	1.0
198	26.0	3.0	1.0
199	-1.0	0.0	-1.0
200	16.0	2.0	1.0
201	0.0	2.0	1.0
202	24.0	2.0	1.0
203	-1.0	0.0	-1.0
204	8.0	3.0	1.0
205	23.0	3.0	1.0
206	-1.0	0.0	-1.0
207	0.0	2.0	1.0
208	15.0	2.0	1.0
209	-1.0	0.0	-1.0
210	20.0	3.0	1.0
211	-1.0	0.0	-1.0
212	-1.0	0.0	-1.0
213	-1.0	0.0	-1.0
214	0.0	2.0	1.0
215	24.0	3.0	1.0
216	0.0	2.0	1.0
217	-1.0	0.0	-1.0
218	-1.0	0.0	-1.0
219	15.0	2.0	1.0
220	15.0	2.0	1.0
221	0.0	2.0	1.0
222	0.0	2.0	1.0
223	-1.0	0.0	-1.0
224	-1.0	0.0	0.0
225	-1.0	0.0	-1.0
226	18.0	3.0	1.0
227	15.0	2.0	1.0
228	18.0	3.0	1.0
229	0.0	2.0	1.0
230	27.0	2.0	1.0
231	8.0	2.0	1.0
232	0.0	2.0	1.0
233	0.0	2.0	1.0
234	-1.0	0.0	-1.0
235	27.0	2.0	1.0
236	-1.0	0.0	0.0
237	25.0	3.0	1.0
238	13.0	3.0	1.0
239	26.0	3.0	1.0
240	14.0	3.0	1.0
241	-1.0	0.0	-1.0
242	-1.0	0.0	-1.0
243	-1.0	0.0	-1.0
244	-1.0	0.0	-1.0
245	23.0	2.0	1.0
246	22.0	2.0	1.0
247	-1.0	0.0	0.0
248	0.0	2.0	1.0
249	-1.0	0.0	-1.0
250	-1.0	0.0	0.0
251	20.0	3.0	1.0
252	23.0	2.0	1.0
253	26.0	3.0	1.0
254	22.0	2.0	1.0
255	-1.0	0.0	-1.0
256	12.0	2.0	1.0
257	22.0	3.0	1.0
258	22.0	3.0	1.0
259	24.0	3.0	1.0
260	-1.0	0.0	0.0
261	13.0	3.0	1.0
262	16.0	2.0	1.0
263	-1.0	0.0	0.0
264	22.0	2.0	1.0
265	14.0	3.0	1.0
266	-1.0	0.0	-1.0
267	-1.0	0.0	-1.0
268	21.0	3.0	1.0
269	-1.0	0.0	-1.0
270	0.0	2.0	1.0
271	22.0	2.0	1.0
272	18.0	3.0	1.0
273	0.0	2.0	1.0
274	-1.0	0.0	0.0
275	19.0	3.0	1.0
276	-1.0	0.0	-1.0
277	-1.0	0.0	-1.0
278	28.0	2.0	1.0
279	0.0	2.0	1.0
280	-1.0	0.0	0.0
281	-1.0	0.0	-1.0
282	-1.0	0.0	-1.0
283	-1.0	0.0	-1.0
284	-1.0	0.0	-1.0
285	-1.0	0.0	0.0
286	0.0	2.0	1.0
287	17.0	2.0	1.0
288	23.0	3.0	1.0
289	-1.0	0.0	-1.0
290	0.0	2.0	1.0
291	-1.0	0.0	-1.0
292	27.0	2.0	1.0
293	14.0	3.0	1.0
294	-1.0	0.0	-1.0
295	23.0	2.0	1.0
296	9.0	3.0	1.0
297	10.0	3.0	1.0
298	0.0	2.0	1.0
299	27.0	3.0	1.0
300	14.0	3.0	1.0
301	0.0	2.0	1.0
302	17.0	3.0	1.0
303	-1.0	0.0	-1.0
304	0.0	2.0	1.0
305	-1.0	0.0	-1.0
306	0.0	2.0	1.0
307	-1.0	0.0	-1.0
308	11.0	2.0	1.0
309	0.0	2.0	1.0
310	-1.0	0.0	0.0
311	-1.0	0.0	0.0
312	17.0	3.0	1.0
313	0.0	2.0	1.0
314	-1.0	0.0	-1.0
315	-1.0	0.0	-1.0
316	10.0	2.0	1.0
317	-1.0	0.0	0.0
318	11.0	3.0	1.0
319	-1.0	0.0	-1.0
320	-1.0	0.0	-1.0
321	-1.0	0.0	-1.0
322	-1.0	0.0	0.0
323	9.0	2.0	1.0
324	28.0	2.0	1.0
325	18.0	3.0	1.0
326	21.0	3.0	1.0
327	0.0	2.0	1.0
328	0.0	2.0	1.0
329	0.0	2.0	1.0
330	19.0	3.0	1.0
331	26.0	2.0	1.0
332	-1.0	0.0	-1.0
333	-1.0	0.0	0.0
334	15.0	3.0	1.0
335	0.0	2.0	1.0
336	-1.0	0.0	-1.0
337	19.0	2.0	1.0
338	21.0	3.0	1.0
339	-1.0	0.0	0.0
340	20.0	3.0	1.0
341	-1.0	0.0	-1.0
342	24.0	2.0	1.0
343	22.0	2.0	1.0
344	0.0	2.0	1.0
345	-1.0	0.0	0.0
346	-1.0	0.0	-1.0
347	12.0	3.0	1.0
348	8.0	2.0	1.0
349	0.0	2.0	1.0
350	0.0	2.0	1.0
351	-1.0	0.0	-1.0
352	-1.0	0.0	-1.0
353	8.0	2.0	1.0
354	12.0	2.0	1.0
355	22.0	3.0	1.0
356	-1.0	0.0	0.0
357	10.0	3.0	1.0
358	-1.0	0.0	-1.0
359	-1.0	0.0	-1.0
360	25.0	2.0	1.0
361	15.0	2.0	1.0
362	23.0	2.0	1.0
363	-1.0	0.0	-1.0
364	-1.0	0.0	-1.0
365	0.0	2.0	1.0
366	0.0	2.0	1.0
367	24.0	2.0	1.0
368	-1.0	0.0	-1.0
369	-1.0	0.0	0.0
370	23.0	2.0	1.0
371	0.0	2.0	1.0
372	-1.0	0.0	-1.0
373	0.0	2.0	1.0
374	0.0	2.0	1.0
375	-1.0	0.0	0.0
376	-1.0	0.0	-1.0
377	22.0	2.0	1.0
378	15.0	2.0	1.0
379	-1.0	0.0	-1.0
380	-1.0	0.0	-1.0
381	16.0	2.0	1.0
382	16.0	2.0	1.0
383	12.0	3.0	1.0
384	-1.0	0.0	-1.0
385	-1.0	0.0	-1.0
386	8.0	2.0	1.0
387	-1.0	0.0	-1.0
388	10.0	2.0	1.0
389	-1.0	0.0	-1.0
390	9.0	2.0	1.0
391	27.0	3.0	1.0
392	11.0	3.0	1.0
393	0.0	2.0	1.0
394	18.0	2.0	1.0
395	8.0	2.0	1.0
396	13.0	3.0	1.0
397	-1.0	0.0	0.0
398	0.0	2.0	1.0
399	26.0	2.0	1.0
400	-1.0	0.0	0.0
401	-1.0	0.0	-1.0
402	23.0	3.0	1.0
403	-1.0	0.0	0.0
404	-1.0	0.0	-1.0
405	0.0	2.0	1.0
406	15.0	2.0	1.0
407	24.0	3.0	1.0
408	-1.0	0.0	-1.0
409	-1.0	0.0	-1.0
410	-1.0	0.0	-1.0
411	-1.0	0.0	-1.0
412	9.0	3.0	1.0
413	24.0	2.0	1.0
414	16.0	3.0	1.0
415	0.0	2.0	1.0
416	-1.0	0.0	-1.0
417	-1.0	0.0	0.0
418	-1.0	0.0	-1.0
419	-1.0	0.0	-1.0
420	16.0	2.0	1.0
421	13.0	3.0	1.0
422	18.0	3.0	1.0
423	0.0	2.0	1.0
424	-1.0	0.0	-1.0
425	17.0	3.0	1.0
426	24.0	3.0	1.0
427	-1.0	0.0	-1.0
428	-1.0	0.0	0.0
429	-1.0	0.0	-1.0
430	-1.0	0.0	0.0
431	-1.0	0.0	-1.0
432	15.0	2.0	1.0
433	18.0	3.0	1.0
434	27.0	3.0	1.0
435	25.0	3.0	1.0
436	-1.0	0.0	-1.0
437	24.0	3.0	1.0
438	0.0	2.0	1.0
439	-1.0	0.0	0.0
440	-1.0	0.0	-1.0
441	15.0	2.0	1.0
442	-1.0	0.0	-1.0
443	0.0	2.0	1.0
444	-1.0	0.0	-1.0
445	24.0	2.0	1.0
446	-1.0	0.0	-1.0
447	11.0	3.0	1.0
448	-1.0	0.0	0.0
449	15.0	2.0	1.0
450	-1.0	0.0	-1.0
451	-1.0	0.0	-1.0
452	14.0	3.0	1.0
453	20.0	3.0	1.0
454	-1.0	0.0	-1.0
455	17.0	3.0	1.0
456	18.0	2.0	1.0
457	-1.0	0.0	-1.0
458	-1.0	0.0	-1.0
459	-1.0	0.0	-1.0
460	25.0	2.0	1.0
461	-1.0	0.0	-1.0
462	-1.0	0.0	0.0
463	-1.0	0.0	-1.0
464	-1.0	0.0	0.0
465	-1.0	0.0	-1.0
466	0.0	2.0	1.0
467	-1.0	0.0	0.0
468	-1.0	0.0	-1.0
469	0.0	2.0	1.0
470	16.0	2.0	1.0
471	26.0	2.0	1.0
472	8.0	2.0	1.0
473	28.0	3.0	1.0
474	18.0	3.0	1.0
475	-1.0	0.0	-1.0
476	17.0	2.0	1.0
477	-1.0	0.0	0.0
478	-1.0	0.0	-1.0
479	-1.0	0.0	-1.0
480	-1.0	0.0	0.0
481	-1.0	0.0	-1.0
482	-1.0	0.0	0.0
483	-1.0	0.0	0.0
484	23.0	2.0	1.0
485	0.0	2.0	1.0
486	0.0	2.0	1.0
487	23.0	3.0	1.0
488	16.0	2.0	1.0
489	10.0	2.0	1.0
490	-1.0	0.0	0.0
491	25.0	3.0	1.0
492	0.0	2.0	1.0
493	0.0	2.0	1.0
494	-1.0	0.0	-1.0
495	-1.0	0.0	-1.0
496	-1.0	0.0	-1.0
497	25.0	2.0	1.0
498	-1.0	0.0	-1.0
499	19.0	2.0	1.0
500	24.0	2.0	1.0
501	24.0	2.0	1.0
502	0.0	2.0	1.0
503	23.0	3.0	1.0
504	27.0	3.0	1.0
505	-1.0	0.0	-1.0
506	24.0	2.0	1.0
507	-1.0	0.0	-1.0
508	16.0	2.0	1.0
509	9.0	3.0	1.0
510	-1.0	0.0	-1.0
511	-1.0	0.0	0.0
512	-1.0	0.0	-1.0
513	8.0	2.0	1.0
514	28.0	3.0	1.0
515	17.0	2.0	1.0
516	15.0	2.0	1.0
517	15.0	2.0	1.0
518	-1.0	0.0	-1.0
519	-1.0	0.0	0.0
520	15.0	2.0	1.0
521	9.0	2.0	1.0
522	8.0	2.0	1.0
523	-1.0	0.0	0.0
524	20.0	3.0	1.0
525	22.0	3.0	1.0
526	0.0	2.0	1.0
527	11.0	3.0	1.0
528	0.0	2.0	1.0
529	0.0	2.0	1.0
530	-1.0	0.0	0.0
531	-1.0	0.0	-1.0
532	14.0	3.0	1.0
533	17.0	3.0	1.0
534	25.0	2.0	1.0
535	-1.0	0.0	0.0
536	16.0	2.0	1.0
537	23.0	2.0	1.0
538	10.0	2.0	1.0
539	22.0	2.0	1.0
540	-1.0	0.0	-1.0
541	0.0	2.0	1.0
542	0.0	2.0	1.0
543	13.0	2.0	1.0
544	13.0	3.0	1.0
545	19.0	3.0	1.0
546	-1.0	0.0	-1.0
547	-1.0	0.0	-1.0
548	-1.0	0.0	0.0
549	0.0	2.0	1.0
550	23.0	2.0	1.0
551	8.0	2.0	1.0
552	-1.0	0.0	-1.0
553	28.0	3.0	1.0
554	-1.0	0.0	0.0
555	-1.0	0.0	-1.0
556	0.0	2.0	1.0
557	-1.0	0.0	0.0
558	0.0	2.0	1.0
559	-1.0	0.0	-1.0
560	-1.0	0.0	-1.0
561	-1.0	0.0	-1.0
562	0.0	2.0	1.0
563	-1.0	0.0	-1.0
564	0.0	2.0	1.0
565	-1.0	0.0	0.0
566	-1.0	0.0	-1.0
567	8.0	2.0	1.0
568	-1.0	0.0	-1.0
569	21.0	3.0	1.0
570	-1.0	0.0	-1.0
571	-1.0	0.0	-1.0
572	-1.0	0.0	-1.0
573	-1.0	0.0	-1.0
574	-1.0	0.0	0.0
575	-1.0	0.0	0.0
576	-1.0	0.0	-1.0
577	-1.0	0.0	-1.0
578	18.0	2.0	1.0
579	-1.0	0.0	-1.0
580	-1.0	0.0	0.0
581	-1.0	0.0	0.0
582	21.0	3.0	1.0
583	-1.0	0.0	0.0
584	0.0	2.0	1.0
585	21.0	2.0	1.0
586	24.0	2.0	1.0
587	-1.0	0.0	-1.0
588	24.0	2.0	1.0
589	-1.0	0.0	0.0
590	23.0	3.0	1.0
591	-1.0	0.0	0.0
592	-1.0	0.0	-1.0
593	-1.0	0.0	0.0
594	-1.0	0.0	-1.0
595	-1.0	0.0	-1.0
596	-1.0	0.0	0.0
597	0.0	2.0	1.0
598	0.0	2.0	1.0
599	-1.0	0.0	-1.0
600	-1.0	0.0	0.0
601	10.0	3.0	1.0
602	-1.0	0.0	-1.0
603	-1.0	0.0	0.0
604	11.0	3.0	1.0
605	-1.0	0.0	-1.0
606	0.0	2.0	1.0
607	0.0	2.0	1.0
608	-1.0	0.0	-1.0
609	-1.0	0.0	-1.0
610	-1.0	0.0	-1.0
611	12.0	2.0	1.0
612	16.0	2.0	1.0
613	-1.0	0.0	0.0
614	15.0	2.0	1.0
615	8.0	2.0	1.0
616	-1.0	0.0	0.0
617	-1.0	0.0	-1.0
618	10.0	3.0	1.0
619	-1.0	0.0	0.0
620	22.0	2.0	1.0
621	22.0	2.0	1.0
622	-1.0	0.0	-1.0
623	15.0	2.0	1.0
624	0.0	2.0	1.0
625	22.0	2.0	1.0
626	0.0	2.0	1.0
627	-1.0	0.0	0.0
628	-1.0	0.0	0.0
629	26.0	2.0	1.0
630	13.0	3.0	1.0
631	0.0	2.0	1.0
632	15.0	3.0	1.0
633	-1.0	0.0	-1.0
634	8.0	2.0	1.0
635	-1.0	0.0	0.0
636	-1.0	0.0	0.0
637	-1.0	0.0	0.0
638	-1.0	0.0	-1.0
639	24.0	2.0	1.0
640	26.0	2.0	1.0
641	-1.0	0.0	0.0
642	-1.0	0.0	-1.0
643	-1.0	0.0	-1.0
644	15.0	2.0	1.0
645	-1.0	0.0	-1.0
646	8.0	2.0	1.0
647	-1.0	0.0	0.0
648	-1.0	0.0	0.0
649	0.0	2.0	1.0
650	19.0	3.0	1.0
651	0.0	2.0	1.0
652	24.0	2.0	1.0
653	27.0	2.0	1.0
654	-1.0	0.0	0.0
655	0.0	2.0	1.0
656	-1.0	0.0	-1.0
657	19.0	3.0	1.0
658	-1.0	0.0	-1.0
659	-1.0	0.0	0.0
660	-1.0	0.0	-1.0
661	9.0	2.0	1.0
662	14.0	3.0	1.0
663	20.0	2.0	1.0
664	10.0	2.0	1.0
665	-1.0	0.0	-1.0
666	9.0	2.0	1.0
667	-1.0	0.0	0.0
668	-1.0	0.0	-1.0
669	-1.0	0.0	0.0
670	-1.0	0.0	-1.0
671	27.0	3.0	1.0
672	0.0	2.0	1.0
673	-1.0	0.0	0.0
674	-1.0	0.0	0.0
675	-1.0	0.0	-1.0
676	-1.0	0.0	0.0
677	-1.0	0.0	-1.0
678	-1.0	0.0	0.0
679	-1.0	0.0	0.0
680	10.0	2.0	1.0
681	-1.0	0.0	-1.0
682	-1.0	0.0	0.0
683	17.0	2.0	1.0
684	10.0	2.0	1.0
685	-1.0	0.0	0.0
686	-1.0	0.0	-1.0
687	22.0	3.0	1.0
688	12.0	3.0	1.0
689	-1.0	0.0	-1.0
690	0.0	2.0	1.0
691	-1.0	0.0	-1.0
692	-1.0	0.0	-1.0
693	-1.0	0.0	-1.0
694	-1.0	0.0	-1.0
695	11.0	3.0	1.0
696	-1.0	0.0	-1.0
697	-1.0	0.0	0.0
698	0.0	2.0	1.0
699	-1.0	0.0	0.0
700	-1.0	0.0	-1.0
701	-1.0	0.0	-1.0
702	-1.0	0.0	0.0
703	-1.0	0.0	0.0
704	-1.0	0.0	0.0
705	-1.0	0.0	-1.0
706	-1.0	0.0	-1.0
707	9.0	2.0	1.0
708	-1.0	0.0	-1.0
709	-1.0	0.0	-1.0
710	-1.0	0.0	0.0
711	-1.0	0.0	-1.0
712	-1.0	0.0	0.0
713	-1.0	0.0	-1.0
714	10.0	2.0	1.0
715	-1.0	0.0	-1.0
716	-1.0	0.0	-1.0
717	-1.0	0.0	0.0
718	-1.0	0.0	0.0
719	0.0	2.0	1.0
720	-1.0	0.0	-1.0
721	-1.0	0.0	-1.0
722	-1.0	0.0	0.0
723	-1.0	0.0	-1.0
724	-1.0	0.0	0.0
725	18.0	3.0	1.0
726	-1.0	0.0	-1.0
727	-1.0	0.0	-1.0
728	-1.0	0.0	-1.0
729	-1.0	0.0	0.0
730	-1.0	0.0	-1.0
731	-1.0	0.0	-1.0
732	-1.0	0.0	-1.0
733	-1.0	0.0	-1.0
734	-1.0	0.0	0.0
735	0.0	2.0	1.0
736	-1.0	0.0	0.0
737	-1.0	0.0	-1.0
738	8.0	2.0	1.0
739	27.0	2.0	1.0
740	26.0	3.0	1.0
741	0.0	2.0	1.0
742	-1.0	0.0	-1.0
743	-1.0	0.0	-1.0
744	-1.0	0.0	-1.0
745	-1.0	0.0	0.0
746	0.0	2.0	1.0
747	-1.0	0.0	-1.0
748	25.0	3.0	1.0
749	0.0	2.0	1.0
750	-1.0	0.0	-1.0
751	-1.0	0.0	-1.0
752	24.0	3.0	1.0
753	10.0	3.0	1.0
754	-1.0	0.0	-1.0
755	-1.0	0.0	-1.0
756	-1.0	0.0	0.0
757	-1.0	0.0	-1.0
758	-1.0	0.0	-1.0
759	27.0	3.0	1.0
760	15.0	2.0	1.0
761	-1.0	0.0	-1.0
762	11.0	3.0	1.0
763	-1.0	0.0	-1.0
764	13.0	2.0	1.0
765	-1.0	0.0	-1.0
766	-1.0	0.0	-1.0
767	10.0	2.0	1.0
768	-1.0	0.0	-1.0
769	8.0	2.0	1.0
770	0.0	2.0	1.0
771	11.0	3.0	1.0
772	-1.0	0.0	0.0
773	-1.0	0.0	0.0
774	-1.0	0.0	0.0
775	-1.0	0.0	-1.0
776	-1.0	0.0	-1.0
777	-1.0	0.0	-1.0
778	-1.0	0.0	0.0
779	13.0	3.0	1.0
780	-1.0	0.0	-1.0
781	-1.0	0.0	-1.0
782	9.0	2.0	1.0
783	16.0	2.0	1.0
784	15.0	2.0	1.0
785	-1.0	0.0	0.0
786	0.0	2.0	1.0
787	-1.0	0.0	-1.0
788	-1.0	0.0	-1.0
789	-1.0	0.0	0.0
790	-1.0	0.0	-1.0
791	-1.0	0.0	-1.0
792	28.0	3.0	1.0
793	-1.0	0.0	-1.0
794	-1.0	0.0	-1.0
795	0.0	2.0	1.0
796	0.0	2.0	1.0
797	-1.0	0.0	0.0
798	-1.0	0.0	-1.0
799	0.0	2.0	1.0
800	0.0	2.0	1.0
801	11.0	2.0	1.0
802	-1.0	0.0	-1.0
803	23.0	2.0	1.0
804	-1.0	0.0	-1.0
805	-1.0	0.0	-1.0
806	-1.0	0.0	0.0
807	0.0	2.0	1.0
808	24.0	3.0	1.0
809	-1.0	0.0	0.0
810	-1.0	0.0	-1.0
811	18.0	3.0	1.0
812	-1.0	0.0	0.0
813	-1.0	0.0	0.0
814	-1.0	0.0	-1.0
815	-1.0	0.0	-1.0
816	10.0	2.0	1.0
817	-1.0	0.0	0.0
818	-1.0	0.0	-1.0
819	10.0	3.0	1.0
820	-1.0	0.0	-1.0
821	14.0	2.0	1.0
822	-1.0	0.0	-1.0
823	-1.0	0.0	-1.0
824	11.0	2.0	1.0
825	-1.0	0.0	0.0
826	0.0	2.0	1.0
827	-1.0	0.0	-1.0
828	11.0	3.0	1.0
829	-1.0	0.0	-1.0
830	-1.0	0.0	-1.0
831	-1.0	0.0	-1.0
832	18.0	2.0	1.0
833	0.0	2.0	1.0
834	0.0	2.0	1.0
835	-1.0	0.0	-1.0
836	-1.0	0.0	0.0
837	23.0	2.0	1.0
838	-1.0	0.0	-1.0
839	-1.0	0.0	-1.0
840	-1.0	0.0	0.0
841	-1.0	0.0	0.0
842	-1.0	0.0	-1.0
843	-1.0	0.0	-1.0
844	0.0	2.0	1.0
845	17.0	2.0	1.0
846	-1.0	0.0	0.0
847	25.0	2.0	1.0
848	17.0	3.0	1.0
849	15.0	2.0	1.0
850	-1.0	0.0	-1.0
851	11.0	3.0	1.0
852	-1.0	0.0	0.0
853	-1.0	0.0	0.0
854	-1.0	0.0	-1.0
855	-1.0	0.0	-1.0
856	-1.0	0.0	-1.0
857	0.0	2.0	1.0
858	-1.0	0.0	-1.0
859	-1.0	0.0	-1.0
860	22.0	2.0	1.0
861	0.0	2.0	1.0
862	23.0	2.0	1.0
863	-1.0	0.0	-1.0
864	-1.0	0.0	0.0
865	-1.0	0.0	-1.0
866	25.0	3.0	1.0
867	-1.0	0.0	-1.0
868	-1.0	0.0	0.0
869	8.0	2.0	1.0
870	-1.0	0.0	-1.0
871	-1.0	0.0	-1.0
872	20.0	3.0	1.0
873	-1.0	0.0	0.0
874	-1.0	0.0	-1.0
875	-1.0	0.0	0.0
876	0.0	2.0	1.0
877	-1.0	0.0	-1.0
878	16.0	3.0	1.0
879	-1.0	0.0	-1.0
880	11.0	2.0	1.0
881	-1.0	0.0	-1.0
882	-1.0	0.0	0.0
883	-1.0	0.0	-1.0
884	-1.0	0.0	-1.0
885	16.0	2.0	1.0
886	22.0	2.0	1.0
887	0.0	2.0	1.0
888	0.0	2.0	1.0
889	8.0	2.0	1.0
890	-1.0	0.0	-1.0
891	-1.0	0.0	-1.0
892	-1.0	0.0	-1.0
893	-1.0	0.0	0.0
894	25.0	2.0	1.0
895	0.0	2.0	1.0
896	-1.0	0.0	-1.0
897	-1.0	0.0	0.0
898	-1.0	0.0	-1.0
899	14.0	2.0	1.0
900	28.0	2.0	1.0
901	0.0	2.0	1.0
902	-1.0	0.0	-1.0
903	-1.0	0.0	0.0
904	10.0	2.0	1.0
905	-1.0	0.0	-1.0
906	-1.0	0.0	-1.0
907	-1.0	0.0	0.0
908	23.0	2.0	1.0
909	16.0	2.0	1.0
910	-1.0	0.0	-1.0
911	21.0	2.0	1.0
912	-1.0	0.0	-1.0
913	-1.0	0.0	0.0
914	-1.0	0.0	0.0
915	11.0	2.0	1.0
916	0.0	2.0	1.0
917	0.0	2.0	1.0
918	-1.0	0.0	-1.0
919	-1.0	0.0	-1.0
920	0.0	2.0	1.0
921	-1.0	0.0	-1.0
922	-1.0	0.0	0.0
923	-1.0	0.0	-1.0
924	-1.0	0.0	0.0
925	-1.0	0.0	-1.0
926	-1.0	0.0	-1.0
927	-1.0	0.0	-1.0
928	-1.0	0.0	-1.0
929	-1.0	0.0	-1.0
930	0.0	2.0	1.0
931	-1.0	0.0	-1.0
932	-1.0	0.0	0.0
933	-1.0	0.0	-1.0
934	0.0	2.0	1.0
935	8.0	2.0	1.0
936	-1.0	0.0	-1.0
937	0.0	2.0	1.0
938	-1.0	0.0	0.0
939	-1.0	0.0	-1.0
940	-1.0	0.0	-1.0
941	-1.0	0.0	-1.0
942	0.0	2.0	1.0
943	-1.0	0.0	0.0
944	-1.0	0.0	-1.0
945	-1.0	0.0	-1.0
946	9.0	3.0	1.0
947	-1.0	0.0	0.0
948	26.0	2.0	1.0
949	0.0	2.0	1.0
950	-1.0	0.0	0.0
951	-1.0	0.0	0.0
952	-1.0	0.0	-1.0
953	-1.0	0.0	-1.0
954	27.0	2.0	1.0
955	0.0	2.0	1.0
956	-1.0	0.0	-1.0
957	-1.0	0.0	-1.0
958	0.0	2.0	1.0
959	-1.0	0.0	-1.0
960	-1.0	0.0	-1.0
961	-1.0	0.0	0.0
962	23.0	2.0	1.0
963	-1.0	0.0	0.0
964	-1.0	0.0	-1.0
965	-1.0	0.0	-1.0
966	0.0	2.0	1.0
967	-1.0	0.0	0.0
968	28.0	3.0	1.0
969	-1.0	0.0	-1.0
970	-1.0	0.0	0.0
971	-1.0	0.0	-1.0
972	-1.0	0.0	0.0
973	-1.0	0.0	-1.0
974	14.0	3.0	1.0
975	10.0	2.0	1.0
976	-1.0	0.0	-1.0
977	10.0	2.0	1.0
978	-1.0	0.0	-1.0
979	19.0	3.0	1.0
980	-1.0	0.0	0.0
981	-1.0	0.0	-1.0
982	-1.0	0.0	-1.0
983	9.0	3.0	1.0
984	0.0	2.0	1.0
985	-1.0	0.0	-1.0
986	-1.0	0.0	-1.0
987	18.0	2.0	1.0
988	-1.0	0.0	0.0
989	0.0	2.0	1.0
990	-1.0	0.0	-1.0
991	-1.0	0.0	0.0
992	-1.0	0.0	-1.0
993	-1.0	0.0	0.0
994	12.0	2.0	1.0
995	0.0	2.0	1.0
996	9.0	3.0	1.0
997	10.0	3.0	1.0
998	0.0	2.0	1.0
999	-1.0	0.0	-1.0
1000	-1.0	0.0	0.0
1001	-1.0	0.0	-1.0
1002	-1.0	0.0	0.0
1003	-1.0	0.0	0.0
1004	-1.0	0.0	0.0
1005	0.0	2.0	1.0
1006	-1.0	0.0	0.0
1007	-1.0	0.0	-1.0
1008	0.0	2.0	1.0
1009	12.0	3.0	1.0
1010	17.0	2.0	1.0
1011	-1.0	0.0	-1.0
1012	17.0	2.0	1.0
1013	-1.0	0.0	0.0
1014	-1.0	0.0	0.0
1015	-1.0	0.0	-1.0
1016	0.0	2.0	1.0
1017	-1.0	0.0	-1.0
1018	0.0	2.0	1.0
1019	17.0	2.0	1.0
1020	-1.0	0.0	-1.0
1021	-1.0	0.0	-1.0
1022	-1.0	0.0	0.0
1023	16.0	3.0	1.0
1024	-1.0	0.0	-1.0
1025	-1.0	0.0	0.0
1026	-1.0	0.0	-1.0
1027	-1.0	0.0	-1.0
1028	26.0	2.0	1.0
1029	-1.0	0.0	-1.0
1030	-1.0	0.0	-1.0
1031	-1.0	0.0	-1.0
1032	-1.0	0.0	-1.0
1033	-1.0	0.0	0.0
1034	23.0	2.0	1.0
1035	0.0	2.0	1.0
1036	14.0	2.0	1.0
1037	-1.0	0.0	-1.0
1038	17.0	2.0	1.0
1039	-1.0	0.0	-1.0
1040	-1.0	0.0	-1.0
1041	27.0	2.0	1.0
1042	-1.0	0.0	-1.0
1043	0.0	2.0	1.0
1044	-1.0	0.0	-1.0
1045	-1.0	0.0	0.0
1046	0.0	2.0	1.0
1047	-1.0	0.0	0.0
1048	28.0	2.0	1.0
1049	0.0	2.0	1.0
1050	28.0	2.0	1.0
1051	-1.0	0.0	-1.0
1052	-1.0	0.0	0.0
1053	-1.0	0.0	-1.0
1054	-1.0	0.0	-1.0
1055	11.0	3.0	1.0
1056	-1.0	0.0	-1.0
1057	-1.0	0.0	-1.0
1058	0.0	2.0	1.0
1059	-1.0	0.0	-1.0
1060	23.0	2.0	1.0
1061	-1.0	0.0	-1.0
1062	-1.0	0.0	-1.0
1063	0.0	2.0	1.0
1064	-1.0	0.0	0.0
1065	0.0	2.0	1.0
1066	-1.0	0.0	-1.0
1067	-1.0	0.0	-1.0
1068	0.0	2.0	1.0
1069	9.0	2.0	1.0
1070	-1.0	0.0	0.0
1071	0.0	2.0	1.0
1072	-1.0	0.0	-1.0
1073	14.0	2.0	1.0
1074	-1.0	0.0	0.0
1075	-1.0	0.0	0.0
1076	-1.0	0.0	0.0
1077	-1.0	0.0	0.0
1078	-1.0	0.0	-1.0
1079	-1.0	0.0	0.0
1080	-1.0	0.0	-1.0
1081	-1.0	0.0	-1.0
1082	18.0	2.0	1.0
1083	-1.0	0.0	-1.0
1084	25.0	2.0	1.0
1085	-1.0	0.0	0.0
1086	23.0	2.0	1.0
1087	-1.0	0.0	0.0
1088	23.0	3.0	1.0
1089	-1.0	0.0	-1.0
1090	-1.0	0.0	0.0
1091	-1.0	0.0	0.0
1092	21.0	3.0	1.0
1093	-1.0	0.0	0.0
1094	-1.0	0.0	-1.0
1095	8.0	2.0	1.0
1096	-1.0	0.0	0.0
1097	-1.0	0.0	-1.0
1098	23.0	2.0	1.0
1099	0.0	2.0	1.0
1100	-1.0	0.0	-1.0
1101	-1.0	0.0	-1.0
1102	-1.0	0.0	-1.0
1103	-1.0	0.0	0.0
1104	16.0	2.0	1.0
1105	8.0	2.0	1.0
1106	13.0	2.0	1.0
1107	0.0	2.0	1.0
1108	-1.0	0.0	-1.0
1109	-1.0	0.0	-1.0
1110	0.0	2.0	1.0
1111	-1.0	0.0	-1.0
1112	20.0	3.0	1.0
1113	25.0	3.0	1.0
1114	22.0	2.0	1.0
1115	15.0	3.0	1.0
1116	13.0	3.0	1.0
1117	-1.0	0.0	-1.0
1118	15.0	2.0	1.0
1119	-1.0	0.0	0.0
1120	24.0	2.0	1.0
1121	-1.0	0.0	-1.0
1122	-1.0	0.0	-1.0
1123	-1.0	0.0	-1.0
1124	-1.0	0.0	0.0
1125	-1.0	0.0	-1.0
1126	-1.0	0.0	0.0
1127	-1.0	0.0	0.0
1128	-1.0	0.0	-1.0
1129	8.0	2.0	1.0
1130	20.0	3.0	1.0
1131	15.0	2.0	1.0
1132	-1.0	0.0	0.0
1133	0.0	2.0	1.0
1134	-1.0	0.0	0.0
1135	-1.0	0.0	0.0
1136	0.0	2.0	1.0
1137	-1.0	0.0	-1.0
1138	26.0	2.0	1.0
1139	9.0	2.0	1.0
1140	-1.0	0.0	-1.0
1141	-1.0	0.0	-1.0
1142	0.0	2.0	1.0
1143	-1.0	0.0	-1.0
1144	-1.0	0.0	0.0
1145	-1.0	0.0	-1.0
1146	-1.0	0.0	-1.0
1147	0.0	2.0	1.0
1148	0.0	2.0	1.0
1149	0.0	2.0	1.0
1150	-1.0	0.0	-1.0
1151	-1.0	0.0	-1.0
1152	15.0	2.0	1.0
1153	-1.0	0.0	0.0
1154	-1.0	0.0	-1.0
1155	-1.0	0.0	-1.0
1156	-1.0	0.0	-1.0
1157	-1.0	0.0	0.0
1158	11.0	2.0	1.0
1159	-1.0	0.0	0.0
1160	-1.0	0.0	0.0
1161	-1.0	0.0	-1.0
1162	0.0	2.0	1.0
1163	-1.0	0.0	0.0
1164	-1.0	0.0	-1.0
1165	-1.0	0.0	0.0
1166	-1.0	0.0	0.0
1167	23.0	2.0	1.0
1168	-1.0	0.0	0.0
1169	-1.0	0.0	-1.0
1170	8.0	2.0	1.0
1171	11.0	2.0	1.0
1172	25.0	2.0	1.0
1173	-1.0	0.0	-1.0
1174	-1.0	0.0	-1.0
1175	-1.0	0.0	-1.0
1176	-1.0	0.0	-1.0
1177	-1.0	0.0	-1.0
1178	-1.0	0.0	-1.0
1179	-1.0	0.0	0.0
1180	-1.0	0.0	-1.0
1181	0.0	2.0	1.0
1182	-1.0	0.0	-1.0
1183	-1.0	0.0	0.0
1184	-1.0	0.0	-1.0
1185	-1.0	0.0	-1.0
1186	12.0	3.0	1.0
1187	-1.0	0.0	-1.0
1188	-1.0	0.0	0.0
1189	17.0	2.0	1.0
1190	-1.0	0.0	-1.0
1191	-1.0	0.0	-1.0
1192	-1.0	0.0	-1.0
1193	-1.0	0.0	-1.0
1194	-1.0	0.0	0.0
1195	-1.0	0.0	-1.0
1196	-1.0	0.0	0.0
1197	-1.0	0.0	-1.0
1198	-1.0	0.0	0.0
1199	-1.0	0.0	-1.0
1200	0.0	2.0	1.0
1201	-1.0	0.0	-1.0
1202	14.0	2.0	1.0
1203	-1.0	0.0	-1.0
1204	0.0	2.0	1.0
1205	-1.0	0.0	0.0
1206	24.0	2.0	1.0
1207	-1.0	0.0	-1.0
1208	9.0	2.0	1.0
1209	-1.0	0.0	0.0
1210	-1.0	0.0	0.0
1211	25.0	2.0	1.0
1212	0.0	2.0	1.0
1213	26.0	2.0	1.0
1214	26.0	2.0	1.0
1215	0.0	2.0	1.0
1216	-1.0	0.0	0.0
1217	27.0	3.0	1.0
1218	19.0	2.0	1.0
1219	9.0	2.0	1.0
1220	-1.0	0.0	-1.0
1221	-1.0	0.0	-1.0
1222	19.0	2.0	1.0
1223	-1.0	0.0	-1.0
1224	-1.0	0.0	0.0
1225	-1.0	0.0	-1.0
1226	-1.0	0.0	-1.0
1227	-1.0	0.0	-1.0
1228	-1.0	0.0	-1.0
1229	-1.0	0.0	-1.0
1230	0.0	2.0	1.0
1231	27.0	2.0	1.0
1232	24.0	2.0	1.0
1233	-1.0	0.0	0.0
1234	0.0	2.0	1.0
1235	13.0	3.0	1.0
1236	-1.0	0.0	-1.0
1237	8.0	2.0	1.0
1238	14.0	3.0	1.0
1239	27.0	3.0	1.0
1240	-1.0	0.0	0.0
1241	-1.0	0.0	0.0
1242	-1.0	0.0	0.0
1243	16.0	2.0	1.0
1244	23.0	2.0	1.0
1245	-1.0	0.0	-1.0
1246	0.0	2.0	1.0
1247	-1.0	0.0	-1.0
1248	-1.0	0.0	-1.0
1249	-1.0	0.0	-1.0
1250	-1.0	0.0	-1.0
1251	-1.0	0.0	-1.0
1252	10.0	2.0	1.0
1253	-1.0	0.0	-1.0
1254	27.0	3.0	1.0
1255	-1.0	0.0	0.0
1256	-1.0	0.0	-1.0
1257	-1.0	0.0	0.0
1258	-1.0	0.0	-1.0
1259	0.0	2.0	1.0
1260	-1.0	0.0	-1.0
1261	-1.0	0.0	0.0
1262	18.0	3.0	1.0
1263	-1.0	0.0	-1.0
1264	-1.0	0.0	0.0
1265	-1.0	0.0	-1.0
1266	0.0	2.0	1.0
1267	16.0	3.0	1.0
1268	-1.0	0.0	0.0
1269	-1.0	0.0	-1.0
1270	-1.0	0.0	-1.0
1271	-1.0	0.0	-1.0
1272	-1.0	0.0	0.0
1273	-1.0	0.0	-1.0
1274	20.0	2.0	1.0
1275	-1.0	0.0	0.0
1276	-1.0	0.0	0.0
1277	-1.0	0.0	0.0
1278	-1.0	0.0	-1.0
1279	-1.0	0.0	0.0
1280	10.0	3.0	1.0
1281	0.0	2.0	1.0
1282	19.0	2.0	1.0
1283	15.0	2.0	1.0
1284	-1.0	0.0	-1.0
1285	-1.0	0.0	-1.0
1286	23.0	2.0	1.0
1287	-1.0	0.0	-1.0
1288	-1.0	0.0	0.0
1289	-1.0	0.0	-1.0
1290	-1.0	0.0	-1.0
1291	24.0	2.0	1.0
1292	-1.0	0.0	-1.0
1293	19.0	2.0	1.0
1294	-1.0	0.0	0.0
1295	-1.0	0.0	-1.0
1296	-1.0	0.0	-1.0
1297	-1.0	0.0	-1.0
1298	17.0	2.0	1.0
1299	-1.0	0.0	-1.0
1300	-1.0	0.0	-1.0
1301	-1.0	0.0	0.0
1302	-1.0	0.0	-1.0
1303	0.0	2.0	1.0
1304	13.0	2.0	1.0
1305	-1.0	0.0	0.0
1306	-1.0	0.0	-1.0
1307	-1.0	0.0	-1.0
1308	-1.0	0.0	-1.0
1309	-1.0	0.0	0.0
1310	-1.0	0.0	0.0
1311	18.0	3.0	1.0
1312	0.0	2.0	1.0
1313	12.0	3.0	1.0
1314	0.0	2.0	1.0
1315	-1.0	0.0	-1.0
1316	-1.0	0.0	0.0
1317	-1.0	0.0	0.0
1318	-1.0	0.0	-1.0
1319	0.0	2.0	1.0
1320	-1.0	0.0	0.0
1321	-1.0	0.0	-1.0
1322	-1.0	0.0	0.0
1323	-1.0	0.0	-1.0
1324	0.0	2.0	1.0
1325	25.0	3.0	1.0
1326	25.0	2.0	1.0
1327	-1.0	0.0	-1.0
1328	-1.0	0.0	-1.0
1329	12.0	3.0	1.0
1330	-1.0	0.0	-1.0
1331	-1.0	0.0	-1.0
1332	-1.0	0.0	0.0
1333	0.0	2.0	1.0
1334	-1.0	0.0	-1.0
1335	15.0	2.0	1.0
1336	-1.0	0.0	-1.0
1337	25.0	2.0	1.0
1338	-1.0	0.0	-1.0
1339	26.0	2.0	1.0
1340	-1.0	0.0	-1.0
1341	-1.0	0.0	0.0
1342	-1.0	0.0	0.0
1343	0.0	2.0	1.0
1344	-1.0	0.0	-1.0
1345	-1.0	0.0	0.0
1346	0.0	2.0	1.0
1347	-1.0	0.0	0.0
1348	-1.0	0.0	0.0
1349	-1.0	0.0	-1.0
1350	0.0	2.0	1.0
1351	0.0	2.0	1.0
1352	-1.0	0.0	-1.0
1353	-1.0	0.0	-1.0
1354	-1.0	0.0	-1.0
1355	-1.0	0.0	0.0
1356	-1.0	0.0	-1.0
1357	-1.0	0.0	0.0
1358	-1.0	0.0	0.0
1359	20.0	2.0	1.0
1360	-1.0	0.0	0.0
1361	0.0	2.0	1.0
1362	0.0	2.0	1.0
1363	-1.0	0.0	-1.0
1364	-1.0	0.0	-1.0
1365	0.0	2.0	1.0
1366	-1.0	0.0	-1.0
1367	-1.0	0.0	0.0
1368	0.0	2.0	1.0
1369	-1.0	0.0	-1.0
1370	-1.0	0.0	-1.0
1371	0.0	2.0	1.0
1372	-1.0	0.0	-1.0
1373	0.0	2.0	1.0
1374	-1.0	0.0	0.0
1375	-1.0	0.0	-1.0
1376	-1.0	0.0	-1.0
1377	-1.0	0.0	-1.0
1378	-1.0	0.0	0.0
1379	13.0	2.0	1.0
1380	-1.0	0.0	0.0
1381	-1.0	0.0	-1.0
1382	12.0	3.0	1.0
1383	-1.0	0.0	-1.0
1384	-1.0	0.0	0.0
1385	21.0	3.0	1.0
1386	13.0	3.0	1.0
1387	-1.0	0.0	-1.0
1388	-1.0	0.0	-1.0
1389	19.0	2.0	1.0
1390	9.0	2.0	1.0
1391	-1.0	0.0	0.0
1392	-1.0	0.0	0.0
1393	27.0	3.0	1.0
1394	-1.0	0.0	-1.0
1395	0.0	2.0	1.0
1396	-1.0	0.0	0.0
1397	0.0	2.0	1.0
1398	-1.0	0.0	-1.0
1399	-1.0	0.0	0.0
1400	0.0	2.0	1.0
1401	-1.0	0.0	0.0
1402	-1.0	0.0	-1.0
1403	-1.0	0.0	0.0
1404	-1.0	0.0	-1.0
1405	-1.0	0.0	-1.0
1406	0.0	2.0	1.0
1407	0.0	2.0	1.0
1408	-1.0	0.0	-1.0
1409	18.0	2.0	1.0
1410	24.0	2.0	1.0
1411	-1.0	0.0	-1.0
1412	-1.0	0.0	-1.0
1413	-1.0	0.0	-1.0
1414	-1.0	0.0	0.0
1415	13.0	2.0	1.0
1416	-1.0	0.0	-1.0
1417	-1.0	0.0	-1.0
1418	-1.0	0.0	0.0
1419	-1.0	0.0	0.0
1420	-1.0	0.0	0.0
1421	18.0	2.0	1.0
1422	-1.0	0.0	-1.0
1423	0.0	2.0	1.0
1424	-1.0	0.0	-1.0
1425	0.0	2.0	1.0
1426	-1.0	0.0	-1.0
1427	-1.0	0.0	-1.0
1428	18.0	2.0	1.0
1429	8.0	2.0	1.0
1430	-1.0	0.0	-1.0
1431	16.0	2.0	1.0
1432	-1.0	0.0	-1.0
1433	-1.0	0.0	-1.0
1434	-1.0	0.0	-1.0
1435	-1.0	0.0	-1.0
1436	-1.0	0.0	-1.0
1437	-1.0	0.0	-1.0
1438	-1.0	0.0	0.0
1439	-1.0	0.0	-1.0
1440	-1.0	0.0	-1.0
1441	-1.0	0.0	-1.0
1442	18.0	2.0	1.0
1443	-1.0	0.0	-1.0
1444	24.0	2.0	1.0
1445	13.0	2.0	1.0
1446	-1.0	0.0	0.0
1447	0.0	2.0	1.0
1448	-1.0	0.0	0.0
1449	-1.0	0.0	0.0
1450	-1.0	0.0	-1.0
1451	0.0	2.0	1.0
1452	-1.0	0.0	0.0
1453	-1.0	0.0	0.0
1454	-1.0	0.0	0.0
1455	0.0	2.0	1.0
1456	15.0	2.0	1.0
1457	24.0	2.0	1.0
1458	-1.0	0.0	0.0
1459	-1.0	0.0	-1.0
1460	26.0	2.0	1.0
1461	26.0	2.0	1.0
1462	-1.0	0.0	0.0
1463	-1.0	0.0	-1.0
1464	19.0	2.0	1.0
1465	0.0	2.0	1.0
1466	-1.0	0.0	0.0
1467	14.0	3.0	1.0
1468	-1.0	0.0	0.0
1469	-1.0	0.0	-1.0
1470	-1.0	0.0	0.0
1471	24.0	2.0	1.0
1472	-1.0	0.0	-1.0
1473	-1.0	0.0	0.0
1474	-1.0	0.0	-1.0
1475	-1.0	0.0	-1.0
1476	8.0	2.0	1.0
1477	17.0	2.0	1.0
1478	-1.0	0.0	-1.0
1479	-1.0	0.0	-1.0
1480	27.0	2.0	1.0
1481	-1.0	0.0	-1.0
1482	-1.0	0.0	-1.0
1483	27.0	3.0	1.0
1484	-1.0	0.0	0.0
1485	-1.0	0.0	-1.0
1486	-1.0	0.0	0.0
1487	-1.0	0.0	-1.0
1488	-1.0	0.0	-1.0
1489	-1.0	0.0	0.0
1490	22.0	3.0	1.0
1491	-1.0	0.0	-1.0
1492	-1.0	0.0	0.0
1493	-1.0	0.0	-1.0
1494	-1.0	0.0	0.0
1495	17.0	2.0	1.0
1496	-1.0	0.0	-1.0
1497	18.0	3.0	1.0
1498	-1.0	0.0	0.0
1499	-1.0	0.0	-1.0
1500	-1.0	0.0	0.0
1501	-1.0	0.0	0.0
1502	-1.0	0.0	-1.0
1503	-1.0	0.0	-1.0
1504	-1.0	0.0	-1.0
1505	-1.0	0.0	-1.0
1506	-1.0	0.0	0.0
1507	-1.0	0.0	0.0
1508	-1.0	0.0	0.0
1509	-1.0	0.0	-1.0
1510	-1.0	0.0	0.0
1511	28.0	2.0	1.0
1512	-1.0	0.0	0.0
1513	-1.0	0.0	-1.0
1514	-1.0	0.0	-1.0
1515	-1.0	0.0	0.0
1516	-1.0	0.0	-1.0
1517	-1.0	0.0	-1.0
1518	-1.0	0.0	0.0
1519	0.0	2.0	1.0
1520	-1.0	0.0	0.0
1521	-1.0	0.0	0.0
1522	0.0	2.0	1.0
1523	-1.0	0.0	0.0
1524	0.0	2.0	1.0
1525	-1.0	0.0	-1.0
1526	-1.0	0.0	-1.0
1527	-1.0	0.0	-1.0
1528	-1.0	0.0	-1.0
1529	-1.0	0.0	0.0
1530	-1.0	0.0	-1.0
1531	-1.0	0.0	-1.0
1532	0.0	2.0	1.0
1533	-1.0	0.0	0.0
1534	-1.0	0.0	-1.0
1535	0.0	2.0	1.0
1536	23.0	2.0	1.0
1537	-1.0	0.0	0.0
1538	-1.0	0.0	-1.0
1539	-1.0	0.0	0.0
1540	-1.0	0.0	-1.0
1541	-1.0	0.0	-1.0
1542	20.0	2.0	1.0
1543	8.0	2.0	1.0
1544	16.0	2.0	1.0
1545	-1.0	0.0	-1.0
1546	-1.0	0.0	0.0
1547	24.0	3.0	1.0
1548	0.0	2.0	1.0
1549	-1.0	0.0	-1.0
1550	-1.0	0.0	-1.0
1551	-1.0	0.0	-1.0
1552	-1.0	0.0	0.0
1553	-1.0	0.0	0.0
1554	-1.0	0.0	0.0
1555	27.0	2.0	1.0
1556	-1.0	0.0	-1.0
1557	-1.0	0.0	0.0
1558	19.0	2.0	1.0
1559	-1.0	0.0	-1.0
1560	-1.0	0.0	-1.0
1561	0.0	2.0	1.0
1562	0.0	2.0	1.0
1563	-1.0	0.0	0.0
1564	28.0	2.0	1.0
1565	-1.0	0.0	0.0
1566	-1.0	0.0	-1.0
1567	-1.0	0.0	-1.0
1568	-1.0	0.0	-1.0
1569	-1.0	0.0	-1.0
1570	18.0	2.0	1.0
1571	15.0	2.0	1.0
1572	12.0	2.0	1.0
1573	-1.0	0.0	-1.0
1574	-1.0	0.0	-1.0
1575	0.0	2.0	1.0
1576	12.0	2.0	1.0
1577	-1.0	0.0	-1.0
1578	15.0	2.0	1.0
1579	-1.0	0.0	0.0
1580	9.0	2.0	1.0
1581	-1.0	0.0	-1.0
1582	11.0	2.0	1.0
1583	-1.0	0.0	-1.0
1584	-1.0	0.0	-1.0
1585	0.0	2.0	1.0
1586	-1.0	0.0	0.0
1587	-1.0	0.0	-1.0
1588	-1.0	0.0	-1.0
1589	-1.0	0.0	-1.0
1590	0.0	2.0	1.0
1591	-1.0	0.0	-1.0
1592	-1.0	0.0	-1.0
1593	-1.0	0.0	-1.0
1594	-1.0	0.0	0.0
1595	-1.0	0.0	0.0
1596	-1.0	0.0	0.0
1597	9.0	2.0	1.0
1598	-1.0	0.0	-1.0
1599	-1.0	0.0	-1.0
1600	26.0	3.0	1.0
1601	-1.0	0.0	-1.0
1602	-1.0	0.0	0.0
1603	-1.0	0.0	0.0
1604	-1.0	0.0	-1.0
1605	-1.0	0.0	-1.0
1606	-1.0	0.0	-1.0
1607	-1.0	0.0	0.0
1608	-1.0	0.0	-1.0
1609	12.0	2.0	1.0
1610	-1.0	0.0	0.0
1611	-1.0	0.0	0.0
1612	-1.0	0.0	-1.0
1613	-1.0	0.0	0.0
1614	17.0	2.0	1.0
1615	8.0	2.0	1.0
1616	-1.0	0.0	0.0
1617	13.0	2.0	1.0
1618	-1.0	0.0	-1.0
1619	-1.0	0.0	-1.0
1620	17.0	2.0	1.0
1621	-1.0	0.0	-1.0
1622	0.0	2.0	1.0
1623	-1.0	0.0	0.0
1624	27.0	3.0	1.0
1625	17.0	2.0	1.0
1626	17.0	2.0	1.0
1627	-1.0	0.0	-1.0
1628	-1.0	0.0	0.0
1629	-1.0	0.0	-1.0
1630	-1.0	0.0	0.0
1631	-1.0	0.0	-1.0
1632	-1.0	0.0	0.0
1633	-1.0	0.0	-1.0
1634	-1.0	0.0	0.0
1635	-1.0	0.0	0.0
1636	-1.0	0.0	-1.0
1637	-1.0	0.0	-1.0
1638	-1.0	0.0	0.0
1639	-1.0	0.0	0.0
1640	-1.0	0.0	-1.0
1641	0.0	2.0	1.0
1642	0.0	2.0	1.0
1643	-1.0	0.0	0.0
1644	-1.0	0.0	0.0
1645	-1.0	0.0	-1.0
1646	-1.0	0.0	-1.0
1647	-1.0	0.0	-1.0
1648	-1.0	0.0	-1.0
1649	-1.0	0.0	0.0
1650	11.0	2.0	1.0
1651	-1.0	0.0	-1.0
1652	-1.0	0.0	-1.0
1653	-1.0	0.0	-1.0
1654	-1.0	0.0	-1.0
1655	-1.0	0.0	-1.0
1656	19.0	2.0	1.0
1657	-1.0	0.0	-1.0
1658	-1.0	0.0	-1.0
1659	-1.0	0.0	-1.0
1660	-1.0	0.0	-1.0
1661	0.0	2.0	1.0
1662	0.0	2.0	1.0
1663	0.0	2.0	1.0
1664	-1.0	0.0	0.0
1665	23.0	3.0	1.0
1666	-1.0	0.0	-1.0
1667	-1.0	0.0	-1.0
1668	-1.0	0.0	-1.0
1669	-1.0	0.0	0.0
1670	-1.0	0.0	0.0
1671	-1.0	0.0	-1.0
1672	-1.0	0.0	-1.0
1673	10.0	3.0	1.0
1674	0.0	2.0	1.0
1675	-1.0	0.0	-1.0
1676	0.0	2.0	1.0
1677	24.0	2.0	1.0
1678	-1.0	0.0	-1.0
1679	11.0	2.0	1.0
1680	-1.0	0.0	-1.0
1681	-1.0	0.0	0.0
1682	-1.0	0.0	0.0
1683	26.0	2.0	1.0
1684	-1.0	0.0	-1.0
1685	0.0	2.0	1.0
1686	-1.0	0.0	0.0
1687	-1.0	0.0	-1.0
1688	-1.0	0.0	-1.0
1689	-1.0	0.0	-1.0
1690	-1.0	0.0	0.0
1691	18.0	2.0	1.0
1692	-1.0	0.0	-1.0
1693	11.0	2.0	1.0
1694	-1.0	0.0	-1.0
1695	-1.0	0.0	-1.0
1696	-1.0	0.0	0.0
1697	-1.0	0.0	0.0
1698	28.0	2.0	1.0
1699	-1.0	0.0	-1.0
1700	-1.0	0.0	-1.0
1701	21.0	3.0	1.0
1702	-1.0	0.0	-1.0
1703	0.0	2.0	1.0
1704	0.0	2.0	1.0
1705	-1.0	0.0	0.0
1706	-1.0	0.0	-1.0
1707	-1.0	0.0	0.0
1708	-1.0	0.0	-1.0
1709	-1.0	0.0	-1.0
1710	26.0	3.0	1.0
1711	9.0	2.0	1.0
1712	-1.0	0.0	-1.0
1713	-1.0	0.0	-1.0
1714	20.0	2.0	1.0
1715	-1.0	0.0	0.0
1716	-1.0	0.0	-1.0
1717	-1.0	0.0	-1.0
1718	-1.0	0.0	-1.0
1719	16.0	2.0	1.0
1720	-1.0	0.0	-1.0
1721	14.0	3.0	1.0
1722	-1.0	0.0	-1.0
1723	-1.0	0.0	-1.0
1724	-1.0	0.0	-1.0
1725	-1.0	0.0	-1.0
1726	-1.0	0.0	0.0
1727	25.0	2.0	1.0
1728	-1.0	0.0	0.0
1729	-1.0	0.0	-1.0
1730	-1.0	0.0	-1.0
1731	-1.0	0.0	-1.0
1732	-1.0	0.0	0.0
1733	-1.0	0.0	-1.0
1734	-1.0	0.0	0.0
1735	-1.0	0.0	-1.0
1736	-1.0	0.0	-1.0
1737	9.0	2.0	1.0
1738	-1.0	0.0	0.0
1739	-1.0	0.0	0.0
1740	-1.0	0.0	0.0
1741	-1.0	0.0	-1.0
1742	19.0	3.0	1.0
1743	0.0	2.0	1.0
1744	-1.0	0.0	0.0
1745	-1.0	0.0	0.0
1746	-1.0	0.0	0.0
1747	-1.0	0.0	-1.0
1748	19.0	2.0	1.0
1749	-1.0	0.0	-1.0
1750	-1.0	0.0	-1.0
1751	22.0	3.0	1.0
1752	-1.0	0.0	-1.0
1753	-1.0	0.0	-1.0
1754	-1.0	0.0	-1.0
1755	-1.0	0.0	0.0
1756	-1.0	0.0	-1.0
1757	22.0	2.0	1.0
1758	-1.0	0.0	0.0
1759	-1.0	0.0	-1.0
1760	-1.0	0.0	0.0
1761	-1.0	0.0	-1.0
1762	-1.0	0.0	0.0
1763	17.0	3.0	1.0
1764	0.0	2.0	1.0
1765	26.0	3.0	1.0
1766	0.0	2.0	1.0
1767	-1.0	0.0	-1.0
1768	-1.0	0.0	0.0
1769	-1.0	0.0	-1.0
1770	-1.0	0.0	0.0
1771	-1.0	0.0	0.0
1772	-1.0	0.0	-1.0
1773	-1.0	0.0	-1.0
1774	-1.0	0.0	-1.0
1775	-1.0	0.0	-1.0
1776	-1.0	0.0	0.0
1777	-1.0	0.0	-1.0
1778	-1.0	0.0	-1.0
1779	-1.0	0.0	0.0
1780	0.0	2.0	1.0
1781	-1.0	0.0	0.0
1782	19.0	2.0	1.0
1783	22.0	2.0	1.0
1784	16.0	2.0	1.0
1785	-1.0	0.0	-1.0
1786	-1.0	0.0	-1.0
1787	-1.0	0.0	-1.0
1788	-1.0	0.0	-1.0
1789	-1.0	0.0	-1.0
1790	-1.0	0.0	-1.0
1791	0.0	2.0	1.0
1792	-1.0	0.0	0.0
1793	-1.0	0.0	0.0
1794	23.0	2.0	1.0
1795	-1.0	0.0	-1.0
1796	21.0	2.0	1.0
1797	-1.0	0.0	0.0
1798	21.0	2.0	1.0
1799	-1.0	0.0	0.0
1800	-1.0	0.0	-1.0
1801	8.0	2.0	1.0
1802	-1.0	0.0	-1.0
1803	-1.0	0.0	-1.0
1804	-1.0	0.0	0.0
1805	-1.0	0.0	-1.0
1806	23.0	2.0	1.0
1807	-1.0	0.0	0.0
1808	0.0	2.0	1.0
1809	-1.0	0.0	0.0
1810	-1.0	0.0	0.0
1811	-1.0	0.0	-1.0
1812	13.0	3.0	1.0
1813	15.0	2.0	1.0
1814	-1.0	0.0	0.0
1815	-1.0	0.0	0.0
1816	-1.0	0.0	-1.0
1817	8.0	2.0	1.0
1818	-1.0	0.0	0.0
1819	0.0	2.0	1.0
1820	-1.0	0.0	-1.0
1821	0.0	2.0	1.0
1822	-1.0	0.0	-1.0
1823	-1.0	0.0	-1.0
1824	-1.0	0.0	0.0
1825	27.0	2.0	1.0
1826	-1.0	0.0	-1.0
1827	-1.0	0.0	0.0
1828	-1.0	0.0	-1.0
1829	-1.0	0.0	-1.0
1830	-1.0	0.0	0.0
1831	-1.0	0.0	-1.0
1832	20.0	2.0	1.0
1833	-1.0	0.0	-1.0
1834	16.0	2.0	1.0
1835	-1.0	0.0	0.0
1836	-1.0	0.0	0.0
1837	-1.0	0.0	-1.0
1838	-1.0	0.0	-1.0
1839	-1.0	0.0	-1.0
1840	-1.0	0.0	-1.0
1841	-1.0	0.0	-1.0
1842	-1.0	0.0	-1.0
1843	-1.0	0.0	-1.0
1844	-1.0	0.0	0.0
1845	-1.0	0.0	-1.0
1846	-1.0	0.0	0.0
1847	0.0	2.0	1.0
1848	-1.0	0.0	0.0
1849	-1.0	0.0	-1.0
1850	-1.0	0.0	-1.0
1851	16.0	2.0	1.0
1852	-1.0	0.0	-1.0
1853	-1.0	0.0	0.0
1854	-1.0	0.0	-1.0
1855	22.0	3.0	1.0
1856	20.0	2.0	1.0
1857	-1.0	0.0	0.0
1858	-1.0	0.0	0.0
1859	26.0	2.0	1.0
1860	0.0	2.0	1.0
1861	-1.0	0.0	-1.0
1862	-1.0	0.0	-1.0
1863	-1.0	0.0	-1.0
1864	-1.0	0.0	-1.0
1865	-1.0	0.0	-1.0
1866	0.0	2.0	1.0
1867	0.0	2.0	1.0
1868	-1.0	0.0	-1.0
1869	-1.0	0.0	-1.0
1870	-1.0	0.0	0.0
1871	0.0	2.0	1.0
1872	-1.0	0.0	0.0
1873	-1.0	0.0	0.0
1874	-1.0	0.0	-1.0
1875	-1.0	0.0	-1.0
1876	24.0	2.0	1.0
1877	-1.0	0.0	0.0
1878	0.0	2.0	1.0
1879	-1.0	0.0	-1.0
1880	-1.0	0.0	-1.0
1881	-1.0	0.0	-1.0
1882	0.0	2.0	1.0
1883	12.0	2.0	1.0
1884	-1.0	0.0	-1.0
1885	-1.0	0.0	-1.0
1886	0.0	2.0	1.0
1887	-1.0	0.0	-1.0
1888	-1.0	0.0	-1.0
1889	-1.0	0.0	-1.0
1890	0.0	2.0	1.0
1891	-1.0	0.0	-1.0
1892	-1.0	0.0	0.0
1893	-1.0	0.0	-1.0
1894	10.0	2.0	1.0
1895	12.0	2.0	1.0
1896	-1.0	0.0	-1.0
1897	-1.0	0.0	0.0
1898	-1.0	0.0	-1.0
1899	9.0	2.0	1.0
1900	-1.0	0.0	0.0
1901	-1.0	0.0	-1.0
1902	-1.0	0.0	-1.0
1903	-1.0	0.0	-1.0
1904	10.0	2.0	1.0
1905	0.0	2.0	1.0
1906	-1.0	0.0	-1.0
1907	12.0	2.0	1.0
1908	21.0	2.0	1.0
1909	-1.0	0.0	-1.0
1910	0.0	2.0	1.0
1911	-1.0	0.0	0.0
1912	-1.0	0.0	-1.0
1913	-1.0	0.0	0.0
1914	-1.0	0.0	-1.0
1915	-1.0	0.0	0.0
1916	0.0	2.0	1.0
1917	-1.0	0.0	0.0
1918	-1.0	0.0	-1.0
1919	-1.0	0.0	-1.0
1920	0.0	2.0	1.0
1921	-1.0	0.0	0.0
1922	0.0	2.0	1.0
1923	-1.0	0.0	0.0
1924	-1.0	0.0	-1.0
1925	9.0	2.0	1.0
1926	-1.0	0.0	0.0
1927	-1.0	0.0	0.0
1928	20.0	2.0	1.0
1929	-1.0	0.0	-1.0
1930	16.0	2.0	1.0
1931	-1.0	0.0	0.0
1932	-1.0	0.0	0.0
1933	-1.0	0.0	0.0
1934	-1.0	0.0	-1.0
1935	0.0	2.0	1.0
1936	-1.0	0.0	-1.0
1937	-1.0	0.0	-1.0
1938	-1.0	0.0	0.0
1939	-1.0	0.0	0.0
1940	-1.0	0.0	-1.0
1941	-1.0	0.0	-1.0
1942	-1.0	0.0	-1.0
1943	-1.0	0.0	-1.0
1944	-1.0	0.0	-1.0
1945	-1.0	0.0	-1.0
1946	-1.0	0.0	-1.0
1947	-1.0	0.0	-1.0
1948	-1.0	0.0	-1.0
1949	-1.0	0.0	0.0
1950	-1.0	0.0	-1.0
1951	-1.0	0.0	-1.0
1952	-1.0	0.0	-1.0
1953	0.0	2.0	1.0
1954	-1.0	0.0	0.0
1955	-1.0	0.0	-1.0
1956	0.0	2.0	1.0
1957	-1.0	0.0	0.0
1958	-1.0	0.0	0.0
1959	-1.0	0.0	-1.0
1960	-1.0	0.0	0.0
1961	20.0	2.0	1.0
1962	27.0	3.0	1.0
1963	10.0	2.0	1.0
1964	-1.0	0.0	0.0
1965	28.0	2.0	1.0
1966	0.0	2.0	1.0
1967	-1.0	0.0	0.0
1968	0.0	2.0	1.0
1969	-1.0	0.0	-1.0
1970	-1.0	0.0	0.0
1971	-1.0	0.0	-1.0
1972	8.0	2.0	1.0
1973	-1.0	0.0	-1.0
1974	-1.0	0.0	-1.0
1975	0.0	2.0	1.0
1976	-1.0	0.0	-1.0
1977	17.0	2.0	1.0
1978	-1.0	0.0	0.0
1979	-1.0	0.0	-1.0
1980	-1.0	0.0	-1.0
1981	13.0	3.0	1.0
1982	0.0	2.0	1.0
1983	-1.0	0.0	-1.0
1984	-1.0	0.0	-1.0
1985	-1.0	0.0	0.0
1986	-1.0	0.0	-1.0
1987	-1.0	0.0	0.0
1988	-1.0	0.0	-1.0
1989	-1.0	0.0	-1.0
1990	-1.0	0.0	-1.0
1991	-1.0	0.0	-1.0
1992	-1.0	0.0	-1.0
1993	-1.0	0.0	-1.0
1994	-1.0	0.0	0.0
1995	-1.0	0.0	-1.0
1996	-1.0	0.0	0.0
1997	17.0	2.0	1.0
1998	-1.0	0.0	-1.0
1999	-1.0	0.0	-1.0
2000	-1.0	0.0	-1.0
2001	-1.0	0.0	0.0
2002	16.0	2.0	1.0
2003	-1.0	0.0	0.0
2004	-1.0	0.0	-1.0
2005	8.0	2.0	1.0
2006	18.0	2.0	1.0
2007	-1.0	0.0	-1.0
2008	24.0	2.0	1.0
2009	-1.0	0.0	0.0
2010	-1.0	0.0	0.0
2011	-1.0	0.0	-1.0
2012	-1.0	0.0	-1.0
2013	-1.0	0.0	0.0
2014	-1.0	0.0	-1.0
2015	0.0	2.0	1.0
2016	11.0	2.0	1.0
2017	-1.0	0.0	-1.0
2018	9.0	3.0	1.0
2019	-1.0	0.0	0.0
2020	-1.0	0.0	0.0
2021	-1.0	0.0	-1.0
2022	17.0	2.0	1.0
2023	-1.0	0.0	0.0
2024	-1.0	0.0	-1.0
2025	-1.0	0.0	-1.0
2026	0.0	2.0	1.0
2027	-1.0	0.0	-1.0
2028	-1.0	0.0	-1.0
2029	13.0	2.0	1.0
2030	-1.0	0.0	0.0
2031	-1.0	0.0	-1.0
2032	-1.0	0.0	0.0
2033	-1.0	0.0	-1.0
2034	-1.0	0.0	-1.0
2035	-1.0	0.0	-1.0
2036	-1.0	0.0	-1.0
2037	-1.0	0.0	0.0
2038	-1.0	0.0	-1.0
2039	-1.0	0.0	0.0
2040	10.0	2.0	1.0
2041	-1.0	0.0	0.0
2042	-1.0	0.0	-1.0
2043	0.0	2.0	1.0
2044	-1.0	0.0	0.0
2045	-1.0	0.0	-1.0
2046	-1.0	0.0	-1.0
2047	0.0	2.0	1.0
2048	-1.0	0.0	0.0
2049	-1.0	0.0	0.0
2050	-1.0	0.0	0.0
2051	-1.0	0.0	0.0
2052	-1.0	0.0	-1.0
2053	8.0	2.0	1.0
2054	-1.0	0.0	0.0
2055	-1.0	0.0	-1.0
2056	-1.0	0.0	0.0
2057	-1.0	0.0	-1.0
2058	-1.0	0.0	0.0
2059	-1.0	0.0	-1.0
2060	-1.0	0.0	-1.0
2061	-1.0	0.0	-1.0
2062	-1.0	0.0	0.0
2063	-1.0	0.0	0.0
2064	0.0	2.0	1.0
2065	-1.0	0.0	-1.0
2066	0.0	2.0	1.0
2067	-1.0	0.0	-1.0
2068	-1.0	0.0	0.0
2069	18.0	3.0	1.0
2070	-1.0	0.0	0.0
2071	-1.0	0.0	-1.0
2072	-1.0	0.0	-1.0
2073	-1.0	0.0	-1.0
2074	25.0	3.0	1.0
2075	-1.0	0.0	0.0
2076	-1.0	0.0	0.0
2077	-1.0	0.0	-1.0
2078	-1.0	0.0	-1.0
2079	25.0	2.0	1.0
2080	-1.0	0.0	-1.0
2081	-1.0	0.0	-1.0
2082	-1.0	0.0	0.0
2083	26.0	3.0	1.0
2084	13.0	2.0	1.0
2085	0.0	2.0	1.0
2086	16.0	2.0	1.0
2087	-1.0	0.0	0.0
2088	-1.0	0.0	0.0
2089	0.0	2.0	1.0
2090	-1.0	0.0	0.0
2091	-1.0	0.0	0.0
2092	-1.0	0.0	-1.0
2093	-1.0	0.0	0.0
2094	19.0	2.0	1.0
2095	-1.0	0.0	-1.0
2096	-1.0	0.0	-1.0
2097	0.0	2.0	1.0
2098	0.0	2.0	1.0
2099	-1.0	0.0	0.0
2100	-1.0	0.0	-1.0
2101	-1.0	0.0	-1.0
2102	-1.0	0.0	-1.0
2103	-1.0	0.0	-1.0
2104	-1.0	0.0	0.0
2105	-1.0	0.0	-1.0
2106	0.0	2.0	1.0
2107	-1.0	0.0	-1.0
2108	-1.0	0.0	-1.0
2109	-1.0	0.0	0.0
2110	-1.0	0.0	-1.0
2111	0.0	2.0	1.0
2112	-1.0	0.0	0.0
2113	-1.0	0.0	0.0
2114	-1.0	0.0	0.0
2115	14.0	2.0	1.0
2116	-1.0	0.0	0.0
2117	-1.0	0.0	-1.0
2118	21.0	2.0	1.0
2119	-1.0	0.0	0.0
2120	-1.0	0.0	0.0
2121	-1.0	0.0	-1.0
2122	-1.0	0.0	0.0
2123	-1.0	0.0	-1.0
2124	-1.0	0.0	-1.0
2125	-1.0	0.0	-1.0
2126	-1.0	0.0	-1.0
2127	0.0	2.0	1.0
2128	15.0	3.0	1.0
2129	-1.0	0.0	-1.0
2130	-1.0	0.0	0.0
2131	-1.0	0.0	0.0
2132	-1.0	0.0	-1.0
2133	-1.0	0.0	0.0
2134	-1.0	0.0	-1.0
2135	-1.0	0.0	-1.0
2136	-1.0	0.0	0.0
2137	-1.0	0.0	-1.0
2138	12.0	2.0	1.0
2139	-1.0	0.0	-1.0
2140	-1.0	0.0	-1.0
2141	-1.0	0.0	0.0
2142	-1.0	0.0	-1.0
2143	-1.0	0.0	-1.0
2144	-1.0	0.0	-1.0
2145	-1.0	0.0	0.0
2146	-1.0	0.0	-1.0
2147	-1.0	0.0	-1.0
2148	-1.0	0.0	0.0
2149	19.0	2.0	1.0
2150	-1.0	0.0	0.0
2151	0.0	2.0	1.0
2152	-1.0	0.0	-1.0
2153	17.0	2.0	1.0
2154	-1.0	0.0	0.0
2155	-1.0	0.0	-1.0
2156	-1.0	0.0	0.0
2157	-1.0	0.0	0.0
2158	16.0	3.0	1.0
2159	-1.0	0.0	0.0
2160	-1.0	0.0	0.0
2161	-1.0	0.0	-1.0
2162	-1.0	0.0	-1.0
2163	-1.0	0.0	0.0
2164	15.0	2.0	1.0
2165	0.0	2.0	1.0
2166	-1.0	0.0	0.0
2167	16.0	2.0	1.0
2168	0.0	2.0	1.0
2169	-1.0	0.0	-1.0
2170	-1.0	0.0	-1.0
2171	9.0	2.0	1.0
2172	-1.0	0.0	-1.0
2173	12.0	2.0	1.0
2174	17.0	2.0	1.0
2175	-1.0	0.0	-1.0
2176	-1.0	0.0	-1.0
2177	0.0	2.0	1.0
2178	-1.0	0.0	-1.0
2179	-1.0	0.0	-1.0
2180	-1.0	0.0	0.0
2181	-1.0	0.0	0.0
2182	-1.0	0.0	0.0
2183	-1.0	0.0	-1.0
2184	-1.0	0.0	0.0
2185	-1.0	0.0	-1.0
2186	-1.0	0.0	-1.0
2187	-1.0	0.0	-1.0
2188	-1.0	0.0	0.0
2189	-1.0	0.0	0.0
2190	21.0	2.0	1.0
2191	-1.0	0.0	0.0
2192	-1.0	0.0	0.0
2193	21.0	2.0	1.0
2194	0.0	2.0	1.0
2195	-1.0	0.0	-1.0
2196	-1.0	0.0	0.0
2197	19.0	3.0	1.0
2198	-1.0	0.0	-1.0
2199	-1.0	0.0	0.0
2200	20.0	2.0	1.0
2201	-1.0	0.0	-1.0
2202	14.0	2.0	1.0
2203	-1.0	0.0	0.0
2204	-1.0	0.0	-1.0
2205	-1.0	0.0	0.0
2206	-1.0	0.0	-1.0
2207	-1.0	0.0	-1.0
2208	0.0	2.0	1.0
2209	14.0	2.0	1.0
2210	-1.0	0.0	0.0
2211	-1.0	0.0	-1.0
2212	-1.0	0.0	0.0
2213	-1.0	0.0	-1.0
2214	-1.0	0.0	-1.0
2215	-1.0	0.0	-1.0
2216	-1.0	0.0	0.0
2217	-1.0	0.0	-1.0
2218	-1.0	0.0	0.0
2219	10.0	2.0	1.0
2220	11.0	2.0	1.0
2221	-1.0	0.0	-1.0
2222	-1.0	0.0	-1.0
2223	-1.0	0.0	0.0
2224	15.0	2.0	1.0
2225	0.0	2.0	1.0
2226	-1.0	0.0	-1.0
2227	-1.0	0.0	0.0
2228	-1.0	0.0	-1.0
2229	-1.0	0.0	-1.0
2230	-1.0	0.0	0.0
2231	14.0	2.0	1.0
2232	-1.0	0.0	-1.0
2233	-1.0	0.0	-1.0
2234	-1.0	0.0	-1.0
2235	-1.0	0.0	-1.0
2236	-1.0	0.0	-1.0
2237	0.0	2.0	1.0
2238	-1.0	0.0	-1.0
2239	-1.0	0.0	-1.0
2240	-1.0	0.0	-1.0
2241	-1.0	0.0	-1.0
2242	-1.0	0.0	0.0
2243	-1.0	0.0	0.0
2244	-1.0	0.0	0.0
2245	-1.0	0.0	-1.0
2246	-1.0	0.0	0.0
2247	-1.0	0.0	0.0
2248	0.0	2.0	1.0
2249	20.0	2.0	1.0
2250	-1.0	0.0	-1.0
2251	-1.0	0.0	-1.0
2252	-1.0	0.0	-1.0
2253	-1.0	0.0	-1.0
2254	-1.0	0.0	-1.0
2255	-1.0	0.0	-1.0
2256	-1.0	0.0	-1.0
2257	0.0	2.0	1.0
2258	-1.0	0.0	-1.0
2259	0.0	2.0	1.0
2260	-1.0	0.0	0.0
2261	-1.0	0.0	-1.0
2262	-1.0	0.0	0.0
2263	-1.0	0.0	-1.0
2264	-1.0	0.0	0.0
2265	16.0	2.0	1.0
2266	-1.0	0.0	-1.0
2267	-1.0	0.0	-1.0
2268	-1.0	0.0	0.0
2269	-1.0	0.0	-1.0
2270	-1.0	0.0	-1.0
2271	-1.0	0.0	-1.0
2272	-1.0	0.0	-1.0
2273	-1.0	0.0	-1.0
2274	-1.0	0.0	0.0
2275	11.0	2.0	1.0
2276	0.0	2.0	1.0
2277	-1.0	0.0	0.0
2278	-1.0	0.0	-1.0
2279	-1.0	0.0	-1.0
2280	10.0	2.0	1.0
2281	-1.0	0.0	-1.0
2282	-1.0	0.0	0.0
2283	-1.0	0.0	-1.0
2284	-1.0	0.0	0.0
2285	21.0	3.0	1.0
2286	-1.0	0.0	-1.0
2287	12.0	2.0	1.0
2288	-1.0	0.0	-1.0
2289	-1.0	0.0	0.0
2290	-1.0	0.0	-1.0
2291	-1.0	0.0	0.0
2292	-1.0	0.0	0.0
2293	-1.0	0.0	0.0
2294	-1.0	0.0	-1.0
2295	0.0	2.0	1.0
2296	-1.0	0.0	-1.0
2297	-1.0	0.0	0.0
2298	-1.0	0.0	-1.0
2299	0.0	2.0	1.0
2300	-1.0	0.0	-1.0
2301	0.0	2.0	1.0
2302	-1.0	0.0	-1.0
2303	-1.0	0.0	-1.0
2304	0.0	2.0	1.0
2305	-1.0	0.0	-1.0
2306	23.0	2.0	1.0
2307	16.0	2.0	1.0
2308	16.0	3.0	1.0
2309	-1.0	0.0	0.0
2310	-1.0	0.0	-1.0
2311	-1.0	0.0	0.0
2312	-1.0	0.0	0.0
2313	-1.0	0.0	0.0
2314	-1.0	0.0	0.0
2315	-1.0	0.0	-1.0
2316	-1.0	0.0	-1.0
2317	0.0	2.0	1.0
2318	-1.0	0.0	0.0
2319	-1.0	0.0	0.0
2320	0.0	2.0	1.0
2321	-1.0	0.0	0.0
2322	14.0	3.0	1.0
2323	-1.0	0.0	0.0
2324	-1.0	0.0	-1.0
2325	24.0	2.0	1.0
2326	9.0	2.0	1.0
2327	-1.0	0.0	-1.0
2328	-1.0	0.0	-1.0
2329	0.0	2.0	1.0
2330	23.0	2.0	1.0
2331	9.0	2.0	1.0
2332	-1.0	0.0	-1.0
2333	-1.0	0.0	-1.0
2334	-1.0	0.0	-1.0
2335	8.0	2.0	1.0
2336	-1.0	0.0	-1.0
2337	-1.0	0.0	0.0
2338	11.0	2.0	1.0
2339	-1.0	0.0	-1.0
2340	16.0	2.0	1.0
2341	-1.0	0.0	-1.0
2342	-1.0	0.0	0.0
2343	-1.0	0.0	0.0
2344	-1.0	0.0	-1.0
2345	-1.0	0.0	0.0
2346	-1.0	0.0	0.0
2347	-1.0	0.0	-1.0
2348	-1.0	0.0	-1.0
2349	-1.0	0.0	0.0
2350	-1.0	0.0	0.0
2351	-1.0	0.0	-1.0
2352	-1.0	0.0	-1.0
2353	-1.0	0.0	-1.0
2354	9.0	2.0	1.0
2355	-1.0	0.0	-1.0
2356	-1.0	0.0	0.0
2357	-1.0	0.0	-1.0
2358	-1.0	0.0	0.0
2359	-1.0	0.0	-1.0
2360	-1.0	0.0	0.0
2361	0.0	2.0	1.0
2362	-1.0	0.0	-1.0
2363	-1.0	0.0	-1.0
2364	-1.0	0.0	0.0
2365	-1.0	0.0	0.0
2366	-1.0	0.0	-1.0
2367	16.0	2.0	1.0
2368	10.0	2.0	1.0
2369	-1.0	0.0	-1.0
2370	-1.0	0.0	-1.0
2371	11.0	2.0	1.0
2372	0.0	2.0	1.0
2373	0.0	2.0	1.0
2374	-1.0	0.0	-1.0
2375	-1.0	0.0	-1.0
2376	23.0	2.0	1.0
2377	-1.0	0.0	-1.0
2378	10.0	2.0	1.0
2379	-1.0	0.0	-1.0
2380	0.0	2.0	1.0
2381	0.0	2.0	1.0
2382	-1.0	0.0	-1.0
2383	-1.0	0.0	-1.0
2384	-1.0	0.0	-1.0
2385	-1.0	0.0	-1.0
2386	-1.0	0.0	0.0
2387	-1.0	0.0	-1.0
2388	-1.0	0.0	-1.0
2389	-1.0	0.0	-1.0
2390	25.0	2.0	1.0
2391	-1.0	0.0	-1.0
2392	25.0	3.0	1.0
2393	27.0	2.0	1.0
2394	0.0	2.0	1.0
2395	20.0	2.0	1.0
2396	-1.0	0.0	0.0
2397	-1.0	0.0	0.0
2398	-1.0	0.0	0.0
2399	-1.0	0.0	-1.0
2400	20.0	2.0	1.0
2401	-1.0	0.0	0.0
2402	14.0	2.0	1.0
2403	0.0	2.0	1.0
2404	-1.0	0.0	-1.0
2405	0.0	2.0	1.0
2406	-1.0	0.0	-1.0
2407	-1.0	0.0	0.0
2408	-1.0	0.0	0.0
2409	-1.0	0.0	-1.0
2410	-1.0	0.0	0.0
2411	-1.0	0.0	-1.0
2412	-1.0	0.0	-1.0
2413	-1.0	0.0	-1.0
2414	-1.0	0.0	0.0
2415	-1.0	0.0	-1.0
2416	0.0	2.0	1.0
2417	-1.0	0.0	-1.0
2418	-1.0	0.0	0.0
2419	-1.0	0.0	-1.0
2420	-1.0	0.0	0.0
2421	0.0	2.0	1.0
2422	-1.0	0.0	-1.0
2423	15.0	2.0	1.0
2424	-1.0	0.0	-1.0
2425	9.0	2.0	1.0
2426	-1.0	0.0	0.0
2427	-1.0	0.0	0.0
2428	-1.0	0.0	0.0
2429	13.0	2.0	1.0
2430	-1.0	0.0	0.0
2431	-1.0	0.0	-1.0
2432	-1.0	0.0	0.0
2433	0.0	2.0	1.0
2434	-1.0	0.0	-1.0
2435	12.0	2.0	1.0
2436	26.0	2.0	1.0
2437	-1.0	0.0	-1.0
2438	-1.0	0.0	-1.0
2439	0.0	2.0	1.0
2440	-1.0	0.0	0.0
2441	-1.0	0.0	0.0
2442	-1.0	0.0	-1.0
2443	-1.0	0.0	-1.0
2444	-1.0	0.0	0.0
2445	-1.0	0.0	-1.0
2446	-1.0	0.0	0.0
2447	-1.0	0.0	0.0
2448	-1.0	0.0	-1.0
2449	-1.0	0.0	0.0
2450	-1.0	0.0	0.0
2451	27.0	2.0	1.0
2452	-1.0	0.0	-1.0
2453	-1.0	0.0	0.0
2454	-1.0	0.0	-1.0
2455	-1.0	0.0	-1.0
2456	-1.0	0.0	0.0
2457	-1.0	0.0	0.0
2458	-1.0	0.0	0.0
2459	-1.0	0.0	-1.0
2460	-1.0	0.0	-1.0
2461	-1.0	0.0	0.0
2462	-1.0	0.0	0.0
2463	14.0	2.0	1.0
2464	-1.0	0.0	0.0
2465	-1.0	0.0	-1.0
2466	-1.0	0.0	0.0
2467	-1.0	0.0	-1.0
2468	21.0	2.0	1.0
2469	-1.0	0.0	-1.0
2470	-1.0	0.0	-1.0
2471	-1.0	0.0	0.0
2472	-1.0	0.0	-1.0
2473	-1.0	0.0	-1.0
2474	-1.0	0.0	-1.0
2475	-1.0	0.0	-1.0
2476	23.0	2.0	1.0
2477	-1.0	0.0	-1.0
2478	-1.0	0.0	-1.0
2479	-1.0	0.0	-1.0
2480	-1.0	0.0	0.0
2481	-1.0	0.0	0.0
2482	28.0	2.0	1.0
2483	0.0	2.0	1.0
2484	0.0	2.0	1.0
2485	-1.0	0.0	0.0
2486	0.0	2.0	1.0
2487	-1.0	0.0	0.0
2488	-1.0	0.0	0.0
2489	-1.0	0.0	0.0
2490	-1.0	0.0	0.0
2491	-1.0	0.0	-1.0
2492	-1.0	0.0	0.0
2493	-1.0	0.0	-1.0
2494	-1.0	0.0	0.0
2495	-1.0	0.0	-1.0
2496	-1.0	0.0	0.0
2497	-1.0	0.0	-1.0
2498	-1.0	0.0	-1.0
2499	-1.0	0.0	-1.0
2500	8.0	2.0	1.0
2501	-1.0	0.0	-1.0
2502	-1.0	0.0	-1.0
2503	-1.0	0.0	-1.0
2504	-1.0	0.0	0.0
2505	-1.0	0.0	-1.0
2506	0.0	2.0	1.0
2507	-1.0	0.0	0.0
2508	-1.0	0.0	0.0
2509	-1.0	0.0	-1.0
2510	-1.0	0.0	-1.0
2511	9.0	3.0	1.0
2512	25.0	2.0	1.0
2513	-1.0	0.0	-1.0
2514	16.0	2.0	1.0
2515	-1.0	0.0	-1.0
2516	-1.0	0.0	-1.0
2517	0.0	2.0	1.0
2518	-1.0	0.0	-1.0
2519	-1.0	0.0	-1.0
2520	-1.0	0.0	0.0
2521	-1.0	0.0	0.0
2522	-1.0	0.0	0.0
2523	0.0	2.0	1.0
2524	-1.0	0.0	-1.0
2525	-1.0	0.0	-1.0
2526	15.0	2.0	1.0
2527	-1.0	0.0	-1.0
2528	-1.0	0.0	-1.0
2529	-1.0	0.0	-1.0
2530	-1.0	0.0	0.0
2531	-1.0	0.0	-1.0
2532	28.0	2.0	1.0
2533	-1.0	0.0	-1.0
2534	-1.0	0.0	-1.0
2535	-1.0	0.0	0.0
2536	-1.0	0.0	-1.0
2537	-1.0	0.0	0.0
2538	-1.0	0.0	-1.0
2539	-1.0	0.0	-1.0
2540	-1.0	0.0	0.0
2541	-1.0	0.0	-1.0
2542	-1.0	0.0	0.0
2543	-1.0	0.0	-1.0
2544	-1.0	0.0	-1.0
2545	-1.0	0.0	-1.0
2546	-1.0	0.0	0.0
2547	-1.0	0.0	0.0
2548	-1.0	0.0	0.0
2549	-1.0	0.0	-1.0
2550	-1.0	0.0	-1.0
2551	-1.0	0.0	-1.0
2552	-1.0	0.0	-1.0
2553	-1.0	0.0	0.0
2554	-1.0	0.0	-1.0
2555	-1.0	0.0	0.0
2556	21.0	2.0	1.0
2557	-1.0	0.0	-1.0
2558	-1.0	0.0	-1.0
2559	-1.0	0.0	-1.0
2560	-1.0	0.0	0.0
2561	11.0	2.0	1.0
2562	0.0	2.0	1.0
2563	-1.0	0.0	0.0
2564	-1.0	0.0	-1.0
2565	-1.0	0.0	0.0
2566	-1.0	0.0	0.0
2567	-1.0	0.0	-1.0
2568	-1.0	0.0	0.0
2569	-1.0	0.0	0.0
2570	-1.0	0.0	0.0
2571	-1.0	0.0	-1.0
2572	-1.0	0.0	-1.0
2573	-1.0	0.0	-1.0
2574	15.0	2.0	1.0
2575	-1.0	0.0	-1.0
2576	-1.0	0.0	-1.0
2577	-1.0	0.0	-1.0
2578	-1.0	0.0	-1.0
2579	-1.0	0.0	0.0
2580	-1.0	0.0	0.0
2581	-1.0	0.0	-1.0
2582	-1.0	0.0	-1.0
2583	-1.0	0.0	0.0
2584	-1.0	0.0	-1.0
2585	-1.0	0.0	-1.0
2586	0.0	2.0	1.0
2587	27.0	2.0	1.0
2588	-1.0	0.0	0.0
2589	-1.0	0.0	0.0
2590	-1.0	0.0	-1.0
2591	-1.0	0.0	0.0
2592	-1.0	0.0	0.0
2593	-1.0	0.0	-1.0
2594	-1.0	0.0	0.0
2595	-1.0	0.0	0.0
2596	-1.0	0.0	-1.0
2597	-1.0	0.0	0.0
2598	-1.0	0.0	0.0
2599	-1.0	0.0	0.0
2600	-1.0	0.0	0.0
2601	10.0	2.0	1.0
2602	-1.0	0.0	0.0
2603	-1.0	0.0	-1.0
2604	-1.0	0.0	-1.0
2605	-1.0	0.0	-1.0
2606	0.0	2.0	1.0
2607	-1.0	0.0	-1.0
2608	-1.0	0.0	-1.0
2609	-1.0	0.0	-1.0
2610	20.0	2.0	1.0
2611	-1.0	0.0	0.0
2612	20.0	2.0	1.0
2613	-1.0	0.0	-1.0
2614	-1.0	0.0	0.0
2615	17.0	2.0	1.0
2616	-1.0	0.0	-1.0
2617	-1.0	0.0	0.0
2618	-1.0	0.0	-1.0
2619	19.0	3.0	1.0
2620	-1.0	0.0	0.0
2621	-1.0	0.0	0.0
2622	-1.0	0.0	-1.0
2623	-1.0	0.0	-1.0
2624	0.0	2.0	1.0
2625	0.0	2.0	1.0
2626	-1.0	0.0	-1.0
2627	-1.0	0.0	0.0
2628	11.0	2.0	1.0
2629	-1.0	0.0	-1.0
2630	-1.0	0.0	-1.0
2631	-1.0	0.0	0.0
2632	-1.0	0.0	0.0
2633	-1.0	0.0	-1.0
2634	-1.0	0.0	0.0
2635	-1.0	0.0	-1.0
2636	-1.0	0.0	-1.0
2637	-1.0	0.0	0.0
2638	-1.0	0.0	-1.0
2639	-1.0	0.0	0.0
2640	-1.0	0.0	-1.0
2641	-1.0	0.0	-1.0
2642	-1.0	0.0	-1.0
2643	-1.0	0.0	0.0
2644	-1.0	0.0	0.0
2645	-1.0	0.0	-1.0
2646	-1.0	0.0	-1.0
2647	15.0	2.0	1.0
2648	-1.0	0.0	-1.0
2649	-1.0	0.0	0.0
2650	0.0	2.0	1.0
2651	0.0	2.0	1.0
2652	-1.0	0.0	0.0
2653	-1.0	0.0	-1.0
2654	-1.0	0.0	-1.0
2655	0.0	2.0	1.0
2656	-1.0	0.0	0.0
2657	-1.0	0.0	-1.0
2658	-1.0	0.0	-1.0
2659	0.0	2.0	1.0
2660	-1.0	0.0	-1.0
2661	19.0	2.0	1.0
2662	-1.0	0.0	-1.0
2663	0.0	2.0	1.0
2664	-1.0	0.0	0.0
2665	-1.0	0.0	-1.0
2666	-1.0	0.0	-1.0
2667	-1.0	0.0	0.0
2668	-1.0	0.0	0.0
2669	-1.0	0.0	-1.0
2670	-1.0	0.0	-1.0
2671	-1.0	0.0	-1.0
2672	-1.0	0.0	0.0
2673	-1.0	0.0	-1.0
2674	-1.0	0.0	0.0
2675	-1.0	0.0	0.0
2676	11.0	2.0	1.0
2677	-1.0	0.0	-1.0
2678	-1.0	0.0	0.0
2679	-1.0	0.0	-1.0
2680	-1.0	0.0	0.0
2681	-1.0	0.0	-1.0
2682	-1.0	0.0	0.0
2683	-1.0	0.0	-1.0
2684	-1.0	0.0	0.0
2685	-1.0	0.0	0.0
2686	-1.0	0.0	0.0
2687	-1.0	0.0	-1.0
2688	-1.0	0.0	-1.0
2689	-1.0	0.0	0.0
2690	-1.0	0.0	-1.0
2691	-1.0	0.0	-1.0
2692	-1.0	0.0	0.0
2693	-1.0	0.0	-1.0
2694	27.0	2.0	1.0
2695	-1.0	0.0	-1.0
2696	-1.0	0.0	0.0
2697	-1.0	0.0	0.0
2698	0.0	2.0	1.0
2699	-1.0	0.0	-1.0
2700	-1.0	0.0	0.0
2701	-1.0	0.0	-1.0
2702	-1.0	0.0	-1.0
2703	-1.0	0.0	0.0
2704	-1.0	0.0	0.0
2705	-1.0	0.0	-1.0
2706	-1.0	0.0	0.0
2707	-1.0	0.0	0.0
2708	-1.0	0.0	-1.0
2709	-1.0	0.0	0.0
2710	-1.0	0.0	-1.0
2711	0.0	2.0	1.0
2712	-1.0	0.0	-1.0
2713	-1.0	0.0	-1.0
2714	0.0	2.0	1.0
2715	-1.0	0.0	0.0
2716	-1.0	0.0	-1.0
2717	-1.0	0.0	-1.0
2718	-1.0	0.0	-1.0
2719	-1.0	0.0	0.0
2720	-1.0	0.0	-1.0
2721	-1.0	0.0	-1.0
2722	-1.0	0.0	-1.0
2723	-1.0	0.0	-1.0
2724	-1.0	0.0	-1.0
2725	-1.0	0.0	-1.0
2726	-1.0	0.0	0.0
2727	-1.0	0.0	0.0
2728	-1.0	0.0	-1.0
2729	-1.0	0.0	0.0
2730	-1.0	0.0	0.0
2731	-1.0	0.0	-1.0
2732	-1.0	0.0	0.0
2733	-1.0	0.0	0.0
2734	0.0	2.0	1.0
2735	-1.0	0.0	0.0
2736	-1.0	0.0	-1.0
2737	0.0	2.0	1.0
2738	0.0	2.0	1.0
2739	-1.0	0.0	-1.0
2740	-1.0	0.0	-1.0
2741	-1.0	0.0	-1.0
2742	-1.0	0.0	0.0
2743	-1.0	0.0	0.0
2744	-1.0	0.0	-1.0
2745	-1.0	0.0	-1.0
2746	-1.0	0.0	0.0
2747	10.0	2.0	1.0
2748	-1.0	0.0	-1.0
2749	-1.0	0.0	0.0
2750	11.0	2.0	1.0
2751	-1.0	0.0	-1.0
2752	-1.0	0.0	0.0
2753	-1.0	0.0	-1.0
2754	14.0	2.0	1.0
2755	-1.0	0.0	-1.0
2756	-1.0	0.0	-1.0
2757	17.0	2.0	1.0
2758	-1.0	0.0	-1.0
2759	-1.0	0.0	0.0
2760	18.0	3.0	1.0
2761	-1.0	0.0	-1.0
2762	-1.0	0.0	0.0
2763	-1.0	0.0	-1.0
2764	-1.0	0.0	-1.0
2765	-1.0	0.0	-1.0
2766	-1.0	0.0	-1.0
2767	-1.0	0.0	-1.0
2768	-1.0	0.0	-1.0
2769	-1.0	0.0	-1.0
2770	-1.0	0.0	0.0
2771	-1.0	0.0	-1.0
2772	-1.0	0.0	0.0
2773	-1.0	0.0	-1.0
2774	-1.0	0.0	-1.0
2775	14.0	2.0	1.0
2776	0.0	2.0	1.0
2777	-1.0	0.0	-1.0
2778	-1.0	0.0	-1.0
2779	-1.0	0.0	0.0
2780	-1.0	0.0	-1.0
2781	0.0	2.0	1.0
2782	-1.0	0.0	-1.0
2783	-1.0	0.0	-1.0
2784	-1.0	0.0	-1.0
2785	-1.0	0.0	0.0
2786	-1.0	0.0	0.0
2787	-1.0	0.0	-1.0
2788	-1.0	0.0	-1.0
2789	12.0	2.0	1.0
2790	-1.0	0.0	-1.0
2791	-1.0	0.0	-1.0
2792	-1.0	0.0	0.0
2793	-1.0	0.0	-1.0
2794	-1.0	0.0	0.0
2795	-1.0	0.0	-1.0
2796	-1.0	0.0	-1.0
2797	-1.0	0.0	-1.0
2798	-1.0	0.0	0.0
2799	-1.0	0.0	-1.0
2800	0.0	0.0	0.0
