index	outport	cost	SuccessFlag
0	15.0	2.0	1.0
1	22.0	2.0	1.0
2	0.0	2.0	1.0
3	0.0	2.0	1.0
4	24.0	3.0	1.0
5	22.0	2.0	1.0
6	0.0	2.0	1.0
7	8.0	3.0	1.0
8	22.0	2.0	1.0
9	19.0	3.0	1.0
10	0.0	2.0	1.0
11	27.0	3.0	1.0
12	0.0	2.0	1.0
13	20.0	3.0	1.0
14	0.0	2.0	1.0
15	0.0	2.0	1.0
16	22.0	2.0	1.0
17	22.0	3.0	1.0
18	27.0	3.0	1.0
19	11.0	3.0	1.0
20	23.0	2.0	1.0
21	16.0	3.0	1.0
22	8.0	2.0	1.0
23	-1.0	0.0	0.0
24	15.0	3.0	1.0
25	28.0	3.0	1.0
26	-1.0	0.0	-1.0
27	19.0	3.0	1.0
28	8.0	2.0	1.0
29	27.0	3.0	1.0
30	8.0	2.0	1.0
31	0.0	2.0	1.0
32	22.0	2.0	1.0
33	22.0	2.0	1.0
34	16.0	3.0	1.0
35	0.0	2.0	1.0
36	15.0	2.0	1.0
37	22.0	2.0	1.0
38	0.0	2.0	1.0
39	14.0	3.0	1.0
40	0.0	2.0	1.0
41	20.0	3.0	1.0
42	16.0	3.0	1.0
43	9.0	3.0	1.0
44	25.0	3.0	1.0
45	-1.0	0.0	-1.0
46	19.0	3.0	1.0
47	0.0	2.0	1.0
48	15.0	2.0	1.0
49	26.0	3.0	1.0
50	16.0	3.0	1.0
51	0.0	2.0	1.0
52	0.0	2.0	1.0
53	11.0	3.0	1.0
54	28.0	3.0	1.0
55	0.0	2.0	1.0
56	-1.0	0.0	0.0
57	26.0	3.0	1.0
58	0.0	2.0	1.0
59	0.0	2.0	1.0
60	8.0	2.0	1.0
61	15.0	2.0	1.0
62	0.0	2.0	1.0
63	-1.0	0.0	-1.0
64	28.0	3.0	1.0
65	-1.0	0.0	-1.0
66	10.0	3.0	1.0
67	10.0	3.0	1.0
68	26.0	3.0	1.0
69	14.0	3.0	1.0
70	15.0	3.0	1.0
71	25.0	3.0	1.0
72	9.0	2.0	1.0
73	-1.0	0.0	-1.0
74	9.0	3.0	1.0
75	-1.0	0.0	-1.0
76	12.0	3.0	1.0
77	12.0	3.0	1.0
78	-1.0	0.0	-1.0
79	13.0	3.0	1.0
80	28.0	3.0	1.0
81	20.0	3.0	1.0
82	0.0	2.0	1.0
83	27.0	3.0	1.0
84	-1.0	0.0	-1.0
85	20.0	3.0	1.0
86	15.0	2.0	1.0
87	15.0	3.0	1.0
88	0.0	2.0	1.0
89	9.0	3.0	1.0
90	15.0	3.0	1.0
91	15.0	2.0	1.0
92	20.0	3.0	1.0
93	0.0	2.0	1.0
94	17.0	3.0	1.0
95	11.0	3.0	1.0
96	24.0	3.0	1.0
97	12.0	3.0	1.0
98	23.0	2.0	1.0
99	14.0	3.0	1.0
100	-1.0	0.0	0.0
101	15.0	3.0	1.0
102	8.0	2.0	1.0
103	0.0	2.0	1.0
104	-1.0	0.0	-1.0
105	14.0	3.0	1.0
106	22.0	3.0	1.0
107	14.0	3.0	1.0
108	14.0	3.0	1.0
109	8.0	2.0	1.0
110	10.0	2.0	1.0
111	-1.0	0.0	0.0
112	23.0	3.0	1.0
113	0.0	2.0	1.0
114	8.0	2.0	1.0
115	13.0	3.0	1.0
116	27.0	3.0	1.0
117	0.0	2.0	1.0
118	26.0	3.0	1.0
119	26.0	3.0	1.0
120	21.0	3.0	1.0
121	8.0	2.0	1.0
122	0.0	2.0	1.0
123	22.0	2.0	1.0
124	10.0	3.0	1.0
125	17.0	2.0	1.0
126	0.0	2.0	1.0
127	-1.0	0.0	-1.0
128	22.0	2.0	1.0
129	23.0	3.0	1.0
130	12.0	3.0	1.0
131	15.0	2.0	1.0
132	-1.0	0.0	-1.0
133	26.0	3.0	1.0
134	26.0	3.0	1.0
135	-1.0	0.0	-1.0
136	-1.0	0.0	0.0
137	19.0	3.0	1.0
138	0.0	2.0	1.0
139	8.0	2.0	1.0
140	12.0	3.0	1.0
141	24.0	3.0	1.0
142	0.0	2.0	1.0
143	0.0	2.0	1.0
144	15.0	2.0	1.0
145	15.0	2.0	1.0
146	-1.0	0.0	-1.0
147	0.0	2.0	1.0
148	16.0	2.0	1.0
149	28.0	3.0	1.0
150	16.0	2.0	1.0
151	0.0	2.0	1.0
152	22.0	2.0	1.0
153	8.0	2.0	1.0
154	22.0	2.0	1.0
155	25.0	3.0	1.0
156	11.0	3.0	1.0
157	-1.0	0.0	-1.0
158	-1.0	0.0	-1.0
159	0.0	2.0	1.0
160	-1.0	0.0	-1.0
161	-1.0	0.0	-1.0
162	-1.0	0.0	0.0
163	-1.0	0.0	-1.0
164	9.0	2.0	1.0
165	23.0	2.0	1.0
166	-1.0	0.0	0.0
167	27.0	3.0	1.0
168	-1.0	0.0	-1.0
169	0.0	2.0	1.0
170	-1.0	0.0	-1.0
171	0.0	2.0	1.0
172	9.0	2.0	1.0
173	-1.0	0.0	-1.0
174	0.0	2.0	1.0
175	0.0	2.0	1.0
176	26.0	3.0	1.0
177	8.0	2.0	1.0
178	-1.0	0.0	0.0
179	19.0	3.0	1.0
180	11.0	3.0	1.0
181	-1.0	0.0	-1.0
182	21.0	3.0	1.0
183	0.0	2.0	1.0
184	-1.0	0.0	0.0
185	12.0	3.0	1.0
186	0.0	2.0	1.0
187	17.0	2.0	1.0
188	17.0	3.0	1.0
189	-1.0	0.0	-1.0
190	22.0	2.0	1.0
191	23.0	2.0	1.0
192	0.0	2.0	1.0
193	22.0	3.0	1.0
194	-1.0	0.0	-1.0
195	-1.0	0.0	-1.0
196	12.0	3.0	1.0
197	15.0	2.0	1.0
198	0.0	2.0	1.0
199	-1.0	0.0	-1.0
200	17.0	3.0	1.0
201	24.0	3.0	1.0
202	22.0	2.0	1.0
203	15.0	3.0	1.0
204	11.0	3.0	1.0
205	9.0	2.0	1.0
206	13.0	3.0	1.0
207	24.0	3.0	1.0
208	13.0	3.0	1.0
209	0.0	2.0	1.0
210	-1.0	0.0	-1.0
211	-1.0	0.0	-1.0
212	17.0	2.0	1.0
213	24.0	3.0	1.0
214	0.0	2.0	1.0
215	21.0	3.0	1.0
216	23.0	2.0	1.0
217	-1.0	0.0	0.0
218	22.0	2.0	1.0
219	13.0	3.0	1.0
220	0.0	2.0	1.0
221	0.0	2.0	1.0
222	18.0	3.0	1.0
223	-1.0	0.0	-1.0
224	10.0	2.0	1.0
225	0.0	2.0	1.0
226	-1.0	0.0	-1.0
227	25.0	3.0	1.0
228	28.0	3.0	1.0
229	23.0	2.0	1.0
230	17.0	2.0	1.0
231	10.0	2.0	1.0
232	-1.0	0.0	-1.0
233	13.0	3.0	1.0
234	-1.0	0.0	0.0
235	9.0	3.0	1.0
236	0.0	2.0	1.0
237	12.0	3.0	1.0
238	-1.0	0.0	-1.0
239	0.0	2.0	1.0
240	24.0	3.0	1.0
241	-1.0	0.0	-1.0
242	-1.0	0.0	-1.0
243	25.0	2.0	1.0
244	-1.0	0.0	-1.0
245	8.0	2.0	1.0
246	-1.0	0.0	-1.0
247	23.0	2.0	1.0
248	-1.0	0.0	-1.0
249	-1.0	0.0	-1.0
250	18.0	3.0	1.0
251	28.0	3.0	1.0
252	-1.0	0.0	0.0
253	26.0	3.0	1.0
254	28.0	3.0	1.0
255	10.0	3.0	1.0
256	8.0	2.0	1.0
257	0.0	2.0	1.0
258	18.0	3.0	1.0
259	-1.0	0.0	-1.0
260	0.0	2.0	1.0
261	16.0	2.0	1.0
262	25.0	2.0	1.0
263	22.0	2.0	1.0
264	24.0	3.0	1.0
265	-1.0	0.0	-1.0
266	8.0	2.0	1.0
267	8.0	2.0	1.0
268	-1.0	0.0	-1.0
269	9.0	3.0	1.0
270	11.0	2.0	1.0
271	15.0	2.0	1.0
272	-1.0	0.0	-1.0
273	-1.0	0.0	-1.0
274	0.0	2.0	1.0
275	-1.0	0.0	-1.0
276	13.0	2.0	1.0
277	0.0	2.0	1.0
278	9.0	3.0	1.0
279	0.0	2.0	1.0
280	0.0	2.0	1.0
281	-1.0	0.0	-1.0
282	0.0	2.0	1.0
283	21.0	3.0	1.0
284	-1.0	0.0	-1.0
285	21.0	3.0	1.0
286	-1.0	0.0	-1.0
287	-1.0	0.0	0.0
288	0.0	2.0	1.0
289	-1.0	0.0	-1.0
290	20.0	3.0	1.0
291	-1.0	0.0	-1.0
292	18.0	2.0	1.0
293	15.0	2.0	1.0
294	-1.0	0.0	-1.0
295	-1.0	0.0	0.0
296	-1.0	0.0	0.0
297	24.0	2.0	1.0
298	0.0	2.0	1.0
299	11.0	3.0	1.0
300	17.0	2.0	1.0
301	-1.0	0.0	-1.0
302	-1.0	0.0	-1.0
303	24.0	3.0	1.0
304	-1.0	0.0	-1.0
305	27.0	2.0	1.0
306	23.0	2.0	1.0
307	-1.0	0.0	-1.0
308	9.0	2.0	1.0
309	-1.0	0.0	0.0
310	22.0	2.0	1.0
311	15.0	2.0	1.0
312	19.0	3.0	1.0
313	-1.0	0.0	0.0
314	-1.0	0.0	-1.0
315	0.0	2.0	1.0
316	22.0	2.0	1.0
317	-1.0	0.0	-1.0
318	23.0	2.0	1.0
319	-1.0	0.0	0.0
320	-1.0	0.0	-1.0
321	0.0	2.0	1.0
322	15.0	3.0	1.0
323	-1.0	0.0	-1.0
324	9.0	3.0	1.0
325	-1.0	0.0	-1.0
326	-1.0	0.0	-1.0
327	23.0	2.0	1.0
328	0.0	2.0	1.0
329	-1.0	0.0	-1.0
330	24.0	2.0	1.0
331	25.0	3.0	1.0
332	24.0	3.0	1.0
333	-1.0	0.0	0.0
334	11.0	2.0	1.0
335	0.0	2.0	1.0
336	12.0	2.0	1.0
337	-1.0	0.0	-1.0
338	-1.0	0.0	-1.0
339	-1.0	0.0	0.0
340	-1.0	0.0	0.0
341	0.0	2.0	1.0
342	24.0	2.0	1.0
343	-1.0	0.0	-1.0
344	23.0	2.0	1.0
345	26.0	2.0	1.0
346	21.0	3.0	1.0
347	-1.0	0.0	-1.0
348	-1.0	0.0	-1.0
349	22.0	2.0	1.0
350	23.0	2.0	1.0
351	0.0	2.0	1.0
352	15.0	2.0	1.0
353	23.0	3.0	1.0
354	9.0	2.0	1.0
355	-1.0	0.0	-1.0
356	12.0	3.0	1.0
357	0.0	2.0	1.0
358	24.0	3.0	1.0
359	-1.0	0.0	-1.0
360	0.0	2.0	1.0
361	-1.0	0.0	-1.0
362	-1.0	0.0	-1.0
363	-1.0	0.0	-1.0
364	24.0	3.0	1.0
365	-1.0	0.0	-1.0
366	21.0	3.0	1.0
367	18.0	3.0	1.0
368	11.0	3.0	1.0
369	-1.0	0.0	-1.0
370	-1.0	0.0	-1.0
371	-1.0	0.0	-1.0
372	-1.0	0.0	-1.0
373	-1.0	0.0	-1.0
374	-1.0	0.0	0.0
375	20.0	3.0	1.0
376	-1.0	0.0	-1.0
377	-1.0	0.0	-1.0
378	24.0	2.0	1.0
379	-1.0	0.0	-1.0
380	10.0	2.0	1.0
381	14.0	3.0	1.0
382	-1.0	0.0	-1.0
383	13.0	3.0	1.0
384	-1.0	0.0	-1.0
385	-1.0	0.0	0.0
386	9.0	3.0	1.0
387	25.0	2.0	1.0
388	11.0	2.0	1.0
389	-1.0	0.0	0.0
390	27.0	2.0	1.0
391	-1.0	0.0	-1.0
392	19.0	3.0	1.0
393	8.0	2.0	1.0
394	0.0	2.0	1.0
395	-1.0	0.0	0.0
396	22.0	3.0	1.0
397	0.0	2.0	1.0
398	9.0	2.0	1.0
399	0.0	2.0	1.0
400	0.0	2.0	1.0
401	-1.0	0.0	-1.0
402	8.0	3.0	1.0
403	-1.0	0.0	-1.0
404	-1.0	0.0	-1.0
405	0.0	2.0	1.0
406	27.0	3.0	1.0
407	18.0	2.0	1.0
408	19.0	3.0	1.0
409	0.0	2.0	1.0
410	15.0	3.0	1.0
411	0.0	2.0	1.0
412	-1.0	0.0	-1.0
413	28.0	3.0	1.0
414	-1.0	0.0	0.0
415	-1.0	0.0	-1.0
416	15.0	2.0	1.0
417	27.0	2.0	1.0
418	25.0	2.0	1.0
419	0.0	2.0	1.0
420	-1.0	0.0	0.0
421	-1.0	0.0	0.0
422	25.0	3.0	1.0
423	18.0	3.0	1.0
424	23.0	2.0	1.0
425	28.0	2.0	1.0
426	-1.0	0.0	-1.0
427	-1.0	0.0	0.0
428	-1.0	0.0	0.0
429	0.0	2.0	1.0
430	-1.0	0.0	-1.0
431	-1.0	0.0	-1.0
432	-1.0	0.0	-1.0
433	0.0	2.0	1.0
434	-1.0	0.0	0.0
435	-1.0	0.0	-1.0
436	-1.0	0.0	0.0
437	-1.0	0.0	-1.0
438	-1.0	0.0	-1.0
439	-1.0	0.0	-1.0
440	-1.0	0.0	-1.0
441	-1.0	0.0	-1.0
442	22.0	2.0	1.0
443	18.0	3.0	1.0
444	-1.0	0.0	-1.0
445	26.0	2.0	1.0
446	-1.0	0.0	-1.0
447	0.0	2.0	1.0
448	20.0	3.0	1.0
449	-1.0	0.0	-1.0
450	-1.0	0.0	0.0
451	22.0	3.0	1.0
452	9.0	3.0	1.0
453	-1.0	0.0	-1.0
454	0.0	2.0	1.0
455	28.0	3.0	1.0
456	0.0	2.0	1.0
457	24.0	2.0	1.0
458	-1.0	0.0	-1.0
459	-1.0	0.0	-1.0
460	16.0	2.0	1.0
461	0.0	2.0	1.0
462	-1.0	0.0	-1.0
463	8.0	3.0	1.0
464	0.0	2.0	1.0
465	0.0	2.0	1.0
466	16.0	2.0	1.0
467	-1.0	0.0	0.0
468	-1.0	0.0	-1.0
469	15.0	2.0	1.0
470	-1.0	0.0	-1.0
471	14.0	2.0	1.0
472	18.0	2.0	1.0
473	27.0	2.0	1.0
474	10.0	3.0	1.0
475	-1.0	0.0	-1.0
476	16.0	2.0	1.0
477	15.0	2.0	1.0
478	0.0	2.0	1.0
479	-1.0	0.0	0.0
480	-1.0	0.0	-1.0
481	9.0	2.0	1.0
482	15.0	3.0	1.0
483	-1.0	0.0	0.0
484	17.0	2.0	1.0
485	-1.0	0.0	-1.0
486	-1.0	0.0	0.0
487	11.0	2.0	1.0
488	14.0	3.0	1.0
489	15.0	2.0	1.0
490	-1.0	0.0	-1.0
491	-1.0	0.0	-1.0
492	-1.0	0.0	-1.0
493	-1.0	0.0	-1.0
494	16.0	3.0	1.0
495	-1.0	0.0	-1.0
496	-1.0	0.0	-1.0
497	23.0	3.0	1.0
498	18.0	2.0	1.0
499	10.0	2.0	1.0
500	-1.0	0.0	0.0
501	-1.0	0.0	-1.0
502	-1.0	0.0	0.0
503	-1.0	0.0	0.0
504	-1.0	0.0	0.0
505	0.0	2.0	1.0
506	0.0	2.0	1.0
507	-1.0	0.0	0.0
508	-1.0	0.0	-1.0
509	0.0	2.0	1.0
510	14.0	3.0	1.0
511	-1.0	0.0	-1.0
512	11.0	3.0	1.0
513	-1.0	0.0	-1.0
514	-1.0	0.0	0.0
515	25.0	3.0	1.0
516	19.0	3.0	1.0
517	9.0	2.0	1.0
518	24.0	3.0	1.0
519	9.0	2.0	1.0
520	22.0	2.0	1.0
521	14.0	3.0	1.0
522	0.0	2.0	1.0
523	-1.0	0.0	0.0
524	0.0	2.0	1.0
525	27.0	3.0	1.0
526	0.0	2.0	1.0
527	-1.0	0.0	0.0
528	-1.0	0.0	-1.0
529	-1.0	0.0	0.0
530	24.0	2.0	1.0
531	9.0	2.0	1.0
532	-1.0	0.0	0.0
533	-1.0	0.0	0.0
534	0.0	2.0	1.0
535	-1.0	0.0	-1.0
536	-1.0	0.0	-1.0
537	-1.0	0.0	0.0
538	-1.0	0.0	-1.0
539	-1.0	0.0	-1.0
540	-1.0	0.0	0.0
541	0.0	2.0	1.0
542	0.0	2.0	1.0
543	-1.0	0.0	-1.0
544	25.0	3.0	1.0
545	-1.0	0.0	-1.0
546	14.0	3.0	1.0
547	-1.0	0.0	0.0
548	-1.0	0.0	0.0
549	-1.0	0.0	-1.0
550	-1.0	0.0	-1.0
551	-1.0	0.0	-1.0
552	0.0	2.0	1.0
553	8.0	2.0	1.0
554	18.0	2.0	1.0
555	-1.0	0.0	-1.0
556	23.0	2.0	1.0
557	-1.0	0.0	0.0
558	0.0	2.0	1.0
559	27.0	3.0	1.0
560	-1.0	0.0	-1.0
561	8.0	2.0	1.0
562	23.0	2.0	1.0
563	22.0	2.0	1.0
564	-1.0	0.0	0.0
565	22.0	2.0	1.0
566	-1.0	0.0	-1.0
567	0.0	2.0	1.0
568	23.0	2.0	1.0
569	14.0	2.0	1.0
570	22.0	2.0	1.0
571	-1.0	0.0	-1.0
572	-1.0	0.0	-1.0
573	22.0	2.0	1.0
574	-1.0	0.0	0.0
575	15.0	2.0	1.0
576	-1.0	0.0	-1.0
577	-1.0	0.0	-1.0
578	22.0	2.0	1.0
579	-1.0	0.0	0.0
580	-1.0	0.0	-1.0
581	-1.0	0.0	-1.0
582	-1.0	0.0	-1.0
583	-1.0	0.0	-1.0
584	0.0	2.0	1.0
585	24.0	2.0	1.0
586	-1.0	0.0	-1.0
587	-1.0	0.0	-1.0
588	-1.0	0.0	-1.0
589	-1.0	0.0	0.0
590	0.0	2.0	1.0
591	-1.0	0.0	-1.0
592	25.0	3.0	1.0
593	16.0	2.0	1.0
594	16.0	2.0	1.0
595	28.0	3.0	1.0
596	-1.0	0.0	-1.0
597	-1.0	0.0	-1.0
598	22.0	2.0	1.0
599	21.0	3.0	1.0
600	-1.0	0.0	-1.0
601	11.0	3.0	1.0
602	-1.0	0.0	-1.0
603	18.0	3.0	1.0
604	25.0	2.0	1.0
605	26.0	2.0	1.0
606	-1.0	0.0	-1.0
607	-1.0	0.0	-1.0
608	22.0	2.0	1.0
609	25.0	3.0	1.0
610	-1.0	0.0	-1.0
611	17.0	2.0	1.0
612	15.0	2.0	1.0
613	-1.0	0.0	-1.0
614	8.0	2.0	1.0
615	18.0	3.0	1.0
616	0.0	2.0	1.0
617	-1.0	0.0	-1.0
618	-1.0	0.0	-1.0
619	-1.0	0.0	-1.0
620	23.0	2.0	1.0
621	-1.0	0.0	-1.0
622	0.0	2.0	1.0
623	-1.0	0.0	-1.0
624	10.0	2.0	1.0
625	-1.0	0.0	0.0
626	15.0	2.0	1.0
627	-1.0	0.0	-1.0
628	-1.0	0.0	0.0
629	-1.0	0.0	0.0
630	19.0	3.0	1.0
631	20.0	3.0	1.0
632	22.0	2.0	1.0
633	-1.0	0.0	-1.0
634	-1.0	0.0	-1.0
635	20.0	3.0	1.0
636	-1.0	0.0	0.0
637	-1.0	0.0	-1.0
638	-1.0	0.0	-1.0
639	-1.0	0.0	-1.0
640	0.0	2.0	1.0
641	-1.0	0.0	-1.0
642	-1.0	0.0	-1.0
643	19.0	2.0	1.0
644	-1.0	0.0	0.0
645	-1.0	0.0	-1.0
646	0.0	2.0	1.0
647	-1.0	0.0	-1.0
648	-1.0	0.0	-1.0
649	-1.0	0.0	-1.0
650	-1.0	0.0	-1.0
651	-1.0	0.0	-1.0
652	0.0	2.0	1.0
653	16.0	2.0	1.0
654	15.0	2.0	1.0
655	-1.0	0.0	-1.0
656	-1.0	0.0	0.0
657	-1.0	0.0	0.0
658	9.0	2.0	1.0
659	-1.0	0.0	-1.0
660	15.0	2.0	1.0
661	-1.0	0.0	-1.0
662	-1.0	0.0	-1.0
663	0.0	2.0	1.0
664	12.0	3.0	1.0
665	-1.0	0.0	0.0
666	-1.0	0.0	-1.0
667	-1.0	0.0	0.0
668	-1.0	0.0	-1.0
669	-1.0	0.0	-1.0
670	-1.0	0.0	-1.0
671	-1.0	0.0	0.0
672	0.0	2.0	1.0
673	22.0	2.0	1.0
674	12.0	2.0	1.0
675	-1.0	0.0	-1.0
676	-1.0	0.0	0.0
677	28.0	3.0	1.0
678	-1.0	0.0	-1.0
679	-1.0	0.0	-1.0
680	9.0	3.0	1.0
681	26.0	3.0	1.0
682	-1.0	0.0	-1.0
683	-1.0	0.0	-1.0
684	-1.0	0.0	0.0
685	-1.0	0.0	-1.0
686	26.0	2.0	1.0
687	18.0	3.0	1.0
688	0.0	2.0	1.0
689	-1.0	0.0	-1.0
690	0.0	2.0	1.0
691	-1.0	0.0	-1.0
692	-1.0	0.0	-1.0
693	16.0	3.0	1.0
694	-1.0	0.0	0.0
695	17.0	2.0	1.0
696	25.0	2.0	1.0
697	-1.0	0.0	0.0
698	0.0	2.0	1.0
699	15.0	2.0	1.0
700	0.0	2.0	1.0
701	19.0	2.0	1.0
702	-1.0	0.0	-1.0
703	-1.0	0.0	-1.0
704	13.0	3.0	1.0
705	11.0	2.0	1.0
706	-1.0	0.0	-1.0
707	-1.0	0.0	0.0
708	-1.0	0.0	-1.0
709	25.0	2.0	1.0
710	21.0	3.0	1.0
711	-1.0	0.0	0.0
712	-1.0	0.0	-1.0
713	16.0	2.0	1.0
714	-1.0	0.0	0.0
715	16.0	3.0	1.0
716	13.0	3.0	1.0
717	0.0	2.0	1.0
718	-1.0	0.0	-1.0
719	10.0	2.0	1.0
720	0.0	2.0	1.0
721	0.0	2.0	1.0
722	17.0	2.0	1.0
723	17.0	2.0	1.0
724	0.0	2.0	1.0
725	-1.0	0.0	0.0
726	26.0	2.0	1.0
727	12.0	2.0	1.0
728	-1.0	0.0	-1.0
729	-1.0	0.0	-1.0
730	10.0	2.0	1.0
731	8.0	2.0	1.0
732	11.0	2.0	1.0
733	19.0	3.0	1.0
734	0.0	2.0	1.0
735	-1.0	0.0	0.0
736	9.0	2.0	1.0
737	-1.0	0.0	-1.0
738	25.0	2.0	1.0
739	18.0	3.0	1.0
740	0.0	2.0	1.0
741	0.0	2.0	1.0
742	-1.0	0.0	-1.0
743	13.0	2.0	1.0
744	-1.0	0.0	0.0
745	-1.0	0.0	-1.0
746	-1.0	0.0	-1.0
747	-1.0	0.0	-1.0
748	0.0	2.0	1.0
749	-1.0	0.0	-1.0
750	-1.0	0.0	0.0
751	-1.0	0.0	-1.0
752	-1.0	0.0	0.0
753	-1.0	0.0	0.0
754	-1.0	0.0	-1.0
755	-1.0	0.0	-1.0
756	13.0	3.0	1.0
757	-1.0	0.0	-1.0
758	11.0	2.0	1.0
759	-1.0	0.0	-1.0
760	0.0	2.0	1.0
761	-1.0	0.0	0.0
762	-1.0	0.0	-1.0
763	24.0	2.0	1.0
764	-1.0	0.0	-1.0
765	25.0	2.0	1.0
766	-1.0	0.0	0.0
767	18.0	2.0	1.0
768	-1.0	0.0	0.0
769	-1.0	0.0	0.0
770	25.0	2.0	1.0
771	-1.0	0.0	-1.0
772	-1.0	0.0	0.0
773	-1.0	0.0	0.0
774	-1.0	0.0	-1.0
775	-1.0	0.0	-1.0
776	-1.0	0.0	-1.0
777	22.0	2.0	1.0
778	-1.0	0.0	-1.0
779	-1.0	0.0	0.0
780	17.0	2.0	1.0
781	13.0	2.0	1.0
782	-1.0	0.0	0.0
783	11.0	3.0	1.0
784	0.0	2.0	1.0
785	15.0	2.0	1.0
786	-1.0	0.0	0.0
787	20.0	3.0	1.0
788	-1.0	0.0	0.0
789	0.0	2.0	1.0
790	20.0	3.0	1.0
791	-1.0	0.0	-1.0
792	25.0	3.0	1.0
793	-1.0	0.0	-1.0
794	-1.0	0.0	-1.0
795	0.0	2.0	1.0
796	11.0	2.0	1.0
797	-1.0	0.0	0.0
798	-1.0	0.0	0.0
799	-1.0	0.0	0.0
800	28.0	3.0	1.0
801	17.0	2.0	1.0
802	-1.0	0.0	-1.0
803	-1.0	0.0	-1.0
804	-1.0	0.0	0.0
805	-1.0	0.0	-1.0
806	0.0	2.0	1.0
807	-1.0	0.0	0.0
808	-1.0	0.0	-1.0
809	-1.0	0.0	-1.0
810	22.0	3.0	1.0
811	-1.0	0.0	-1.0
812	-1.0	0.0	0.0
813	18.0	2.0	1.0
814	8.0	2.0	1.0
815	-1.0	0.0	-1.0
816	-1.0	0.0	-1.0
817	10.0	2.0	1.0
818	9.0	2.0	1.0
819	-1.0	0.0	-1.0
820	19.0	2.0	1.0
821	20.0	2.0	1.0
822	-1.0	0.0	0.0
823	16.0	2.0	1.0
824	-1.0	0.0	0.0
825	11.0	3.0	1.0
826	-1.0	0.0	0.0
827	-1.0	0.0	-1.0
828	-1.0	0.0	0.0
829	28.0	3.0	1.0
830	0.0	2.0	1.0
831	22.0	3.0	1.0
832	0.0	2.0	1.0
833	-1.0	0.0	-1.0
834	-1.0	0.0	-1.0
835	-1.0	0.0	0.0
836	-1.0	0.0	-1.0
837	-1.0	0.0	-1.0
838	-1.0	0.0	-1.0
839	23.0	3.0	1.0
840	-1.0	0.0	0.0
841	0.0	2.0	1.0
842	-1.0	0.0	-1.0
843	-1.0	0.0	-1.0
844	-1.0	0.0	-1.0
845	-1.0	0.0	-1.0
846	-1.0	0.0	0.0
847	-1.0	0.0	-1.0
848	-1.0	0.0	-1.0
849	-1.0	0.0	0.0
850	0.0	2.0	1.0
851	9.0	3.0	1.0
852	-1.0	0.0	-1.0
853	0.0	2.0	1.0
854	-1.0	0.0	0.0
855	21.0	3.0	1.0
856	-1.0	0.0	0.0
857	15.0	2.0	1.0
858	-1.0	0.0	-1.0
859	0.0	2.0	1.0
860	27.0	2.0	1.0
861	0.0	2.0	1.0
862	-1.0	0.0	-1.0
863	-1.0	0.0	-1.0
864	0.0	2.0	1.0
865	25.0	2.0	1.0
866	28.0	2.0	1.0
867	-1.0	0.0	0.0
868	-1.0	0.0	-1.0
869	-1.0	0.0	-1.0
870	14.0	3.0	1.0
871	0.0	2.0	1.0
872	-1.0	0.0	0.0
873	-1.0	0.0	-1.0
874	21.0	3.0	1.0
875	-1.0	0.0	-1.0
876	-1.0	0.0	-1.0
877	20.0	3.0	1.0
878	26.0	2.0	1.0
879	-1.0	0.0	0.0
880	-1.0	0.0	-1.0
881	-1.0	0.0	-1.0
882	-1.0	0.0	-1.0
883	10.0	2.0	1.0
884	15.0	2.0	1.0
885	16.0	2.0	1.0
886	-1.0	0.0	-1.0
887	-1.0	0.0	-1.0
888	-1.0	0.0	-1.0
889	-1.0	0.0	-1.0
890	-1.0	0.0	-1.0
891	-1.0	0.0	0.0
892	9.0	2.0	1.0
893	0.0	2.0	1.0
894	-1.0	0.0	0.0
895	-1.0	0.0	0.0
896	20.0	2.0	1.0
897	-1.0	0.0	-1.0
898	14.0	2.0	1.0
899	-1.0	0.0	0.0
900	-1.0	0.0	-1.0
901	13.0	3.0	1.0
902	-1.0	0.0	-1.0
903	-1.0	0.0	0.0
904	-1.0	0.0	0.0
905	27.0	3.0	1.0
906	-1.0	0.0	-1.0
907	-1.0	0.0	-1.0
908	21.0	3.0	1.0
909	0.0	2.0	1.0
910	12.0	2.0	1.0
911	22.0	3.0	1.0
912	26.0	3.0	1.0
913	0.0	2.0	1.0
914	-1.0	0.0	0.0
915	-1.0	0.0	-1.0
916	17.0	2.0	1.0
917	-1.0	0.0	0.0
918	-1.0	0.0	-1.0
919	24.0	2.0	1.0
920	-1.0	0.0	-1.0
921	-1.0	0.0	0.0
922	-1.0	0.0	-1.0
923	-1.0	0.0	0.0
924	17.0	2.0	1.0
925	-1.0	0.0	-1.0
926	-1.0	0.0	-1.0
927	-1.0	0.0	-1.0
928	10.0	3.0	1.0
929	-1.0	0.0	-1.0
930	-1.0	0.0	-1.0
931	-1.0	0.0	-1.0
932	-1.0	0.0	0.0
933	-1.0	0.0	0.0
934	11.0	2.0	1.0
935	-1.0	0.0	-1.0
936	0.0	2.0	1.0
937	-1.0	0.0	-1.0
938	0.0	2.0	1.0
939	-1.0	0.0	-1.0
940	-1.0	0.0	0.0
941	-1.0	0.0	-1.0
942	0.0	2.0	1.0
943	-1.0	0.0	-1.0
944	-1.0	0.0	-1.0
945	24.0	2.0	1.0
946	-1.0	0.0	-1.0
947	17.0	2.0	1.0
948	17.0	2.0	1.0
949	-1.0	0.0	0.0
950	-1.0	0.0	0.0
951	-1.0	0.0	0.0
952	13.0	3.0	1.0
953	-1.0	0.0	-1.0
954	-1.0	0.0	-1.0
955	18.0	2.0	1.0
956	-1.0	0.0	-1.0
957	-1.0	0.0	-1.0
958	-1.0	0.0	-1.0
959	-1.0	0.0	-1.0
960	21.0	2.0	1.0
961	-1.0	0.0	-1.0
962	21.0	3.0	1.0
963	19.0	2.0	1.0
964	-1.0	0.0	-1.0
965	-1.0	0.0	-1.0
966	0.0	2.0	1.0
967	-1.0	0.0	0.0
968	0.0	2.0	1.0
969	28.0	2.0	1.0
970	-1.0	0.0	0.0
971	-1.0	0.0	-1.0
972	-1.0	0.0	0.0
973	-1.0	0.0	0.0
974	-1.0	0.0	-1.0
975	19.0	2.0	1.0
976	28.0	2.0	1.0
977	20.0	2.0	1.0
978	-1.0	0.0	-1.0
979	8.0	2.0	1.0
980	-1.0	0.0	0.0
981	0.0	2.0	1.0
982	13.0	2.0	1.0
983	-1.0	0.0	-1.0
984	12.0	2.0	1.0
985	-1.0	0.0	-1.0
986	-1.0	0.0	0.0
987	-1.0	0.0	0.0
988	-1.0	0.0	-1.0
989	0.0	2.0	1.0
990	-1.0	0.0	-1.0
991	-1.0	0.0	-1.0
992	18.0	2.0	1.0
993	-1.0	0.0	0.0
994	-1.0	0.0	-1.0
995	-1.0	0.0	0.0
996	-1.0	0.0	-1.0
997	-1.0	0.0	-1.0
998	20.0	2.0	1.0
999	-1.0	0.0	-1.0
1000	-1.0	0.0	0.0
1001	0.0	2.0	1.0
1002	0.0	2.0	1.0
1003	-1.0	0.0	-1.0
1004	-1.0	0.0	0.0
1005	-1.0	0.0	-1.0
1006	19.0	2.0	1.0
1007	24.0	2.0	1.0
1008	19.0	3.0	1.0
1009	16.0	2.0	1.0
1010	-1.0	0.0	-1.0
1011	21.0	3.0	1.0
1012	-1.0	0.0	0.0
1013	0.0	2.0	1.0
1014	21.0	2.0	1.0
1015	0.0	2.0	1.0
1016	-1.0	0.0	-1.0
1017	22.0	2.0	1.0
1018	0.0	2.0	1.0
1019	-1.0	0.0	-1.0
1020	18.0	2.0	1.0
1021	-1.0	0.0	0.0
1022	9.0	3.0	1.0
1023	-1.0	0.0	-1.0
1024	-1.0	0.0	0.0
1025	28.0	3.0	1.0
1026	-1.0	0.0	-1.0
1027	0.0	2.0	1.0
1028	-1.0	0.0	0.0
1029	-1.0	0.0	0.0
1030	-1.0	0.0	0.0
1031	-1.0	0.0	0.0
1032	24.0	2.0	1.0
1033	19.0	2.0	1.0
1034	14.0	2.0	1.0
1035	-1.0	0.0	-1.0
1036	-1.0	0.0	-1.0
1037	22.0	2.0	1.0
1038	-1.0	0.0	-1.0
1039	0.0	2.0	1.0
1040	0.0	2.0	1.0
1041	-1.0	0.0	0.0
1042	0.0	2.0	1.0
1043	-1.0	0.0	0.0
1044	-1.0	0.0	-1.0
1045	12.0	3.0	1.0
1046	-1.0	0.0	-1.0
1047	-1.0	0.0	0.0
1048	0.0	2.0	1.0
1049	-1.0	0.0	0.0
1050	-1.0	0.0	0.0
1051	13.0	3.0	1.0
1052	-1.0	0.0	0.0
1053	-1.0	0.0	-1.0
1054	0.0	2.0	1.0
1055	-1.0	0.0	-1.0
1056	-1.0	0.0	-1.0
1057	-1.0	0.0	0.0
1058	19.0	2.0	1.0
1059	26.0	2.0	1.0
1060	-1.0	0.0	-1.0
1061	13.0	3.0	1.0
1062	0.0	2.0	1.0
1063	-1.0	0.0	-1.0
1064	-1.0	0.0	-1.0
1065	-1.0	0.0	-1.0
1066	-1.0	0.0	0.0
1067	-1.0	0.0	0.0
1068	-1.0	0.0	-1.0
1069	25.0	3.0	1.0
1070	-1.0	0.0	-1.0
1071	-1.0	0.0	0.0
1072	-1.0	0.0	-1.0
1073	16.0	2.0	1.0
1074	12.0	3.0	1.0
1075	-1.0	0.0	0.0
1076	0.0	2.0	1.0
1077	-1.0	0.0	-1.0
1078	12.0	3.0	1.0
1079	-1.0	0.0	-1.0
1080	0.0	2.0	1.0
1081	0.0	2.0	1.0
1082	27.0	3.0	1.0
1083	-1.0	0.0	0.0
1084	-1.0	0.0	-1.0
1085	-1.0	0.0	-1.0
1086	-1.0	0.0	-1.0
1087	-1.0	0.0	-1.0
1088	-1.0	0.0	-1.0
1089	-1.0	0.0	0.0
1090	14.0	3.0	1.0
1091	-1.0	0.0	-1.0
1092	-1.0	0.0	0.0
1093	0.0	2.0	1.0
1094	24.0	2.0	1.0
1095	21.0	2.0	1.0
1096	-1.0	0.0	-1.0
1097	-1.0	0.0	-1.0
1098	-1.0	0.0	-1.0
1099	-1.0	0.0	-1.0
1100	-1.0	0.0	-1.0
1101	-1.0	0.0	-1.0
1102	-1.0	0.0	-1.0
1103	-1.0	0.0	-1.0
1104	-1.0	0.0	-1.0
1105	-1.0	0.0	-1.0
1106	-1.0	0.0	0.0
1107	-1.0	0.0	0.0
1108	-1.0	0.0	-1.0
1109	-1.0	0.0	0.0
1110	8.0	3.0	1.0
1111	-1.0	0.0	0.0
1112	-1.0	0.0	-1.0
1113	-1.0	0.0	-1.0
1114	0.0	2.0	1.0
1115	0.0	2.0	1.0
1116	-1.0	0.0	-1.0
1117	-1.0	0.0	-1.0
1118	-1.0	0.0	0.0
1119	12.0	2.0	1.0
1120	-1.0	0.0	0.0
1121	0.0	2.0	1.0
1122	-1.0	0.0	-1.0
1123	-1.0	0.0	-1.0
1124	-1.0	0.0	0.0
1125	-1.0	0.0	-1.0
1126	-1.0	0.0	0.0
1127	-1.0	0.0	-1.0
1128	-1.0	0.0	-1.0
1129	-1.0	0.0	0.0
1130	11.0	2.0	1.0
1131	28.0	3.0	1.0
1132	-1.0	0.0	-1.0
1133	-1.0	0.0	-1.0
1134	16.0	3.0	1.0
1135	20.0	2.0	1.0
1136	0.0	2.0	1.0
1137	-1.0	0.0	-1.0
1138	-1.0	0.0	-1.0
1139	10.0	3.0	1.0
1140	-1.0	0.0	-1.0
1141	0.0	2.0	1.0
1142	0.0	2.0	1.0
1143	15.0	2.0	1.0
1144	-1.0	0.0	-1.0
1145	14.0	2.0	1.0
1146	-1.0	0.0	-1.0
1147	-1.0	0.0	0.0
1148	-1.0	0.0	-1.0
1149	-1.0	0.0	-1.0
1150	22.0	2.0	1.0
1151	13.0	2.0	1.0
1152	0.0	2.0	1.0
1153	-1.0	0.0	-1.0
1154	23.0	2.0	1.0
1155	-1.0	0.0	-1.0
1156	-1.0	0.0	-1.0
1157	-1.0	0.0	-1.0
1158	-1.0	0.0	-1.0
1159	-1.0	0.0	-1.0
1160	-1.0	0.0	-1.0
1161	18.0	2.0	1.0
1162	-1.0	0.0	-1.0
1163	-1.0	0.0	-1.0
1164	-1.0	0.0	0.0
1165	-1.0	0.0	-1.0
1166	0.0	2.0	1.0
1167	11.0	3.0	1.0
1168	-1.0	0.0	-1.0
1169	10.0	2.0	1.0
1170	13.0	2.0	1.0
1171	0.0	2.0	1.0
1172	-1.0	0.0	0.0
1173	-1.0	0.0	-1.0
1174	13.0	2.0	1.0
1175	-1.0	0.0	-1.0
1176	-1.0	0.0	-1.0
1177	-1.0	0.0	-1.0
1178	-1.0	0.0	-1.0
1179	-1.0	0.0	-1.0
1180	-1.0	0.0	0.0
1181	-1.0	0.0	-1.0
1182	-1.0	0.0	-1.0
1183	0.0	2.0	1.0
1184	-1.0	0.0	-1.0
1185	-1.0	0.0	0.0
1186	24.0	3.0	1.0
1187	-1.0	0.0	0.0
1188	-1.0	0.0	-1.0
1189	15.0	2.0	1.0
1190	-1.0	0.0	0.0
1191	9.0	2.0	1.0
1192	-1.0	0.0	-1.0
1193	20.0	3.0	1.0
1194	-1.0	0.0	0.0
1195	0.0	2.0	1.0
1196	0.0	2.0	1.0
1197	-1.0	0.0	-1.0
1198	-1.0	0.0	0.0
1199	20.0	2.0	1.0
1200	-1.0	0.0	-1.0
1201	12.0	3.0	1.0
1202	-1.0	0.0	-1.0
1203	-1.0	0.0	-1.0
1204	-1.0	0.0	-1.0
1205	-1.0	0.0	0.0
1206	-1.0	0.0	-1.0
1207	-1.0	0.0	0.0
1208	-1.0	0.0	-1.0
1209	-1.0	0.0	0.0
1210	-1.0	0.0	0.0
1211	-1.0	0.0	0.0
1212	-1.0	0.0	0.0
1213	-1.0	0.0	0.0
1214	-1.0	0.0	-1.0
1215	26.0	2.0	1.0
1216	0.0	2.0	1.0
1217	-1.0	0.0	-1.0
1218	23.0	2.0	1.0
1219	-1.0	0.0	-1.0
1220	-1.0	0.0	-1.0
1221	-1.0	0.0	0.0
1222	-1.0	0.0	0.0
1223	-1.0	0.0	-1.0
1224	0.0	2.0	1.0
1225	-1.0	0.0	-1.0
1226	0.0	2.0	1.0
1227	0.0	2.0	1.0
1228	-1.0	0.0	0.0
1229	-1.0	0.0	0.0
1230	-1.0	0.0	-1.0
1231	-1.0	0.0	-1.0
1232	0.0	2.0	1.0
1233	-1.0	0.0	-1.0
1234	-1.0	0.0	-1.0
1235	-1.0	0.0	-1.0
1236	-1.0	0.0	0.0
1237	-1.0	0.0	0.0
1238	-1.0	0.0	-1.0
1239	-1.0	0.0	-1.0
1240	-1.0	0.0	0.0
1241	-1.0	0.0	0.0
1242	-1.0	0.0	-1.0
1243	-1.0	0.0	0.0
1244	-1.0	0.0	0.0
1245	-1.0	0.0	-1.0
1246	-1.0	0.0	-1.0
1247	-1.0	0.0	0.0
1248	28.0	3.0	1.0
1249	-1.0	0.0	-1.0
1250	0.0	2.0	1.0
1251	20.0	3.0	1.0
1252	0.0	2.0	1.0
1253	18.0	2.0	1.0
1254	11.0	2.0	1.0
1255	12.0	2.0	1.0
1256	0.0	2.0	1.0
1257	-1.0	0.0	0.0
1258	23.0	2.0	1.0
1259	21.0	3.0	1.0
1260	-1.0	0.0	-1.0
1261	-1.0	0.0	0.0
1262	17.0	3.0	1.0
1263	0.0	2.0	1.0
1264	-1.0	0.0	0.0
1265	18.0	2.0	1.0
1266	-1.0	0.0	0.0
1267	19.0	2.0	1.0
1268	-1.0	0.0	-1.0
1269	9.0	2.0	1.0
1270	-1.0	0.0	-1.0
1271	25.0	2.0	1.0
1272	24.0	2.0	1.0
1273	0.0	2.0	1.0
1274	-1.0	0.0	0.0
1275	-1.0	0.0	-1.0
1276	-1.0	0.0	0.0
1277	0.0	2.0	1.0
1278	18.0	2.0	1.0
1279	-1.0	0.0	0.0
1280	-1.0	0.0	0.0
1281	0.0	2.0	1.0
1282	-1.0	0.0	0.0
1283	-1.0	0.0	0.0
1284	-1.0	0.0	-1.0
1285	-1.0	0.0	0.0
1286	-1.0	0.0	-1.0
1287	-1.0	0.0	-1.0
1288	-1.0	0.0	-1.0
1289	-1.0	0.0	0.0
1290	21.0	2.0	1.0
1291	-1.0	0.0	0.0
1292	-1.0	0.0	0.0
1293	-1.0	0.0	-1.0
1294	-1.0	0.0	-1.0
1295	-1.0	0.0	-1.0
1296	9.0	2.0	1.0
1297	-1.0	0.0	-1.0
1298	19.0	3.0	1.0
1299	26.0	3.0	1.0
1300	0.0	0.0	0.0
