index	outport	cost	SuccessFlag
0	8.0	2.0	1.0
1	0.0	2.0	1.0
2	0.0	2.0	1.0
3	19.0	3.0	1.0
4	20.0	3.0	1.0
5	15.0	2.0	1.0
6	9.0	3.0	1.0
7	22.0	3.0	1.0
8	15.0	2.0	1.0
9	22.0	2.0	1.0
10	11.0	3.0	1.0
11	0.0	2.0	1.0
12	27.0	3.0	1.0
13	22.0	2.0	1.0
14	8.0	2.0	1.0
15	9.0	3.0	1.0
16	8.0	3.0	1.0
17	0.0	2.0	1.0
18	13.0	3.0	1.0
19	14.0	3.0	1.0
20	28.0	3.0	1.0
21	15.0	2.0	1.0
22	16.0	2.0	1.0
23	0.0	2.0	1.0
24	0.0	2.0	1.0
25	23.0	2.0	1.0
26	12.0	3.0	1.0
27	10.0	3.0	1.0
28	11.0	3.0	1.0
29	22.0	2.0	1.0
30	17.0	3.0	1.0
31	-1.0	0.0	-1.0
32	22.0	3.0	1.0
33	-1.0	0.0	0.0
34	8.0	2.0	1.0
35	13.0	3.0	1.0
36	15.0	2.0	1.0
37	12.0	3.0	1.0
38	15.0	3.0	1.0
39	11.0	3.0	1.0
40	24.0	3.0	1.0
41	0.0	2.0	1.0
42	26.0	3.0	1.0
43	15.0	2.0	1.0
44	0.0	2.0	1.0
45	21.0	3.0	1.0
46	0.0	2.0	1.0
47	19.0	3.0	1.0
48	0.0	2.0	1.0
49	16.0	2.0	1.0
50	0.0	2.0	1.0
51	23.0	2.0	1.0
52	22.0	3.0	1.0
53	23.0	2.0	1.0
54	22.0	2.0	1.0
55	15.0	3.0	1.0
56	0.0	2.0	1.0
57	-1.0	0.0	-1.0
58	8.0	2.0	1.0
59	0.0	2.0	1.0
60	8.0	2.0	1.0
61	15.0	2.0	1.0
62	0.0	2.0	1.0
63	22.0	2.0	1.0
64	24.0	3.0	1.0
65	27.0	3.0	1.0
66	16.0	2.0	1.0
67	13.0	3.0	1.0
68	24.0	2.0	1.0
69	-1.0	0.0	-1.0
70	-1.0	0.0	0.0
71	0.0	2.0	1.0
72	25.0	3.0	1.0
73	14.0	3.0	1.0
74	9.0	3.0	1.0
75	-1.0	0.0	-1.0
76	23.0	2.0	1.0
77	24.0	2.0	1.0
78	-1.0	0.0	-1.0
79	15.0	3.0	1.0
80	0.0	2.0	1.0
81	-1.0	0.0	-1.0
82	22.0	2.0	1.0
83	17.0	2.0	1.0
84	8.0	2.0	1.0
85	11.0	3.0	1.0
86	25.0	2.0	1.0
87	22.0	2.0	1.0
88	-1.0	0.0	-1.0
89	0.0	2.0	1.0
90	22.0	3.0	1.0
91	18.0	3.0	1.0
92	12.0	3.0	1.0
93	-1.0	0.0	0.0
94	8.0	2.0	1.0
95	0.0	2.0	1.0
96	10.0	2.0	1.0
97	8.0	3.0	1.0
98	26.0	3.0	1.0
99	8.0	2.0	1.0
100	0.0	2.0	1.0
101	22.0	2.0	1.0
102	11.0	3.0	1.0
103	-1.0	0.0	0.0
104	16.0	2.0	1.0
105	-1.0	0.0	-1.0
106	-1.0	0.0	-1.0
107	22.0	3.0	1.0
108	0.0	2.0	1.0
109	0.0	2.0	1.0
110	0.0	2.0	1.0
111	15.0	3.0	1.0
112	8.0	2.0	1.0
113	15.0	2.0	1.0
114	24.0	3.0	1.0
115	9.0	2.0	1.0
116	-1.0	0.0	0.0
117	18.0	3.0	1.0
118	18.0	3.0	1.0
119	18.0	2.0	1.0
120	22.0	3.0	1.0
121	22.0	2.0	1.0
122	16.0	3.0	1.0
123	22.0	2.0	1.0
124	23.0	2.0	1.0
125	9.0	2.0	1.0
126	24.0	3.0	1.0
127	0.0	2.0	1.0
128	0.0	2.0	1.0
129	23.0	2.0	1.0
130	-1.0	0.0	0.0
131	-1.0	0.0	-1.0
132	10.0	3.0	1.0
133	14.0	3.0	1.0
134	18.0	3.0	1.0
135	17.0	2.0	1.0
136	-1.0	0.0	-1.0
137	15.0	2.0	1.0
138	-1.0	0.0	-1.0
139	28.0	3.0	1.0
140	0.0	2.0	1.0
141	8.0	2.0	1.0
142	0.0	2.0	1.0
143	0.0	2.0	1.0
144	0.0	2.0	1.0
145	15.0	2.0	1.0
146	0.0	2.0	1.0
147	25.0	2.0	1.0
148	8.0	2.0	1.0
149	13.0	3.0	1.0
150	0.0	2.0	1.0
151	18.0	3.0	1.0
152	0.0	2.0	1.0
153	-1.0	0.0	0.0
154	27.0	2.0	1.0
155	-1.0	0.0	0.0
156	16.0	2.0	1.0
157	0.0	2.0	1.0
158	0.0	2.0	1.0
159	27.0	3.0	1.0
160	9.0	2.0	1.0
161	22.0	2.0	1.0
162	0.0	2.0	1.0
163	21.0	3.0	1.0
164	26.0	3.0	1.0
165	-1.0	0.0	-1.0
166	18.0	3.0	1.0
167	-1.0	0.0	0.0
168	17.0	2.0	1.0
169	-1.0	0.0	-1.0
170	18.0	3.0	1.0
171	24.0	2.0	1.0
172	16.0	2.0	1.0
173	27.0	3.0	1.0
174	-1.0	0.0	0.0
175	-1.0	0.0	-1.0
176	16.0	3.0	1.0
177	20.0	2.0	1.0
178	12.0	3.0	1.0
179	25.0	3.0	1.0
180	22.0	3.0	1.0
181	15.0	2.0	1.0
182	0.0	2.0	1.0
183	-1.0	0.0	-1.0
184	18.0	3.0	1.0
185	18.0	3.0	1.0
186	16.0	2.0	1.0
187	20.0	3.0	1.0
188	25.0	2.0	1.0
189	21.0	3.0	1.0
190	-1.0	0.0	-1.0
191	-1.0	0.0	-1.0
192	16.0	2.0	1.0
193	9.0	2.0	1.0
194	12.0	3.0	1.0
195	-1.0	0.0	-1.0
196	0.0	2.0	1.0
197	-1.0	0.0	0.0
198	0.0	2.0	1.0
199	8.0	3.0	1.0
200	0.0	2.0	1.0
201	11.0	3.0	1.0
202	22.0	2.0	1.0
203	0.0	2.0	1.0
204	23.0	2.0	1.0
205	0.0	2.0	1.0
206	16.0	2.0	1.0
207	0.0	2.0	1.0
208	8.0	2.0	1.0
209	0.0	2.0	1.0
210	-1.0	0.0	-1.0
211	12.0	3.0	1.0
212	-1.0	0.0	0.0
213	-1.0	0.0	0.0
214	0.0	2.0	1.0
215	-1.0	0.0	0.0
216	22.0	2.0	1.0
217	22.0	2.0	1.0
218	19.0	3.0	1.0
219	20.0	3.0	1.0
220	26.0	2.0	1.0
221	8.0	2.0	1.0
222	10.0	3.0	1.0
223	0.0	2.0	1.0
224	-1.0	0.0	-1.0
225	13.0	3.0	1.0
226	0.0	2.0	1.0
227	-1.0	0.0	-1.0
228	-1.0	0.0	0.0
229	0.0	2.0	1.0
230	10.0	3.0	1.0
231	0.0	2.0	1.0
232	-1.0	0.0	-1.0
233	-1.0	0.0	-1.0
234	0.0	2.0	1.0
235	-1.0	0.0	0.0
236	0.0	2.0	1.0
237	20.0	2.0	1.0
238	-1.0	0.0	0.0
239	15.0	2.0	1.0
240	-1.0	0.0	-1.0
241	0.0	2.0	1.0
242	16.0	2.0	1.0
243	-1.0	0.0	-1.0
244	12.0	3.0	1.0
245	-1.0	0.0	0.0
246	0.0	2.0	1.0
247	8.0	2.0	1.0
248	14.0	2.0	1.0
249	-1.0	0.0	0.0
250	-1.0	0.0	0.0
251	-1.0	0.0	-1.0
252	-1.0	0.0	0.0
253	0.0	2.0	1.0
254	26.0	2.0	1.0
255	9.0	2.0	1.0
256	-1.0	0.0	0.0
257	-1.0	0.0	-1.0
258	15.0	2.0	1.0
259	17.0	2.0	1.0
260	26.0	3.0	1.0
261	28.0	3.0	1.0
262	28.0	3.0	1.0
263	17.0	2.0	1.0
264	24.0	2.0	1.0
265	-1.0	0.0	-1.0
266	21.0	3.0	1.0
267	23.0	2.0	1.0
268	9.0	2.0	1.0
269	-1.0	0.0	-1.0
270	-1.0	0.0	-1.0
271	-1.0	0.0	0.0
272	0.0	2.0	1.0
273	9.0	2.0	1.0
274	-1.0	0.0	-1.0
275	-1.0	0.0	-1.0
276	0.0	2.0	1.0
277	-1.0	0.0	-1.0
278	-1.0	0.0	-1.0
279	0.0	2.0	1.0
280	-1.0	0.0	-1.0
281	0.0	2.0	1.0
282	0.0	2.0	1.0
283	9.0	2.0	1.0
284	9.0	3.0	1.0
285	-1.0	0.0	0.0
286	-1.0	0.0	-1.0
287	-1.0	0.0	0.0
288	28.0	3.0	1.0
289	22.0	2.0	1.0
290	-1.0	0.0	-1.0
291	-1.0	0.0	-1.0
292	21.0	3.0	1.0
293	18.0	3.0	1.0
294	-1.0	0.0	-1.0
295	20.0	3.0	1.0
296	-1.0	0.0	-1.0
297	0.0	2.0	1.0
298	23.0	2.0	1.0
299	-1.0	0.0	-1.0
300	0.0	2.0	1.0
301	0.0	2.0	1.0
302	15.0	2.0	1.0
303	-1.0	0.0	-1.0
304	21.0	2.0	1.0
305	-1.0	0.0	-1.0
306	-1.0	0.0	0.0
307	22.0	2.0	1.0
308	26.0	3.0	1.0
309	-1.0	0.0	-1.0
310	-1.0	0.0	-1.0
311	8.0	2.0	1.0
312	-1.0	0.0	0.0
313	11.0	2.0	1.0
314	0.0	2.0	1.0
315	9.0	2.0	1.0
316	-1.0	0.0	0.0
317	0.0	2.0	1.0
318	-1.0	0.0	-1.0
319	-1.0	0.0	0.0
320	17.0	2.0	1.0
321	8.0	2.0	1.0
322	-1.0	0.0	0.0
323	8.0	2.0	1.0
324	-1.0	0.0	-1.0
325	-1.0	0.0	-1.0
326	-1.0	0.0	0.0
327	0.0	2.0	1.0
328	23.0	2.0	1.0
329	-1.0	0.0	-1.0
330	9.0	2.0	1.0
331	0.0	2.0	1.0
332	22.0	2.0	1.0
333	-1.0	0.0	-1.0
334	16.0	2.0	1.0
335	13.0	3.0	1.0
336	0.0	2.0	1.0
337	24.0	3.0	1.0
338	17.0	3.0	1.0
339	-1.0	0.0	-1.0
340	16.0	2.0	1.0
341	23.0	3.0	1.0
342	21.0	2.0	1.0
343	20.0	3.0	1.0
344	0.0	2.0	1.0
345	0.0	2.0	1.0
346	10.0	2.0	1.0
347	10.0	2.0	1.0
348	-1.0	0.0	-1.0
349	13.0	2.0	1.0
350	21.0	3.0	1.0
351	14.0	3.0	1.0
352	28.0	3.0	1.0
353	-1.0	0.0	-1.0
354	0.0	2.0	1.0
355	19.0	3.0	1.0
356	28.0	3.0	1.0
357	-1.0	0.0	0.0
358	-1.0	0.0	0.0
359	0.0	2.0	1.0
360	28.0	3.0	1.0
361	11.0	3.0	1.0
362	0.0	2.0	1.0
363	9.0	2.0	1.0
364	-1.0	0.0	0.0
365	-1.0	0.0	-1.0
366	-1.0	0.0	-1.0
367	8.0	2.0	1.0
368	19.0	3.0	1.0
369	-1.0	0.0	0.0
370	-1.0	0.0	-1.0
371	-1.0	0.0	-1.0
372	-1.0	0.0	-1.0
373	-1.0	0.0	-1.0
374	-1.0	0.0	-1.0
375	14.0	3.0	1.0
376	-1.0	0.0	0.0
377	0.0	2.0	1.0
378	-1.0	0.0	0.0
379	-1.0	0.0	-1.0
380	-1.0	0.0	-1.0
381	23.0	2.0	1.0
382	17.0	2.0	1.0
383	-1.0	0.0	0.0
384	15.0	2.0	1.0
385	-1.0	0.0	0.0
386	8.0	3.0	1.0
387	-1.0	0.0	-1.0
388	23.0	3.0	1.0
389	23.0	2.0	1.0
390	15.0	2.0	1.0
391	0.0	2.0	1.0
392	14.0	2.0	1.0
393	20.0	3.0	1.0
394	11.0	2.0	1.0
395	-1.0	0.0	-1.0
396	-1.0	0.0	0.0
397	15.0	2.0	1.0
398	-1.0	0.0	-1.0
399	23.0	2.0	1.0
400	0.0	2.0	1.0
401	18.0	2.0	1.0
402	-1.0	0.0	0.0
403	17.0	3.0	1.0
404	0.0	2.0	1.0
405	-1.0	0.0	0.0
406	21.0	2.0	1.0
407	18.0	3.0	1.0
408	9.0	3.0	1.0
409	-1.0	0.0	-1.0
410	0.0	2.0	1.0
411	-1.0	0.0	-1.0
412	23.0	3.0	1.0
413	-1.0	0.0	0.0
414	12.0	2.0	1.0
415	9.0	2.0	1.0
416	20.0	3.0	1.0
417	24.0	3.0	1.0
418	-1.0	0.0	-1.0
419	21.0	2.0	1.0
420	0.0	2.0	1.0
421	0.0	2.0	1.0
422	-1.0	0.0	-1.0
423	15.0	2.0	1.0
424	-1.0	0.0	-1.0
425	-1.0	0.0	-1.0
426	16.0	2.0	1.0
427	-1.0	0.0	-1.0
428	-1.0	0.0	-1.0
429	25.0	2.0	1.0
430	-1.0	0.0	-1.0
431	-1.0	0.0	0.0
432	16.0	2.0	1.0
433	-1.0	0.0	0.0
434	8.0	2.0	1.0
435	8.0	2.0	1.0
436	-1.0	0.0	0.0
437	11.0	2.0	1.0
438	0.0	2.0	1.0
439	8.0	2.0	1.0
440	8.0	2.0	1.0
441	13.0	3.0	1.0
442	-1.0	0.0	0.0
443	24.0	3.0	1.0
444	-1.0	0.0	-1.0
445	25.0	3.0	1.0
446	24.0	3.0	1.0
447	-1.0	0.0	-1.0
448	-1.0	0.0	0.0
449	-1.0	0.0	-1.0
450	18.0	2.0	1.0
451	0.0	2.0	1.0
452	-1.0	0.0	-1.0
453	0.0	2.0	1.0
454	-1.0	0.0	-1.0
455	23.0	2.0	1.0
456	-1.0	0.0	0.0
457	21.0	3.0	1.0
458	-1.0	0.0	0.0
459	0.0	2.0	1.0
460	21.0	2.0	1.0
461	26.0	3.0	1.0
462	28.0	2.0	1.0
463	0.0	2.0	1.0
464	-1.0	0.0	-1.0
465	-1.0	0.0	0.0
466	-1.0	0.0	-1.0
467	-1.0	0.0	0.0
468	-1.0	0.0	0.0
469	22.0	2.0	1.0
470	24.0	3.0	1.0
471	-1.0	0.0	-1.0
472	27.0	3.0	1.0
473	0.0	2.0	1.0
474	-1.0	0.0	-1.0
475	-1.0	0.0	-1.0
476	16.0	2.0	1.0
477	28.0	3.0	1.0
478	13.0	2.0	1.0
479	-1.0	0.0	-1.0
480	-1.0	0.0	-1.0
481	-1.0	0.0	0.0
482	20.0	3.0	1.0
483	27.0	3.0	1.0
484	-1.0	0.0	0.0
485	-1.0	0.0	-1.0
486	0.0	2.0	1.0
487	-1.0	0.0	-1.0
488	0.0	2.0	1.0
489	26.0	2.0	1.0
490	-1.0	0.0	0.0
491	24.0	2.0	1.0
492	-1.0	0.0	0.0
493	-1.0	0.0	0.0
494	-1.0	0.0	-1.0
495	-1.0	0.0	0.0
496	26.0	3.0	1.0
497	-1.0	0.0	0.0
498	-1.0	0.0	0.0
499	-1.0	0.0	0.0
500	-1.0	0.0	-1.0
501	0.0	2.0	1.0
502	-1.0	0.0	0.0
503	19.0	2.0	1.0
504	18.0	3.0	1.0
505	-1.0	0.0	0.0
506	0.0	2.0	1.0
507	-1.0	0.0	0.0
508	26.0	3.0	1.0
509	-1.0	0.0	0.0
510	0.0	2.0	1.0
511	-1.0	0.0	-1.0
512	26.0	3.0	1.0
513	-1.0	0.0	0.0
514	25.0	2.0	1.0
515	0.0	2.0	1.0
516	-1.0	0.0	-1.0
517	-1.0	0.0	0.0
518	0.0	2.0	1.0
519	27.0	3.0	1.0
520	18.0	3.0	1.0
521	11.0	2.0	1.0
522	16.0	2.0	1.0
523	10.0	3.0	1.0
524	8.0	2.0	1.0
525	15.0	2.0	1.0
526	24.0	2.0	1.0
527	0.0	2.0	1.0
528	0.0	2.0	1.0
529	-1.0	0.0	0.0
530	19.0	3.0	1.0
531	26.0	3.0	1.0
532	-1.0	0.0	-1.0
533	-1.0	0.0	-1.0
534	15.0	2.0	1.0
535	10.0	3.0	1.0
536	17.0	2.0	1.0
537	-1.0	0.0	-1.0
538	19.0	3.0	1.0
539	-1.0	0.0	-1.0
540	-1.0	0.0	0.0
541	-1.0	0.0	-1.0
542	-1.0	0.0	0.0
543	-1.0	0.0	0.0
544	15.0	2.0	1.0
545	-1.0	0.0	-1.0
546	0.0	2.0	1.0
547	19.0	2.0	1.0
548	-1.0	0.0	0.0
549	0.0	2.0	1.0
550	-1.0	0.0	-1.0
551	0.0	2.0	1.0
552	-1.0	0.0	0.0
553	0.0	2.0	1.0
554	11.0	3.0	1.0
555	-1.0	0.0	-1.0
556	10.0	3.0	1.0
557	17.0	2.0	1.0
558	28.0	3.0	1.0
559	12.0	3.0	1.0
560	-1.0	0.0	-1.0
561	-1.0	0.0	0.0
562	23.0	3.0	1.0
563	-1.0	0.0	0.0
564	-1.0	0.0	-1.0
565	-1.0	0.0	-1.0
566	-1.0	0.0	-1.0
567	-1.0	0.0	-1.0
568	27.0	3.0	1.0
569	-1.0	0.0	-1.0
570	10.0	2.0	1.0
571	-1.0	0.0	-1.0
572	-1.0	0.0	-1.0
573	20.0	3.0	1.0
574	-1.0	0.0	-1.0
575	-1.0	0.0	-1.0
576	-1.0	0.0	-1.0
577	18.0	2.0	1.0
578	-1.0	0.0	-1.0
579	12.0	3.0	1.0
580	22.0	3.0	1.0
581	24.0	2.0	1.0
582	21.0	3.0	1.0
583	28.0	3.0	1.0
584	13.0	3.0	1.0
585	-1.0	0.0	-1.0
586	-1.0	0.0	-1.0
587	-1.0	0.0	-1.0
588	-1.0	0.0	-1.0
589	23.0	2.0	1.0
590	0.0	2.0	1.0
591	-1.0	0.0	-1.0
592	-1.0	0.0	0.0
593	-1.0	0.0	-1.0
594	-1.0	0.0	-1.0
595	-1.0	0.0	0.0
596	-1.0	0.0	-1.0
597	-1.0	0.0	0.0
598	-1.0	0.0	0.0
599	18.0	2.0	1.0
600	-1.0	0.0	-1.0
601	-1.0	0.0	-1.0
602	13.0	3.0	1.0
603	0.0	2.0	1.0
604	12.0	3.0	1.0
605	0.0	2.0	1.0
606	-1.0	0.0	-1.0
607	27.0	2.0	1.0
608	8.0	2.0	1.0
609	-1.0	0.0	-1.0
610	0.0	2.0	1.0
611	0.0	2.0	1.0
612	11.0	2.0	1.0
613	20.0	2.0	1.0
614	-1.0	0.0	-1.0
615	-1.0	0.0	-1.0
616	-1.0	0.0	-1.0
617	-1.0	0.0	-1.0
618	19.0	2.0	1.0
619	-1.0	0.0	0.0
620	-1.0	0.0	0.0
621	-1.0	0.0	-1.0
622	0.0	2.0	1.0
623	-1.0	0.0	-1.0
624	-1.0	0.0	-1.0
625	-1.0	0.0	0.0
626	24.0	2.0	1.0
627	17.0	2.0	1.0
628	16.0	3.0	1.0
629	-1.0	0.0	-1.0
630	23.0	2.0	1.0
631	-1.0	0.0	0.0
632	15.0	3.0	1.0
633	19.0	2.0	1.0
634	-1.0	0.0	-1.0
635	-1.0	0.0	-1.0
636	-1.0	0.0	-1.0
637	25.0	3.0	1.0
638	20.0	2.0	1.0
639	8.0	2.0	1.0
640	-1.0	0.0	0.0
641	-1.0	0.0	0.0
642	-1.0	0.0	-1.0
643	9.0	2.0	1.0
644	-1.0	0.0	-1.0
645	19.0	3.0	1.0
646	-1.0	0.0	0.0
647	-1.0	0.0	0.0
648	18.0	2.0	1.0
649	-1.0	0.0	-1.0
650	15.0	2.0	1.0
651	-1.0	0.0	-1.0
652	-1.0	0.0	-1.0
653	-1.0	0.0	0.0
654	12.0	2.0	1.0
655	-1.0	0.0	-1.0
656	-1.0	0.0	-1.0
657	-1.0	0.0	-1.0
658	-1.0	0.0	0.0
659	8.0	2.0	1.0
660	22.0	2.0	1.0
661	-1.0	0.0	0.0
662	24.0	3.0	1.0
663	-1.0	0.0	-1.0
664	-1.0	0.0	-1.0
665	-1.0	0.0	-1.0
666	-1.0	0.0	-1.0
667	-1.0	0.0	-1.0
668	25.0	3.0	1.0
669	-1.0	0.0	-1.0
670	22.0	3.0	1.0
671	-1.0	0.0	-1.0
672	23.0	3.0	1.0
673	-1.0	0.0	-1.0
674	-1.0	0.0	-1.0
675	11.0	2.0	1.0
676	17.0	2.0	1.0
677	16.0	3.0	1.0
678	-1.0	0.0	-1.0
679	0.0	2.0	1.0
680	-1.0	0.0	-1.0
681	8.0	2.0	1.0
682	-1.0	0.0	-1.0
683	0.0	2.0	1.0
684	20.0	3.0	1.0
685	-1.0	0.0	-1.0
686	-1.0	0.0	0.0
687	0.0	2.0	1.0
688	0.0	2.0	1.0
689	-1.0	0.0	-1.0
690	-1.0	0.0	0.0
691	-1.0	0.0	0.0
692	0.0	2.0	1.0
693	11.0	2.0	1.0
694	-1.0	0.0	0.0
695	-1.0	0.0	-1.0
696	12.0	3.0	1.0
697	25.0	3.0	1.0
698	24.0	2.0	1.0
699	-1.0	0.0	-1.0
700	-1.0	0.0	0.0
701	25.0	2.0	1.0
702	-1.0	0.0	-1.0
703	0.0	2.0	1.0
704	8.0	2.0	1.0
705	-1.0	0.0	-1.0
706	9.0	3.0	1.0
707	-1.0	0.0	0.0
708	-1.0	0.0	0.0
709	0.0	2.0	1.0
710	-1.0	0.0	-1.0
711	15.0	2.0	1.0
712	-1.0	0.0	-1.0
713	-1.0	0.0	0.0
714	-1.0	0.0	0.0
715	19.0	2.0	1.0
716	9.0	2.0	1.0
717	-1.0	0.0	0.0
718	0.0	2.0	1.0
719	16.0	2.0	1.0
720	20.0	3.0	1.0
721	-1.0	0.0	0.0
722	0.0	2.0	1.0
723	10.0	3.0	1.0
724	24.0	2.0	1.0
725	0.0	2.0	1.0
726	0.0	2.0	1.0
727	0.0	2.0	1.0
728	0.0	2.0	1.0
729	-1.0	0.0	-1.0
730	12.0	3.0	1.0
731	-1.0	0.0	-1.0
732	-1.0	0.0	0.0
733	-1.0	0.0	-1.0
734	0.0	2.0	1.0
735	0.0	2.0	1.0
736	-1.0	0.0	-1.0
737	-1.0	0.0	0.0
738	0.0	2.0	1.0
739	8.0	2.0	1.0
740	-1.0	0.0	0.0
741	22.0	2.0	1.0
742	-1.0	0.0	-1.0
743	-1.0	0.0	-1.0
744	0.0	2.0	1.0
745	-1.0	0.0	-1.0
746	-1.0	0.0	-1.0
747	0.0	2.0	1.0
748	18.0	3.0	1.0
749	-1.0	0.0	-1.0
750	-1.0	0.0	0.0
751	-1.0	0.0	-1.0
752	-1.0	0.0	-1.0
753	-1.0	0.0	0.0
754	28.0	3.0	1.0
755	0.0	2.0	1.0
756	15.0	2.0	1.0
757	-1.0	0.0	-1.0
758	-1.0	0.0	-1.0
759	25.0	3.0	1.0
760	-1.0	0.0	0.0
761	-1.0	0.0	-1.0
762	18.0	3.0	1.0
763	-1.0	0.0	0.0
764	0.0	2.0	1.0
765	-1.0	0.0	0.0
766	9.0	2.0	1.0
767	0.0	2.0	1.0
768	-1.0	0.0	0.0
769	0.0	2.0	1.0
770	22.0	2.0	1.0
771	-1.0	0.0	-1.0
772	23.0	2.0	1.0
773	8.0	2.0	1.0
774	16.0	2.0	1.0
775	-1.0	0.0	-1.0
776	25.0	2.0	1.0
777	-1.0	0.0	-1.0
778	22.0	2.0	1.0
779	-1.0	0.0	0.0
780	-1.0	0.0	-1.0
781	-1.0	0.0	-1.0
782	8.0	2.0	1.0
783	-1.0	0.0	0.0
784	-1.0	0.0	-1.0
785	-1.0	0.0	-1.0
786	-1.0	0.0	0.0
787	0.0	2.0	1.0
788	0.0	2.0	1.0
789	20.0	3.0	1.0
790	15.0	2.0	1.0
791	17.0	3.0	1.0
792	-1.0	0.0	-1.0
793	-1.0	0.0	0.0
794	-1.0	0.0	0.0
795	-1.0	0.0	-1.0
796	-1.0	0.0	-1.0
797	-1.0	0.0	-1.0
798	25.0	2.0	1.0
799	-1.0	0.0	0.0
800	24.0	2.0	1.0
801	-1.0	0.0	0.0
802	9.0	2.0	1.0
803	0.0	2.0	1.0
804	-1.0	0.0	-1.0
805	24.0	2.0	1.0
806	14.0	3.0	1.0
807	-1.0	0.0	-1.0
808	-1.0	0.0	0.0
809	26.0	3.0	1.0
810	12.0	3.0	1.0
811	0.0	2.0	1.0
812	24.0	3.0	1.0
813	0.0	2.0	1.0
814	-1.0	0.0	-1.0
815	-1.0	0.0	-1.0
816	14.0	3.0	1.0
817	-1.0	0.0	0.0
818	-1.0	0.0	0.0
819	12.0	3.0	1.0
820	-1.0	0.0	-1.0
821	-1.0	0.0	-1.0
822	0.0	2.0	1.0
823	27.0	2.0	1.0
824	-1.0	0.0	0.0
825	-1.0	0.0	0.0
826	28.0	3.0	1.0
827	24.0	3.0	1.0
828	10.0	2.0	1.0
829	-1.0	0.0	-1.0
830	-1.0	0.0	0.0
831	-1.0	0.0	-1.0
832	-1.0	0.0	-1.0
833	-1.0	0.0	-1.0
834	26.0	3.0	1.0
835	0.0	2.0	1.0
836	-1.0	0.0	-1.0
837	-1.0	0.0	-1.0
838	-1.0	0.0	0.0
839	0.0	2.0	1.0
840	0.0	2.0	1.0
841	0.0	2.0	1.0
842	-1.0	0.0	-1.0
843	-1.0	0.0	-1.0
844	10.0	2.0	1.0
845	12.0	3.0	1.0
846	0.0	2.0	1.0
847	0.0	2.0	1.0
848	-1.0	0.0	0.0
849	-1.0	0.0	0.0
850	-1.0	0.0	0.0
851	20.0	3.0	1.0
852	15.0	2.0	1.0
853	28.0	2.0	1.0
854	28.0	2.0	1.0
855	-1.0	0.0	-1.0
856	-1.0	0.0	0.0
857	-1.0	0.0	-1.0
858	-1.0	0.0	-1.0
859	-1.0	0.0	-1.0
860	0.0	2.0	1.0
861	15.0	2.0	1.0
862	0.0	2.0	1.0
863	-1.0	0.0	0.0
864	-1.0	0.0	-1.0
865	26.0	2.0	1.0
866	19.0	3.0	1.0
867	24.0	2.0	1.0
868	-1.0	0.0	0.0
869	-1.0	0.0	-1.0
870	-1.0	0.0	-1.0
871	-1.0	0.0	0.0
872	-1.0	0.0	0.0
873	25.0	3.0	1.0
874	8.0	2.0	1.0
875	-1.0	0.0	0.0
876	-1.0	0.0	-1.0
877	9.0	2.0	1.0
878	-1.0	0.0	0.0
879	12.0	2.0	1.0
880	-1.0	0.0	0.0
881	-1.0	0.0	-1.0
882	-1.0	0.0	-1.0
883	0.0	2.0	1.0
884	-1.0	0.0	0.0
885	-1.0	0.0	0.0
886	-1.0	0.0	-1.0
887	-1.0	0.0	0.0
888	0.0	2.0	1.0
889	-1.0	0.0	-1.0
890	-1.0	0.0	0.0
891	-1.0	0.0	-1.0
892	0.0	2.0	1.0
893	12.0	3.0	1.0
894	-1.0	0.0	-1.0
895	19.0	3.0	1.0
896	-1.0	0.0	-1.0
897	-1.0	0.0	0.0
898	-1.0	0.0	-1.0
899	16.0	3.0	1.0
900	-1.0	0.0	-1.0
901	-1.0	0.0	-1.0
902	-1.0	0.0	0.0
903	0.0	2.0	1.0
904	27.0	3.0	1.0
905	0.0	2.0	1.0
906	8.0	2.0	1.0
907	19.0	3.0	1.0
908	10.0	2.0	1.0
909	25.0	2.0	1.0
910	-1.0	0.0	-1.0
911	0.0	2.0	1.0
912	-1.0	0.0	0.0
913	-1.0	0.0	0.0
914	-1.0	0.0	0.0
915	0.0	2.0	1.0
916	-1.0	0.0	-1.0
917	17.0	2.0	1.0
918	19.0	3.0	1.0
919	-1.0	0.0	-1.0
920	24.0	2.0	1.0
921	10.0	2.0	1.0
922	-1.0	0.0	0.0
923	-1.0	0.0	-1.0
924	-1.0	0.0	0.0
925	-1.0	0.0	0.0
926	-1.0	0.0	-1.0
927	0.0	2.0	1.0
928	-1.0	0.0	-1.0
929	12.0	2.0	1.0
930	-1.0	0.0	-1.0
931	15.0	2.0	1.0
932	-1.0	0.0	-1.0
933	-1.0	0.0	-1.0
934	-1.0	0.0	0.0
935	-1.0	0.0	0.0
936	-1.0	0.0	-1.0
937	-1.0	0.0	-1.0
938	-1.0	0.0	0.0
939	0.0	2.0	1.0
940	25.0	2.0	1.0
941	-1.0	0.0	-1.0
942	0.0	2.0	1.0
943	-1.0	0.0	0.0
944	19.0	2.0	1.0
945	0.0	2.0	1.0
946	0.0	2.0	1.0
947	-1.0	0.0	-1.0
948	-1.0	0.0	0.0
949	-1.0	0.0	0.0
950	-1.0	0.0	0.0
951	-1.0	0.0	0.0
952	22.0	2.0	1.0
953	20.0	2.0	1.0
954	15.0	2.0	1.0
955	-1.0	0.0	-1.0
956	-1.0	0.0	0.0
957	-1.0	0.0	-1.0
958	-1.0	0.0	-1.0
959	15.0	2.0	1.0
960	-1.0	0.0	-1.0
961	-1.0	0.0	0.0
962	0.0	2.0	1.0
963	-1.0	0.0	0.0
964	-1.0	0.0	0.0
965	0.0	2.0	1.0
966	18.0	3.0	1.0
967	8.0	3.0	1.0
968	-1.0	0.0	-1.0
969	-1.0	0.0	-1.0
970	22.0	2.0	1.0
971	-1.0	0.0	-1.0
972	-1.0	0.0	-1.0
973	-1.0	0.0	-1.0
974	-1.0	0.0	0.0
975	-1.0	0.0	0.0
976	25.0	2.0	1.0
977	21.0	3.0	1.0
978	0.0	2.0	1.0
979	-1.0	0.0	-1.0
980	24.0	2.0	1.0
981	-1.0	0.0	0.0
982	-1.0	0.0	-1.0
983	-1.0	0.0	0.0
984	10.0	2.0	1.0
985	-1.0	0.0	0.0
986	-1.0	0.0	-1.0
987	-1.0	0.0	-1.0
988	0.0	2.0	1.0
989	-1.0	0.0	0.0
990	-1.0	0.0	-1.0
991	-1.0	0.0	0.0
992	0.0	2.0	1.0
993	-1.0	0.0	-1.0
994	-1.0	0.0	-1.0
995	9.0	2.0	1.0
996	11.0	3.0	1.0
997	-1.0	0.0	-1.0
998	-1.0	0.0	0.0
999	-1.0	0.0	-1.0
1000	-1.0	0.0	-1.0
1001	13.0	2.0	1.0
1002	-1.0	0.0	0.0
1003	-1.0	0.0	-1.0
1004	-1.0	0.0	0.0
1005	-1.0	0.0	0.0
1006	11.0	2.0	1.0
1007	-1.0	0.0	0.0
1008	-1.0	0.0	0.0
1009	-1.0	0.0	0.0
1010	26.0	2.0	1.0
1011	-1.0	0.0	-1.0
1012	-1.0	0.0	-1.0
1013	-1.0	0.0	-1.0
1014	-1.0	0.0	-1.0
1015	-1.0	0.0	0.0
1016	-1.0	0.0	-1.0
1017	-1.0	0.0	-1.0
1018	-1.0	0.0	-1.0
1019	13.0	2.0	1.0
1020	0.0	2.0	1.0
1021	-1.0	0.0	-1.0
1022	0.0	2.0	1.0
1023	-1.0	0.0	0.0
1024	-1.0	0.0	0.0
1025	-1.0	0.0	0.0
1026	0.0	2.0	1.0
1027	8.0	2.0	1.0
1028	11.0	3.0	1.0
1029	-1.0	0.0	0.0
1030	-1.0	0.0	-1.0
1031	-1.0	0.0	-1.0
1032	-1.0	0.0	-1.0
1033	-1.0	0.0	0.0
1034	0.0	2.0	1.0
1035	17.0	2.0	1.0
1036	-1.0	0.0	0.0
1037	-1.0	0.0	-1.0
1038	-1.0	0.0	0.0
1039	-1.0	0.0	0.0
1040	-1.0	0.0	0.0
1041	-1.0	0.0	-1.0
1042	-1.0	0.0	0.0
1043	-1.0	0.0	-1.0
1044	0.0	2.0	1.0
1045	-1.0	0.0	-1.0
1046	15.0	2.0	1.0
1047	8.0	2.0	1.0
1048	-1.0	0.0	0.0
1049	-1.0	0.0	-1.0
1050	-1.0	0.0	0.0
1051	13.0	3.0	1.0
1052	-1.0	0.0	0.0
1053	0.0	2.0	1.0
1054	-1.0	0.0	-1.0
1055	-1.0	0.0	0.0
1056	-1.0	0.0	-1.0
1057	15.0	3.0	1.0
1058	15.0	2.0	1.0
1059	0.0	2.0	1.0
1060	-1.0	0.0	-1.0
1061	9.0	2.0	1.0
1062	0.0	2.0	1.0
1063	10.0	2.0	1.0
1064	22.0	3.0	1.0
1065	0.0	2.0	1.0
1066	-1.0	0.0	0.0
1067	-1.0	0.0	-1.0
1068	-1.0	0.0	-1.0
1069	-1.0	0.0	-1.0
1070	23.0	2.0	1.0
1071	-1.0	0.0	0.0
1072	-1.0	0.0	0.0
1073	-1.0	0.0	0.0
1074	24.0	2.0	1.0
1075	0.0	2.0	1.0
1076	-1.0	0.0	-1.0
1077	0.0	2.0	1.0
1078	-1.0	0.0	0.0
1079	-1.0	0.0	0.0
1080	-1.0	0.0	-1.0
1081	-1.0	0.0	0.0
1082	-1.0	0.0	0.0
1083	-1.0	0.0	0.0
1084	14.0	2.0	1.0
1085	-1.0	0.0	-1.0
1086	27.0	3.0	1.0
1087	-1.0	0.0	-1.0
1088	-1.0	0.0	-1.0
1089	0.0	2.0	1.0
1090	8.0	2.0	1.0
1091	0.0	2.0	1.0
1092	-1.0	0.0	-1.0
1093	-1.0	0.0	-1.0
1094	-1.0	0.0	-1.0
1095	21.0	2.0	1.0
1096	19.0	2.0	1.0
1097	10.0	2.0	1.0
1098	-1.0	0.0	0.0
1099	-1.0	0.0	-1.0
1100	9.0	3.0	1.0
1101	-1.0	0.0	0.0
1102	15.0	2.0	1.0
1103	-1.0	0.0	0.0
1104	-1.0	0.0	0.0
1105	-1.0	0.0	0.0
1106	-1.0	0.0	0.0
1107	-1.0	0.0	-1.0
1108	-1.0	0.0	-1.0
1109	-1.0	0.0	-1.0
1110	12.0	2.0	1.0
1111	-1.0	0.0	0.0
1112	-1.0	0.0	-1.0
1113	0.0	2.0	1.0
1114	-1.0	0.0	-1.0
1115	-1.0	0.0	0.0
1116	-1.0	0.0	-1.0
1117	-1.0	0.0	0.0
1118	10.0	2.0	1.0
1119	-1.0	0.0	-1.0
1120	-1.0	0.0	-1.0
1121	-1.0	0.0	-1.0
1122	-1.0	0.0	-1.0
1123	-1.0	0.0	-1.0
1124	-1.0	0.0	0.0
1125	16.0	2.0	1.0
1126	-1.0	0.0	0.0
1127	-1.0	0.0	-1.0
1128	-1.0	0.0	-1.0
1129	-1.0	0.0	0.0
1130	8.0	2.0	1.0
1131	-1.0	0.0	0.0
1132	28.0	3.0	1.0
1133	15.0	2.0	1.0
1134	-1.0	0.0	-1.0
1135	-1.0	0.0	0.0
1136	-1.0	0.0	-1.0
1137	-1.0	0.0	-1.0
1138	28.0	2.0	1.0
1139	-1.0	0.0	-1.0
1140	-1.0	0.0	-1.0
1141	-1.0	0.0	-1.0
1142	24.0	2.0	1.0
1143	13.0	2.0	1.0
1144	-1.0	0.0	0.0
1145	-1.0	0.0	0.0
1146	-1.0	0.0	0.0
1147	-1.0	0.0	-1.0
1148	-1.0	0.0	-1.0
1149	-1.0	0.0	0.0
1150	27.0	3.0	1.0
1151	-1.0	0.0	0.0
1152	-1.0	0.0	-1.0
1153	-1.0	0.0	0.0
1154	-1.0	0.0	-1.0
1155	-1.0	0.0	0.0
1156	-1.0	0.0	0.0
1157	-1.0	0.0	0.0
1158	0.0	2.0	1.0
1159	-1.0	0.0	0.0
1160	-1.0	0.0	-1.0
1161	18.0	2.0	1.0
1162	-1.0	0.0	-1.0
1163	-1.0	0.0	0.0
1164	25.0	2.0	1.0
1165	-1.0	0.0	0.0
1166	13.0	2.0	1.0
1167	-1.0	0.0	0.0
1168	-1.0	0.0	-1.0
1169	-1.0	0.0	-1.0
1170	28.0	3.0	1.0
1171	-1.0	0.0	-1.0
1172	8.0	2.0	1.0
1173	-1.0	0.0	0.0
1174	-1.0	0.0	-1.0
1175	-1.0	0.0	-1.0
1176	-1.0	0.0	-1.0
1177	-1.0	0.0	-1.0
1178	14.0	2.0	1.0
1179	-1.0	0.0	-1.0
1180	-1.0	0.0	-1.0
1181	-1.0	0.0	-1.0
1182	18.0	2.0	1.0
1183	23.0	2.0	1.0
1184	8.0	2.0	1.0
1185	-1.0	0.0	0.0
1186	-1.0	0.0	-1.0
1187	-1.0	0.0	-1.0
1188	-1.0	0.0	-1.0
1189	-1.0	0.0	0.0
1190	-1.0	0.0	0.0
1191	-1.0	0.0	0.0
1192	-1.0	0.0	-1.0
1193	15.0	2.0	1.0
1194	-1.0	0.0	-1.0
1195	-1.0	0.0	-1.0
1196	-1.0	0.0	-1.0
1197	-1.0	0.0	0.0
1198	-1.0	0.0	-1.0
1199	20.0	3.0	1.0
1200	-1.0	0.0	0.0
1201	-1.0	0.0	0.0
1202	-1.0	0.0	0.0
1203	-1.0	0.0	-1.0
1204	0.0	2.0	1.0
1205	-1.0	0.0	0.0
1206	-1.0	0.0	0.0
1207	-1.0	0.0	-1.0
1208	12.0	2.0	1.0
1209	-1.0	0.0	0.0
1210	15.0	2.0	1.0
1211	-1.0	0.0	0.0
1212	-1.0	0.0	-1.0
1213	-1.0	0.0	0.0
1214	-1.0	0.0	0.0
1215	-1.0	0.0	0.0
1216	-1.0	0.0	0.0
1217	-1.0	0.0	-1.0
1218	-1.0	0.0	0.0
1219	11.0	2.0	1.0
1220	-1.0	0.0	-1.0
1221	-1.0	0.0	-1.0
1222	-1.0	0.0	-1.0
1223	-1.0	0.0	-1.0
1224	15.0	3.0	1.0
1225	-1.0	0.0	-1.0
1226	-1.0	0.0	0.0
1227	25.0	3.0	1.0
1228	0.0	2.0	1.0
1229	-1.0	0.0	-1.0
1230	12.0	3.0	1.0
1231	26.0	2.0	1.0
1232	20.0	3.0	1.0
1233	-1.0	0.0	0.0
1234	-1.0	0.0	-1.0
1235	28.0	2.0	1.0
1236	0.0	2.0	1.0
1237	16.0	2.0	1.0
1238	-1.0	0.0	0.0
1239	-1.0	0.0	-1.0
1240	-1.0	0.0	-1.0
1241	-1.0	0.0	-1.0
1242	-1.0	0.0	-1.0
1243	-1.0	0.0	0.0
1244	20.0	2.0	1.0
1245	-1.0	0.0	-1.0
1246	-1.0	0.0	0.0
1247	-1.0	0.0	0.0
1248	-1.0	0.0	0.0
1249	-1.0	0.0	-1.0
1250	-1.0	0.0	-1.0
1251	10.0	2.0	1.0
1252	-1.0	0.0	0.0
1253	-1.0	0.0	0.0
1254	-1.0	0.0	-1.0
1255	9.0	2.0	1.0
1256	-1.0	0.0	-1.0
1257	-1.0	0.0	-1.0
1258	-1.0	0.0	-1.0
1259	-1.0	0.0	-1.0
1260	-1.0	0.0	0.0
1261	27.0	2.0	1.0
1262	-1.0	0.0	-1.0
1263	-1.0	0.0	0.0
1264	-1.0	0.0	0.0
1265	-1.0	0.0	0.0
1266	23.0	2.0	1.0
1267	0.0	2.0	1.0
1268	25.0	2.0	1.0
1269	-1.0	0.0	0.0
1270	9.0	2.0	1.0
1271	-1.0	0.0	-1.0
1272	-1.0	0.0	-1.0
1273	-1.0	0.0	0.0
1274	0.0	2.0	1.0
1275	10.0	2.0	1.0
1276	12.0	3.0	1.0
1277	13.0	2.0	1.0
1278	-1.0	0.0	-1.0
1279	-1.0	0.0	0.0
1280	0.0	2.0	1.0
1281	0.0	2.0	1.0
1282	8.0	2.0	1.0
1283	-1.0	0.0	-1.0
1284	21.0	3.0	1.0
1285	-1.0	0.0	-1.0
1286	-1.0	0.0	-1.0
1287	-1.0	0.0	-1.0
1288	17.0	2.0	1.0
1289	12.0	2.0	1.0
1290	-1.0	0.0	-1.0
1291	-1.0	0.0	-1.0
1292	-1.0	0.0	0.0
1293	-1.0	0.0	-1.0
1294	-1.0	0.0	0.0
1295	-1.0	0.0	-1.0
1296	-1.0	0.0	0.0
1297	23.0	3.0	1.0
1298	-1.0	0.0	0.0
1299	10.0	2.0	1.0
1300	-1.0	0.0	0.0
1301	-1.0	0.0	-1.0
1302	-1.0	0.0	0.0
1303	-1.0	0.0	-1.0
1304	-1.0	0.0	-1.0
1305	28.0	3.0	1.0
1306	-1.0	0.0	-1.0
1307	24.0	3.0	1.0
1308	-1.0	0.0	-1.0
1309	-1.0	0.0	0.0
1310	-1.0	0.0	-1.0
1311	10.0	2.0	1.0
1312	-1.0	0.0	-1.0
1313	0.0	2.0	1.0
1314	16.0	2.0	1.0
1315	-1.0	0.0	-1.0
1316	-1.0	0.0	-1.0
1317	0.0	2.0	1.0
1318	0.0	2.0	1.0
1319	0.0	2.0	1.0
1320	-1.0	0.0	0.0
1321	-1.0	0.0	-1.0
1322	0.0	2.0	1.0
1323	-1.0	0.0	-1.0
1324	-1.0	0.0	0.0
1325	-1.0	0.0	0.0
1326	-1.0	0.0	-1.0
1327	-1.0	0.0	0.0
1328	15.0	2.0	1.0
1329	-1.0	0.0	-1.0
1330	-1.0	0.0	0.0
1331	-1.0	0.0	0.0
1332	-1.0	0.0	-1.0
1333	-1.0	0.0	0.0
1334	23.0	2.0	1.0
1335	-1.0	0.0	-1.0
1336	0.0	2.0	1.0
1337	0.0	2.0	1.0
1338	23.0	2.0	1.0
1339	-1.0	0.0	0.0
1340	12.0	2.0	1.0
1341	11.0	2.0	1.0
1342	20.0	3.0	1.0
1343	24.0	2.0	1.0
1344	12.0	2.0	1.0
1345	27.0	2.0	1.0
1346	-1.0	0.0	-1.0
1347	-1.0	0.0	-1.0
1348	12.0	2.0	1.0
1349	-1.0	0.0	0.0
1350	-1.0	0.0	-1.0
1351	-1.0	0.0	-1.0
1352	-1.0	0.0	-1.0
1353	14.0	3.0	1.0
1354	-1.0	0.0	0.0
1355	-1.0	0.0	-1.0
1356	-1.0	0.0	-1.0
1357	13.0	3.0	1.0
1358	-1.0	0.0	-1.0
1359	0.0	2.0	1.0
1360	-1.0	0.0	0.0
1361	-1.0	0.0	-1.0
1362	-1.0	0.0	-1.0
1363	20.0	3.0	1.0
1364	-1.0	0.0	-1.0
1365	-1.0	0.0	-1.0
1366	17.0	2.0	1.0
1367	-1.0	0.0	-1.0
1368	-1.0	0.0	-1.0
1369	-1.0	0.0	-1.0
1370	-1.0	0.0	-1.0
1371	-1.0	0.0	-1.0
1372	-1.0	0.0	-1.0
1373	-1.0	0.0	-1.0
1374	-1.0	0.0	0.0
1375	-1.0	0.0	-1.0
1376	-1.0	0.0	0.0
1377	-1.0	0.0	0.0
1378	-1.0	0.0	-1.0
1379	-1.0	0.0	-1.0
1380	18.0	2.0	1.0
1381	27.0	3.0	1.0
1382	-1.0	0.0	-1.0
1383	-1.0	0.0	-1.0
1384	-1.0	0.0	0.0
1385	0.0	2.0	1.0
1386	-1.0	0.0	-1.0
1387	-1.0	0.0	0.0
1388	19.0	3.0	1.0
1389	-1.0	0.0	-1.0
1390	-1.0	0.0	0.0
1391	-1.0	0.0	-1.0
1392	0.0	2.0	1.0
1393	0.0	2.0	1.0
1394	-1.0	0.0	0.0
1395	26.0	3.0	1.0
1396	25.0	2.0	1.0
1397	-1.0	0.0	-1.0
1398	-1.0	0.0	-1.0
1399	-1.0	0.0	0.0
1400	-1.0	0.0	-1.0
1401	-1.0	0.0	0.0
1402	17.0	2.0	1.0
1403	-1.0	0.0	-1.0
1404	-1.0	0.0	0.0
1405	26.0	2.0	1.0
1406	19.0	2.0	1.0
1407	-1.0	0.0	-1.0
1408	-1.0	0.0	-1.0
1409	21.0	3.0	1.0
1410	0.0	2.0	1.0
1411	0.0	2.0	1.0
1412	-1.0	0.0	-1.0
1413	9.0	2.0	1.0
1414	-1.0	0.0	0.0
1415	-1.0	0.0	-1.0
1416	-1.0	0.0	0.0
1417	-1.0	0.0	-1.0
1418	15.0	2.0	1.0
1419	-1.0	0.0	-1.0
1420	0.0	2.0	1.0
1421	-1.0	0.0	0.0
1422	-1.0	0.0	0.0
1423	-1.0	0.0	-1.0
1424	-1.0	0.0	-1.0
1425	-1.0	0.0	-1.0
1426	-1.0	0.0	0.0
1427	-1.0	0.0	-1.0
1428	11.0	2.0	1.0
1429	-1.0	0.0	-1.0
1430	-1.0	0.0	-1.0
1431	-1.0	0.0	-1.0
1432	-1.0	0.0	0.0
1433	14.0	2.0	1.0
1434	-1.0	0.0	0.0
1435	-1.0	0.0	0.0
1436	10.0	2.0	1.0
1437	18.0	2.0	1.0
1438	21.0	2.0	1.0
1439	-1.0	0.0	-1.0
1440	-1.0	0.0	-1.0
1441	-1.0	0.0	0.0
1442	-1.0	0.0	-1.0
1443	-1.0	0.0	-1.0
1444	-1.0	0.0	-1.0
1445	-1.0	0.0	0.0
1446	24.0	3.0	1.0
1447	-1.0	0.0	0.0
1448	-1.0	0.0	0.0
1449	27.0	2.0	1.0
1450	-1.0	0.0	-1.0
1451	-1.0	0.0	-1.0
1452	-1.0	0.0	0.0
1453	-1.0	0.0	0.0
1454	0.0	2.0	1.0
1455	0.0	2.0	1.0
1456	-1.0	0.0	-1.0
1457	-1.0	0.0	-1.0
1458	-1.0	0.0	-1.0
1459	17.0	2.0	1.0
1460	25.0	2.0	1.0
1461	20.0	2.0	1.0
1462	-1.0	0.0	-1.0
1463	-1.0	0.0	-1.0
1464	0.0	2.0	1.0
1465	-1.0	0.0	-1.0
1466	-1.0	0.0	0.0
1467	-1.0	0.0	-1.0
1468	-1.0	0.0	-1.0
1469	-1.0	0.0	-1.0
1470	22.0	2.0	1.0
1471	-1.0	0.0	-1.0
1472	18.0	2.0	1.0
1473	-1.0	0.0	0.0
1474	-1.0	0.0	-1.0
1475	-1.0	0.0	-1.0
1476	-1.0	0.0	0.0
1477	22.0	2.0	1.0
1478	-1.0	0.0	-1.0
1479	-1.0	0.0	-1.0
1480	-1.0	0.0	-1.0
1481	-1.0	0.0	-1.0
1482	19.0	3.0	1.0
1483	-1.0	0.0	0.0
1484	0.0	2.0	1.0
1485	-1.0	0.0	-1.0
1486	-1.0	0.0	-1.0
1487	-1.0	0.0	-1.0
1488	-1.0	0.0	-1.0
1489	12.0	2.0	1.0
1490	-1.0	0.0	0.0
1491	0.0	2.0	1.0
1492	19.0	2.0	1.0
1493	-1.0	0.0	0.0
1494	-1.0	0.0	0.0
1495	0.0	2.0	1.0
1496	16.0	2.0	1.0
1497	-1.0	0.0	-1.0
1498	-1.0	0.0	0.0
1499	-1.0	0.0	-1.0
1500	-1.0	0.0	0.0
1501	-1.0	0.0	-1.0
1502	-1.0	0.0	-1.0
1503	-1.0	0.0	-1.0
1504	-1.0	0.0	-1.0
1505	0.0	2.0	1.0
1506	-1.0	0.0	0.0
1507	-1.0	0.0	-1.0
1508	0.0	2.0	1.0
1509	-1.0	0.0	0.0
1510	-1.0	0.0	0.0
1511	-1.0	0.0	0.0
1512	-1.0	0.0	0.0
1513	18.0	2.0	1.0
1514	-1.0	0.0	-1.0
1515	-1.0	0.0	-1.0
1516	-1.0	0.0	-1.0
1517	-1.0	0.0	0.0
1518	-1.0	0.0	0.0
1519	-1.0	0.0	-1.0
1520	-1.0	0.0	-1.0
1521	-1.0	0.0	-1.0
1522	-1.0	0.0	-1.0
1523	-1.0	0.0	-1.0
1524	-1.0	0.0	-1.0
1525	-1.0	0.0	-1.0
1526	-1.0	0.0	-1.0
1527	-1.0	0.0	0.0
1528	-1.0	0.0	-1.0
1529	-1.0	0.0	0.0
1530	-1.0	0.0	-1.0
1531	-1.0	0.0	-1.0
1532	-1.0	0.0	-1.0
1533	-1.0	0.0	0.0
1534	-1.0	0.0	-1.0
1535	-1.0	0.0	-1.0
1536	26.0	3.0	1.0
1537	-1.0	0.0	-1.0
1538	-1.0	0.0	0.0
1539	27.0	2.0	1.0
1540	-1.0	0.0	-1.0
1541	19.0	2.0	1.0
1542	-1.0	0.0	0.0
1543	21.0	2.0	1.0
1544	-1.0	0.0	0.0
1545	-1.0	0.0	-1.0
1546	-1.0	0.0	0.0
1547	0.0	2.0	1.0
1548	28.0	2.0	1.0
1549	-1.0	0.0	0.0
1550	10.0	3.0	1.0
1551	-1.0	0.0	0.0
1552	11.0	3.0	1.0
1553	-1.0	0.0	-1.0
1554	-1.0	0.0	0.0
1555	-1.0	0.0	-1.0
1556	-1.0	0.0	-1.0
1557	-1.0	0.0	-1.0
1558	0.0	2.0	1.0
1559	-1.0	0.0	0.0
1560	-1.0	0.0	-1.0
1561	28.0	2.0	1.0
1562	-1.0	0.0	0.0
1563	0.0	2.0	1.0
1564	-1.0	0.0	0.0
1565	-1.0	0.0	-1.0
1566	-1.0	0.0	-1.0
1567	-1.0	0.0	-1.0
1568	0.0	2.0	1.0
1569	-1.0	0.0	0.0
1570	-1.0	0.0	0.0
1571	-1.0	0.0	-1.0
1572	-1.0	0.0	-1.0
1573	-1.0	0.0	-1.0
1574	10.0	2.0	1.0
1575	-1.0	0.0	-1.0
1576	-1.0	0.0	-1.0
1577	-1.0	0.0	0.0
1578	-1.0	0.0	0.0
1579	0.0	2.0	1.0
1580	-1.0	0.0	0.0
1581	-1.0	0.0	-1.0
1582	-1.0	0.0	0.0
1583	-1.0	0.0	0.0
1584	-1.0	0.0	-1.0
1585	-1.0	0.0	0.0
1586	24.0	3.0	1.0
1587	0.0	2.0	1.0
1588	0.0	2.0	1.0
1589	12.0	2.0	1.0
1590	-1.0	0.0	-1.0
1591	-1.0	0.0	0.0
1592	19.0	2.0	1.0
1593	-1.0	0.0	0.0
1594	-1.0	0.0	0.0
1595	0.0	2.0	1.0
1596	-1.0	0.0	-1.0
1597	-1.0	0.0	-1.0
1598	16.0	2.0	1.0
1599	-1.0	0.0	0.0
1600	-1.0	0.0	0.0
1601	20.0	2.0	1.0
1602	-1.0	0.0	-1.0
1603	-1.0	0.0	0.0
1604	-1.0	0.0	0.0
1605	12.0	2.0	1.0
1606	-1.0	0.0	-1.0
1607	-1.0	0.0	-1.0
1608	-1.0	0.0	-1.0
1609	0.0	2.0	1.0
1610	-1.0	0.0	-1.0
1611	-1.0	0.0	-1.0
1612	-1.0	0.0	-1.0
1613	-1.0	0.0	-1.0
1614	-1.0	0.0	-1.0
1615	-1.0	0.0	-1.0
1616	-1.0	0.0	-1.0
1617	14.0	3.0	1.0
1618	-1.0	0.0	0.0
1619	-1.0	0.0	-1.0
1620	-1.0	0.0	-1.0
1621	-1.0	0.0	0.0
1622	0.0	2.0	1.0
1623	-1.0	0.0	0.0
1624	-1.0	0.0	0.0
1625	12.0	2.0	1.0
1626	-1.0	0.0	-1.0
1627	-1.0	0.0	-1.0
1628	-1.0	0.0	-1.0
1629	0.0	2.0	1.0
1630	-1.0	0.0	-1.0
1631	-1.0	0.0	-1.0
1632	0.0	2.0	1.0
1633	-1.0	0.0	-1.0
1634	-1.0	0.0	-1.0
1635	-1.0	0.0	-1.0
1636	-1.0	0.0	-1.0
1637	-1.0	0.0	-1.0
1638	12.0	3.0	1.0
1639	-1.0	0.0	0.0
1640	0.0	2.0	1.0
1641	-1.0	0.0	-1.0
1642	-1.0	0.0	0.0
1643	0.0	2.0	1.0
1644	-1.0	0.0	-1.0
1645	0.0	2.0	1.0
1646	-1.0	0.0	0.0
1647	-1.0	0.0	0.0
1648	-1.0	0.0	0.0
1649	-1.0	0.0	0.0
1650	-1.0	0.0	-1.0
1651	-1.0	0.0	0.0
1652	-1.0	0.0	-1.0
1653	-1.0	0.0	-1.0
1654	28.0	2.0	1.0
1655	-1.0	0.0	-1.0
1656	25.0	2.0	1.0
1657	-1.0	0.0	-1.0
1658	-1.0	0.0	-1.0
1659	14.0	2.0	1.0
1660	-1.0	0.0	-1.0
1661	27.0	2.0	1.0
1662	0.0	2.0	1.0
1663	-1.0	0.0	-1.0
1664	15.0	2.0	1.0
1665	-1.0	0.0	-1.0
1666	28.0	2.0	1.0
1667	0.0	2.0	1.0
1668	-1.0	0.0	0.0
1669	-1.0	0.0	-1.0
1670	-1.0	0.0	-1.0
1671	14.0	3.0	1.0
1672	-1.0	0.0	-1.0
1673	-1.0	0.0	0.0
1674	-1.0	0.0	0.0
1675	0.0	2.0	1.0
1676	-1.0	0.0	-1.0
1677	-1.0	0.0	0.0
1678	-1.0	0.0	-1.0
1679	-1.0	0.0	0.0
1680	26.0	2.0	1.0
1681	28.0	2.0	1.0
1682	-1.0	0.0	-1.0
1683	-1.0	0.0	-1.0
1684	-1.0	0.0	-1.0
1685	-1.0	0.0	0.0
1686	-1.0	0.0	-1.0
1687	-1.0	0.0	-1.0
1688	-1.0	0.0	0.0
1689	-1.0	0.0	0.0
1690	-1.0	0.0	0.0
1691	-1.0	0.0	0.0
1692	-1.0	0.0	-1.0
1693	-1.0	0.0	0.0
1694	-1.0	0.0	0.0
1695	0.0	2.0	1.0
1696	0.0	2.0	1.0
1697	-1.0	0.0	-1.0
1698	-1.0	0.0	-1.0
1699	10.0	3.0	1.0
1700	-1.0	0.0	-1.0
1701	0.0	2.0	1.0
1702	15.0	2.0	1.0
1703	28.0	2.0	1.0
1704	-1.0	0.0	0.0
1705	-1.0	0.0	-1.0
1706	-1.0	0.0	0.0
1707	-1.0	0.0	-1.0
1708	17.0	2.0	1.0
1709	-1.0	0.0	0.0
1710	-1.0	0.0	-1.0
1711	-1.0	0.0	-1.0
1712	-1.0	0.0	-1.0
1713	0.0	2.0	1.0
1714	0.0	2.0	1.0
1715	-1.0	0.0	-1.0
1716	-1.0	0.0	0.0
1717	-1.0	0.0	-1.0
1718	-1.0	0.0	-1.0
1719	9.0	3.0	1.0
1720	-1.0	0.0	0.0
1721	15.0	2.0	1.0
1722	19.0	2.0	1.0
1723	-1.0	0.0	-1.0
1724	-1.0	0.0	0.0
1725	-1.0	0.0	0.0
1726	0.0	2.0	1.0
1727	-1.0	0.0	0.0
1728	-1.0	0.0	-1.0
1729	-1.0	0.0	-1.0
1730	-1.0	0.0	0.0
1731	-1.0	0.0	0.0
1732	-1.0	0.0	-1.0
1733	-1.0	0.0	-1.0
1734	14.0	3.0	1.0
1735	25.0	3.0	1.0
1736	12.0	3.0	1.0
1737	0.0	2.0	1.0
1738	9.0	2.0	1.0
1739	-1.0	0.0	-1.0
1740	-1.0	0.0	0.0
1741	0.0	2.0	1.0
1742	-1.0	0.0	-1.0
1743	0.0	2.0	1.0
1744	22.0	2.0	1.0
1745	-1.0	0.0	-1.0
1746	-1.0	0.0	-1.0
1747	-1.0	0.0	0.0
1748	-1.0	0.0	-1.0
1749	-1.0	0.0	-1.0
1750	-1.0	0.0	-1.0
1751	0.0	2.0	1.0
1752	0.0	2.0	1.0
1753	-1.0	0.0	-1.0
1754	-1.0	0.0	0.0
1755	-1.0	0.0	-1.0
1756	21.0	2.0	1.0
1757	-1.0	0.0	-1.0
1758	-1.0	0.0	-1.0
1759	-1.0	0.0	0.0
1760	-1.0	0.0	-1.0
1761	17.0	3.0	1.0
1762	-1.0	0.0	0.0
1763	0.0	2.0	1.0
1764	-1.0	0.0	0.0
1765	-1.0	0.0	-1.0
1766	-1.0	0.0	0.0
1767	-1.0	0.0	0.0
1768	-1.0	0.0	-1.0
1769	-1.0	0.0	0.0
1770	-1.0	0.0	-1.0
1771	-1.0	0.0	-1.0
1772	-1.0	0.0	-1.0
1773	22.0	2.0	1.0
1774	19.0	3.0	1.0
1775	-1.0	0.0	-1.0
1776	-1.0	0.0	-1.0
1777	-1.0	0.0	-1.0
1778	-1.0	0.0	-1.0
1779	-1.0	0.0	-1.0
1780	-1.0	0.0	-1.0
1781	-1.0	0.0	0.0
1782	0.0	2.0	1.0
1783	-1.0	0.0	-1.0
1784	-1.0	0.0	0.0
1785	-1.0	0.0	-1.0
1786	-1.0	0.0	0.0
1787	-1.0	0.0	-1.0
1788	-1.0	0.0	-1.0
1789	0.0	2.0	1.0
1790	-1.0	0.0	-1.0
1791	-1.0	0.0	-1.0
1792	-1.0	0.0	0.0
1793	-1.0	0.0	0.0
1794	-1.0	0.0	0.0
1795	-1.0	0.0	-1.0
1796	-1.0	0.0	-1.0
1797	-1.0	0.0	0.0
1798	9.0	3.0	1.0
1799	0.0	2.0	1.0
1800	-1.0	0.0	-1.0
1801	0.0	2.0	1.0
1802	-1.0	0.0	-1.0
1803	-1.0	0.0	0.0
1804	0.0	2.0	1.0
1805	-1.0	0.0	0.0
1806	-1.0	0.0	-1.0
1807	-1.0	0.0	-1.0
1808	-1.0	0.0	-1.0
1809	0.0	2.0	1.0
1810	12.0	2.0	1.0
1811	-1.0	0.0	0.0
1812	-1.0	0.0	0.0
1813	-1.0	0.0	0.0
1814	-1.0	0.0	-1.0
1815	-1.0	0.0	-1.0
1816	-1.0	0.0	-1.0
1817	-1.0	0.0	-1.0
1818	-1.0	0.0	-1.0
1819	0.0	2.0	1.0
1820	-1.0	0.0	-1.0
1821	-1.0	0.0	0.0
1822	0.0	2.0	1.0
1823	-1.0	0.0	0.0
1824	-1.0	0.0	-1.0
1825	11.0	3.0	1.0
1826	-1.0	0.0	-1.0
1827	-1.0	0.0	-1.0
1828	23.0	2.0	1.0
1829	19.0	2.0	1.0
1830	-1.0	0.0	-1.0
1831	0.0	2.0	1.0
1832	-1.0	0.0	-1.0
1833	-1.0	0.0	0.0
1834	-1.0	0.0	0.0
1835	-1.0	0.0	0.0
1836	-1.0	0.0	-1.0
1837	-1.0	0.0	-1.0
1838	-1.0	0.0	0.0
1839	-1.0	0.0	0.0
1840	0.0	2.0	1.0
1841	-1.0	0.0	-1.0
1842	-1.0	0.0	0.0
1843	-1.0	0.0	0.0
1844	-1.0	0.0	-1.0
1845	-1.0	0.0	-1.0
1846	-1.0	0.0	0.0
1847	24.0	2.0	1.0
1848	0.0	2.0	1.0
1849	-1.0	0.0	-1.0
1850	-1.0	0.0	-1.0
1851	0.0	2.0	1.0
1852	-1.0	0.0	-1.0
1853	0.0	2.0	1.0
1854	-1.0	0.0	0.0
1855	-1.0	0.0	-1.0
1856	8.0	2.0	1.0
1857	-1.0	0.0	-1.0
1858	-1.0	0.0	0.0
1859	-1.0	0.0	-1.0
1860	-1.0	0.0	0.0
1861	-1.0	0.0	-1.0
1862	-1.0	0.0	0.0
1863	-1.0	0.0	-1.0
1864	28.0	3.0	1.0
1865	-1.0	0.0	0.0
1866	-1.0	0.0	-1.0
1867	-1.0	0.0	-1.0
1868	-1.0	0.0	0.0
1869	0.0	2.0	1.0
1870	-1.0	0.0	-1.0
1871	-1.0	0.0	0.0
1872	-1.0	0.0	-1.0
1873	-1.0	0.0	-1.0
1874	14.0	2.0	1.0
1875	-1.0	0.0	-1.0
1876	0.0	2.0	1.0
1877	-1.0	0.0	-1.0
1878	-1.0	0.0	0.0
1879	-1.0	0.0	-1.0
1880	15.0	2.0	1.0
1881	-1.0	0.0	-1.0
1882	-1.0	0.0	-1.0
1883	8.0	2.0	1.0
1884	18.0	3.0	1.0
1885	13.0	2.0	1.0
1886	-1.0	0.0	-1.0
1887	-1.0	0.0	0.0
1888	-1.0	0.0	0.0
1889	-1.0	0.0	0.0
1890	0.0	2.0	1.0
1891	-1.0	0.0	-1.0
1892	-1.0	0.0	-1.0
1893	-1.0	0.0	-1.0
1894	26.0	2.0	1.0
1895	0.0	2.0	1.0
1896	-1.0	0.0	0.0
1897	-1.0	0.0	0.0
1898	10.0	2.0	1.0
1899	28.0	3.0	1.0
1900	28.0	3.0	1.0
1901	-1.0	0.0	-1.0
1902	0.0	2.0	1.0
1903	16.0	2.0	1.0
1904	13.0	2.0	1.0
1905	-1.0	0.0	-1.0
1906	-1.0	0.0	0.0
1907	-1.0	0.0	-1.0
1908	-1.0	0.0	0.0
1909	-1.0	0.0	-1.0
1910	8.0	2.0	1.0
1911	-1.0	0.0	-1.0
1912	-1.0	0.0	-1.0
1913	28.0	2.0	1.0
1914	-1.0	0.0	-1.0
1915	-1.0	0.0	-1.0
1916	24.0	2.0	1.0
1917	-1.0	0.0	-1.0
1918	-1.0	0.0	-1.0
1919	27.0	2.0	1.0
1920	-1.0	0.0	-1.0
1921	20.0	2.0	1.0
1922	-1.0	0.0	0.0
1923	-1.0	0.0	-1.0
1924	17.0	2.0	1.0
1925	-1.0	0.0	-1.0
1926	-1.0	0.0	0.0
1927	-1.0	0.0	0.0
1928	-1.0	0.0	0.0
1929	-1.0	0.0	0.0
1930	26.0	2.0	1.0
1931	-1.0	0.0	0.0
1932	18.0	3.0	1.0
1933	-1.0	0.0	0.0
1934	-1.0	0.0	-1.0
1935	18.0	2.0	1.0
1936	-1.0	0.0	-1.0
1937	0.0	2.0	1.0
1938	-1.0	0.0	-1.0
1939	-1.0	0.0	-1.0
1940	0.0	2.0	1.0
1941	-1.0	0.0	0.0
1942	-1.0	0.0	0.0
1943	-1.0	0.0	-1.0
1944	-1.0	0.0	-1.0
1945	-1.0	0.0	-1.0
1946	-1.0	0.0	-1.0
1947	-1.0	0.0	-1.0
1948	-1.0	0.0	-1.0
1949	-1.0	0.0	-1.0
1950	19.0	2.0	1.0
1951	-1.0	0.0	-1.0
1952	24.0	2.0	1.0
1953	13.0	2.0	1.0
1954	0.0	2.0	1.0
1955	0.0	2.0	1.0
1956	0.0	2.0	1.0
1957	-1.0	0.0	0.0
1958	-1.0	0.0	0.0
1959	-1.0	0.0	-1.0
1960	-1.0	0.0	-1.0
1961	-1.0	0.0	-1.0
1962	-1.0	0.0	0.0
1963	-1.0	0.0	-1.0
1964	-1.0	0.0	-1.0
1965	-1.0	0.0	-1.0
1966	-1.0	0.0	-1.0
1967	-1.0	0.0	0.0
1968	-1.0	0.0	0.0
1969	-1.0	0.0	-1.0
1970	-1.0	0.0	-1.0
1971	8.0	2.0	1.0
1972	-1.0	0.0	-1.0
1973	0.0	2.0	1.0
1974	-1.0	0.0	-1.0
1975	-1.0	0.0	-1.0
1976	12.0	2.0	1.0
1977	-1.0	0.0	-1.0
1978	-1.0	0.0	-1.0
1979	25.0	2.0	1.0
1980	-1.0	0.0	-1.0
1981	-1.0	0.0	0.0
1982	-1.0	0.0	-1.0
1983	-1.0	0.0	-1.0
1984	-1.0	0.0	-1.0
1985	-1.0	0.0	-1.0
1986	0.0	2.0	1.0
1987	-1.0	0.0	-1.0
1988	-1.0	0.0	-1.0
1989	-1.0	0.0	-1.0
1990	-1.0	0.0	0.0
1991	-1.0	0.0	-1.0
1992	0.0	2.0	1.0
1993	-1.0	0.0	0.0
1994	-1.0	0.0	0.0
1995	-1.0	0.0	-1.0
1996	24.0	2.0	1.0
1997	-1.0	0.0	-1.0
1998	-1.0	0.0	-1.0
1999	-1.0	0.0	-1.0
2000	-1.0	0.0	0.0
2001	-1.0	0.0	-1.0
2002	-1.0	0.0	0.0
2003	-1.0	0.0	-1.0
2004	27.0	2.0	1.0
2005	-1.0	0.0	0.0
2006	-1.0	0.0	0.0
2007	-1.0	0.0	-1.0
2008	17.0	3.0	1.0
2009	-1.0	0.0	-1.0
2010	-1.0	0.0	-1.0
2011	13.0	2.0	1.0
2012	-1.0	0.0	0.0
2013	-1.0	0.0	0.0
2014	-1.0	0.0	0.0
2015	-1.0	0.0	0.0
2016	-1.0	0.0	0.0
2017	-1.0	0.0	-1.0
2018	-1.0	0.0	-1.0
2019	-1.0	0.0	0.0
2020	-1.0	0.0	0.0
2021	16.0	2.0	1.0
2022	-1.0	0.0	-1.0
2023	-1.0	0.0	-1.0
2024	-1.0	0.0	-1.0
2025	-1.0	0.0	-1.0
2026	-1.0	0.0	0.0
2027	-1.0	0.0	-1.0
2028	-1.0	0.0	0.0
2029	0.0	2.0	1.0
2030	-1.0	0.0	-1.0
2031	-1.0	0.0	0.0
2032	-1.0	0.0	0.0
2033	-1.0	0.0	-1.0
2034	-1.0	0.0	-1.0
2035	-1.0	0.0	-1.0
2036	-1.0	0.0	-1.0
2037	-1.0	0.0	-1.0
2038	0.0	2.0	1.0
2039	-1.0	0.0	-1.0
2040	-1.0	0.0	0.0
2041	-1.0	0.0	0.0
2042	28.0	2.0	1.0
2043	-1.0	0.0	0.0
2044	-1.0	0.0	0.0
2045	-1.0	0.0	-1.0
2046	-1.0	0.0	0.0
2047	0.0	2.0	1.0
2048	-1.0	0.0	0.0
2049	21.0	2.0	1.0
2050	-1.0	0.0	0.0
2051	-1.0	0.0	-1.0
2052	0.0	2.0	1.0
2053	27.0	2.0	1.0
2054	-1.0	0.0	-1.0
2055	-1.0	0.0	-1.0
2056	0.0	2.0	1.0
2057	-1.0	0.0	-1.0
2058	0.0	2.0	1.0
2059	-1.0	0.0	0.0
2060	-1.0	0.0	0.0
2061	-1.0	0.0	-1.0
2062	-1.0	0.0	0.0
2063	-1.0	0.0	0.0
2064	-1.0	0.0	-1.0
2065	-1.0	0.0	0.0
2066	10.0	2.0	1.0
2067	-1.0	0.0	-1.0
2068	-1.0	0.0	-1.0
2069	-1.0	0.0	-1.0
2070	-1.0	0.0	-1.0
2071	-1.0	0.0	-1.0
2072	9.0	3.0	1.0
2073	-1.0	0.0	0.0
2074	-1.0	0.0	0.0
2075	0.0	2.0	1.0
2076	-1.0	0.0	-1.0
2077	0.0	2.0	1.0
2078	14.0	2.0	1.0
2079	-1.0	0.0	0.0
2080	-1.0	0.0	-1.0
2081	-1.0	0.0	-1.0
2082	-1.0	0.0	-1.0
2083	-1.0	0.0	0.0
2084	-1.0	0.0	-1.0
2085	15.0	2.0	1.0
2086	-1.0	0.0	0.0
2087	-1.0	0.0	-1.0
2088	0.0	2.0	1.0
2089	-1.0	0.0	-1.0
2090	-1.0	0.0	-1.0
2091	-1.0	0.0	-1.0
2092	14.0	2.0	1.0
2093	-1.0	0.0	-1.0
2094	-1.0	0.0	-1.0
2095	9.0	2.0	1.0
2096	0.0	2.0	1.0
2097	-1.0	0.0	0.0
2098	-1.0	0.0	-1.0
2099	23.0	3.0	1.0
2100	0.0	0.0	0.0
