index	outport	cost	SuccessFlag
0	9.0	3.0	1.0
1	0.0	2.0	1.0
2	8.0	2.0	1.0
3	0.0	2.0	1.0
4	0.0	2.0	1.0
5	22.0	2.0	1.0
6	11.0	3.0	1.0
7	9.0	3.0	1.0
8	13.0	3.0	1.0
9	20.0	3.0	1.0
10	12.0	3.0	1.0
11	0.0	2.0	1.0
12	23.0	3.0	1.0
13	22.0	2.0	1.0
14	8.0	2.0	1.0
15	0.0	2.0	1.0
16	26.0	3.0	1.0
17	0.0	2.0	1.0
18	13.0	3.0	1.0
19	12.0	3.0	1.0
20	17.0	3.0	1.0
21	8.0	2.0	1.0
22	15.0	2.0	1.0
23	20.0	3.0	1.0
24	13.0	3.0	1.0
25	22.0	2.0	1.0
26	19.0	3.0	1.0
27	28.0	3.0	1.0
28	-1.0	0.0	0.0
29	22.0	2.0	1.0
30	22.0	2.0	1.0
31	17.0	3.0	1.0
32	22.0	2.0	1.0
33	24.0	3.0	1.0
34	14.0	3.0	1.0
35	0.0	2.0	1.0
36	15.0	2.0	1.0
37	9.0	2.0	1.0
38	16.0	3.0	1.0
39	0.0	2.0	1.0
40	28.0	3.0	1.0
41	-1.0	0.0	-1.0
42	8.0	2.0	1.0
43	9.0	3.0	1.0
44	8.0	2.0	1.0
45	22.0	2.0	1.0
46	8.0	2.0	1.0
47	13.0	3.0	1.0
48	24.0	3.0	1.0
49	17.0	3.0	1.0
50	27.0	3.0	1.0
51	8.0	2.0	1.0
52	-1.0	0.0	-1.0
53	15.0	3.0	1.0
54	26.0	3.0	1.0
55	24.0	3.0	1.0
56	11.0	3.0	1.0
57	23.0	3.0	1.0
58	23.0	2.0	1.0
59	22.0	2.0	1.0
60	21.0	3.0	1.0
61	0.0	2.0	1.0
62	25.0	3.0	1.0
63	-1.0	0.0	-1.0
64	-1.0	0.0	-1.0
65	16.0	3.0	1.0
66	0.0	2.0	1.0
67	0.0	2.0	1.0
68	23.0	2.0	1.0
69	0.0	2.0	1.0
70	0.0	2.0	1.0
71	20.0	3.0	1.0
72	15.0	2.0	1.0
73	12.0	3.0	1.0
74	-1.0	0.0	0.0
75	0.0	2.0	1.0
76	12.0	3.0	1.0
77	9.0	3.0	1.0
78	23.0	2.0	1.0
79	9.0	2.0	1.0
80	15.0	3.0	1.0
81	0.0	2.0	1.0
82	17.0	3.0	1.0
83	9.0	2.0	1.0
84	-1.0	0.0	0.0
85	-1.0	0.0	-1.0
86	15.0	3.0	1.0
87	0.0	2.0	1.0
88	17.0	3.0	1.0
89	0.0	2.0	1.0
90	22.0	2.0	1.0
91	-1.0	0.0	0.0
92	-1.0	0.0	-1.0
93	0.0	2.0	1.0
94	0.0	2.0	1.0
95	15.0	2.0	1.0
96	15.0	2.0	1.0
97	12.0	3.0	1.0
98	19.0	3.0	1.0
99	-1.0	0.0	-1.0
100	0.0	2.0	1.0
101	0.0	2.0	1.0
102	23.0	2.0	1.0
103	0.0	2.0	1.0
104	14.0	3.0	1.0
105	28.0	3.0	1.0
106	9.0	2.0	1.0
107	9.0	2.0	1.0
108	22.0	2.0	1.0
109	17.0	3.0	1.0
110	24.0	2.0	1.0
111	12.0	3.0	1.0
112	0.0	2.0	1.0
113	0.0	2.0	1.0
114	0.0	2.0	1.0
115	12.0	3.0	1.0
116	12.0	3.0	1.0
117	0.0	2.0	1.0
118	23.0	2.0	1.0
119	24.0	2.0	1.0
120	0.0	2.0	1.0
121	0.0	2.0	1.0
122	-1.0	0.0	-1.0
123	12.0	3.0	1.0
124	12.0	3.0	1.0
125	0.0	2.0	1.0
126	9.0	2.0	1.0
127	16.0	3.0	1.0
128	0.0	2.0	1.0
129	0.0	2.0	1.0
130	0.0	2.0	1.0
131	11.0	3.0	1.0
132	-1.0	0.0	-1.0
133	0.0	2.0	1.0
134	10.0	2.0	1.0
135	-1.0	0.0	-1.0
136	-1.0	0.0	0.0
137	0.0	2.0	1.0
138	9.0	3.0	1.0
139	11.0	2.0	1.0
140	13.0	3.0	1.0
141	-1.0	0.0	-1.0
142	24.0	3.0	1.0
143	-1.0	0.0	-1.0
144	-1.0	0.0	-1.0
145	-1.0	0.0	-1.0
146	22.0	2.0	1.0
147	15.0	2.0	1.0
148	0.0	2.0	1.0
149	-1.0	0.0	-1.0
150	26.0	3.0	1.0
151	16.0	3.0	1.0
152	19.0	3.0	1.0
153	8.0	2.0	1.0
154	0.0	2.0	1.0
155	24.0	2.0	1.0
156	-1.0	0.0	0.0
157	11.0	3.0	1.0
158	18.0	3.0	1.0
159	8.0	2.0	1.0
160	0.0	2.0	1.0
161	18.0	2.0	1.0
162	-1.0	0.0	-1.0
163	15.0	2.0	1.0
164	12.0	3.0	1.0
165	-1.0	0.0	-1.0
166	25.0	3.0	1.0
167	25.0	3.0	1.0
168	-1.0	0.0	-1.0
169	28.0	3.0	1.0
170	21.0	3.0	1.0
171	-1.0	0.0	-1.0
172	26.0	2.0	1.0
173	0.0	2.0	1.0
174	14.0	3.0	1.0
175	11.0	3.0	1.0
176	9.0	3.0	1.0
177	0.0	2.0	1.0
178	23.0	2.0	1.0
179	12.0	3.0	1.0
180	12.0	3.0	1.0
181	15.0	3.0	1.0
182	0.0	2.0	1.0
183	21.0	3.0	1.0
184	25.0	3.0	1.0
185	18.0	2.0	1.0
186	11.0	3.0	1.0
187	0.0	2.0	1.0
188	0.0	2.0	1.0
189	27.0	3.0	1.0
190	0.0	2.0	1.0
191	17.0	3.0	1.0
192	0.0	2.0	1.0
193	-1.0	0.0	-1.0
194	28.0	3.0	1.0
195	17.0	2.0	1.0
196	10.0	2.0	1.0
197	-1.0	0.0	0.0
198	22.0	2.0	1.0
199	20.0	3.0	1.0
200	-1.0	0.0	-1.0
201	22.0	2.0	1.0
202	23.0	2.0	1.0
203	-1.0	0.0	0.0
204	14.0	3.0	1.0
205	9.0	3.0	1.0
206	-1.0	0.0	-1.0
207	-1.0	0.0	-1.0
208	-1.0	0.0	0.0
209	8.0	2.0	1.0
210	-1.0	0.0	-1.0
211	-1.0	0.0	-1.0
212	23.0	3.0	1.0
213	0.0	2.0	1.0
214	-1.0	0.0	-1.0
215	-1.0	0.0	-1.0
216	28.0	3.0	1.0
217	-1.0	0.0	-1.0
218	0.0	2.0	1.0
219	17.0	3.0	1.0
220	-1.0	0.0	-1.0
221	-1.0	0.0	0.0
222	16.0	2.0	1.0
223	8.0	2.0	1.0
224	0.0	2.0	1.0
225	21.0	2.0	1.0
226	-1.0	0.0	-1.0
227	16.0	2.0	1.0
228	-1.0	0.0	-1.0
229	15.0	2.0	1.0
230	-1.0	0.0	0.0
231	14.0	3.0	1.0
232	26.0	3.0	1.0
233	-1.0	0.0	-1.0
234	0.0	2.0	1.0
235	18.0	3.0	1.0
236	0.0	2.0	1.0
237	25.0	3.0	1.0
238	26.0	3.0	1.0
239	-1.0	0.0	-1.0
240	-1.0	0.0	-1.0
241	25.0	3.0	1.0
242	25.0	3.0	1.0
243	10.0	2.0	1.0
244	-1.0	0.0	0.0
245	-1.0	0.0	-1.0
246	12.0	3.0	1.0
247	-1.0	0.0	-1.0
248	18.0	2.0	1.0
249	-1.0	0.0	0.0
250	0.0	2.0	1.0
251	0.0	2.0	1.0
252	-1.0	0.0	0.0
253	23.0	2.0	1.0
254	24.0	2.0	1.0
255	0.0	2.0	1.0
256	-1.0	0.0	0.0
257	-1.0	0.0	-1.0
258	0.0	2.0	1.0
259	-1.0	0.0	0.0
260	24.0	2.0	1.0
261	13.0	3.0	1.0
262	-1.0	0.0	-1.0
263	16.0	3.0	1.0
264	0.0	2.0	1.0
265	23.0	3.0	1.0
266	14.0	3.0	1.0
267	23.0	3.0	1.0
268	17.0	2.0	1.0
269	0.0	2.0	1.0
270	16.0	2.0	1.0
271	-1.0	0.0	0.0
272	0.0	2.0	1.0
273	-1.0	0.0	0.0
274	-1.0	0.0	0.0
275	-1.0	0.0	-1.0
276	22.0	2.0	1.0
277	-1.0	0.0	-1.0
278	-1.0	0.0	0.0
279	-1.0	0.0	-1.0
280	15.0	2.0	1.0
281	8.0	3.0	1.0
282	-1.0	0.0	0.0
283	-1.0	0.0	-1.0
284	-1.0	0.0	-1.0
285	27.0	3.0	1.0
286	0.0	2.0	1.0
287	28.0	3.0	1.0
288	22.0	2.0	1.0
289	0.0	2.0	1.0
290	0.0	2.0	1.0
291	20.0	3.0	1.0
292	22.0	2.0	1.0
293	0.0	2.0	1.0
294	0.0	2.0	1.0
295	0.0	2.0	1.0
296	-1.0	0.0	-1.0
297	20.0	3.0	1.0
298	16.0	2.0	1.0
299	10.0	2.0	1.0
300	0.0	2.0	1.0
301	27.0	3.0	1.0
302	12.0	3.0	1.0
303	-1.0	0.0	0.0
304	15.0	2.0	1.0
305	-1.0	0.0	0.0
306	-1.0	0.0	-1.0
307	0.0	2.0	1.0
308	-1.0	0.0	-1.0
309	-1.0	0.0	0.0
310	15.0	2.0	1.0
311	22.0	2.0	1.0
312	-1.0	0.0	-1.0
313	15.0	2.0	1.0
314	0.0	2.0	1.0
315	-1.0	0.0	-1.0
316	-1.0	0.0	-1.0
317	8.0	2.0	1.0
318	-1.0	0.0	-1.0
319	9.0	3.0	1.0
320	17.0	3.0	1.0
321	-1.0	0.0	0.0
322	13.0	3.0	1.0
323	8.0	2.0	1.0
324	14.0	2.0	1.0
325	22.0	2.0	1.0
326	23.0	2.0	1.0
327	24.0	2.0	1.0
328	-1.0	0.0	-1.0
329	17.0	2.0	1.0
330	-1.0	0.0	-1.0
331	-1.0	0.0	-1.0
332	-1.0	0.0	0.0
333	0.0	2.0	1.0
334	-1.0	0.0	-1.0
335	23.0	2.0	1.0
336	22.0	2.0	1.0
337	-1.0	0.0	0.0
338	16.0	2.0	1.0
339	16.0	3.0	1.0
340	0.0	2.0	1.0
341	11.0	2.0	1.0
342	-1.0	0.0	-1.0
343	-1.0	0.0	0.0
344	22.0	2.0	1.0
345	24.0	3.0	1.0
346	-1.0	0.0	0.0
347	18.0	3.0	1.0
348	-1.0	0.0	-1.0
349	0.0	2.0	1.0
350	17.0	2.0	1.0
351	22.0	2.0	1.0
352	-1.0	0.0	-1.0
353	26.0	2.0	1.0
354	-1.0	0.0	-1.0
355	-1.0	0.0	-1.0
356	-1.0	0.0	-1.0
357	-1.0	0.0	-1.0
358	0.0	2.0	1.0
359	-1.0	0.0	-1.0
360	-1.0	0.0	0.0
361	17.0	3.0	1.0
362	0.0	2.0	1.0
363	21.0	3.0	1.0
364	9.0	2.0	1.0
365	-1.0	0.0	-1.0
366	-1.0	0.0	-1.0
367	-1.0	0.0	-1.0
368	-1.0	0.0	-1.0
369	25.0	2.0	1.0
370	8.0	2.0	1.0
371	0.0	2.0	1.0
372	-1.0	0.0	0.0
373	-1.0	0.0	-1.0
374	-1.0	0.0	-1.0
375	0.0	2.0	1.0
376	-1.0	0.0	-1.0
377	0.0	2.0	1.0
378	-1.0	0.0	-1.0
379	19.0	2.0	1.0
380	22.0	2.0	1.0
381	-1.0	0.0	0.0
382	-1.0	0.0	-1.0
383	-1.0	0.0	-1.0
384	0.0	2.0	1.0
385	-1.0	0.0	-1.0
386	8.0	2.0	1.0
387	20.0	3.0	1.0
388	0.0	2.0	1.0
389	21.0	3.0	1.0
390	20.0	3.0	1.0
391	-1.0	0.0	-1.0
392	23.0	2.0	1.0
393	-1.0	0.0	-1.0
394	-1.0	0.0	-1.0
395	14.0	3.0	1.0
396	17.0	2.0	1.0
397	9.0	3.0	1.0
398	-1.0	0.0	0.0
399	-1.0	0.0	-1.0
400	14.0	3.0	1.0
401	10.0	3.0	1.0
402	-1.0	0.0	-1.0
403	19.0	3.0	1.0
404	26.0	2.0	1.0
405	0.0	2.0	1.0
406	28.0	3.0	1.0
407	-1.0	0.0	-1.0
408	0.0	2.0	1.0
409	15.0	2.0	1.0
410	24.0	2.0	1.0
411	0.0	2.0	1.0
412	26.0	3.0	1.0
413	-1.0	0.0	-1.0
414	0.0	2.0	1.0
415	-1.0	0.0	-1.0
416	-1.0	0.0	-1.0
417	-1.0	0.0	-1.0
418	-1.0	0.0	-1.0
419	-1.0	0.0	0.0
420	9.0	2.0	1.0
421	24.0	2.0	1.0
422	21.0	3.0	1.0
423	-1.0	0.0	-1.0
424	16.0	2.0	1.0
425	-1.0	0.0	-1.0
426	-1.0	0.0	-1.0
427	-1.0	0.0	-1.0
428	12.0	2.0	1.0
429	-1.0	0.0	-1.0
430	-1.0	0.0	-1.0
431	0.0	2.0	1.0
432	10.0	2.0	1.0
433	-1.0	0.0	0.0
434	0.0	2.0	1.0
435	0.0	2.0	1.0
436	18.0	2.0	1.0
437	0.0	2.0	1.0
438	0.0	2.0	1.0
439	19.0	3.0	1.0
440	0.0	2.0	1.0
441	16.0	3.0	1.0
442	-1.0	0.0	-1.0
443	-1.0	0.0	0.0
444	19.0	3.0	1.0
445	24.0	2.0	1.0
446	0.0	2.0	1.0
447	21.0	2.0	1.0
448	-1.0	0.0	0.0
449	-1.0	0.0	-1.0
450	-1.0	0.0	-1.0
451	8.0	2.0	1.0
452	-1.0	0.0	-1.0
453	18.0	2.0	1.0
454	0.0	2.0	1.0
455	-1.0	0.0	-1.0
456	0.0	2.0	1.0
457	-1.0	0.0	-1.0
458	0.0	2.0	1.0
459	0.0	2.0	1.0
460	-1.0	0.0	-1.0
461	-1.0	0.0	0.0
462	-1.0	0.0	-1.0
463	-1.0	0.0	0.0
464	10.0	2.0	1.0
465	10.0	2.0	1.0
466	-1.0	0.0	-1.0
467	26.0	3.0	1.0
468	-1.0	0.0	-1.0
469	-1.0	0.0	-1.0
470	0.0	2.0	1.0
471	0.0	2.0	1.0
472	23.0	2.0	1.0
473	0.0	2.0	1.0
474	0.0	2.0	1.0
475	0.0	2.0	1.0
476	-1.0	0.0	-1.0
477	-1.0	0.0	0.0
478	-1.0	0.0	0.0
479	22.0	2.0	1.0
480	19.0	3.0	1.0
481	16.0	2.0	1.0
482	8.0	2.0	1.0
483	0.0	2.0	1.0
484	11.0	2.0	1.0
485	16.0	2.0	1.0
486	8.0	2.0	1.0
487	8.0	2.0	1.0
488	22.0	2.0	1.0
489	16.0	2.0	1.0
490	16.0	2.0	1.0
491	-1.0	0.0	-1.0
492	-1.0	0.0	-1.0
493	-1.0	0.0	0.0
494	27.0	3.0	1.0
495	22.0	2.0	1.0
496	-1.0	0.0	-1.0
497	-1.0	0.0	0.0
498	23.0	3.0	1.0
499	-1.0	0.0	-1.0
500	-1.0	0.0	-1.0
501	10.0	2.0	1.0
502	8.0	2.0	1.0
503	-1.0	0.0	-1.0
504	-1.0	0.0	-1.0
505	13.0	3.0	1.0
506	25.0	2.0	1.0
507	-1.0	0.0	0.0
508	-1.0	0.0	0.0
509	-1.0	0.0	-1.0
510	-1.0	0.0	0.0
511	-1.0	0.0	-1.0
512	9.0	2.0	1.0
513	17.0	3.0	1.0
514	-1.0	0.0	-1.0
515	-1.0	0.0	-1.0
516	-1.0	0.0	-1.0
517	12.0	2.0	1.0
518	0.0	2.0	1.0
519	-1.0	0.0	-1.0
520	-1.0	0.0	0.0
521	-1.0	0.0	0.0
522	-1.0	0.0	0.0
523	0.0	2.0	1.0
524	-1.0	0.0	-1.0
525	9.0	2.0	1.0
526	22.0	2.0	1.0
527	-1.0	0.0	0.0
528	-1.0	0.0	-1.0
529	-1.0	0.0	-1.0
530	-1.0	0.0	-1.0
531	13.0	2.0	1.0
532	16.0	2.0	1.0
533	-1.0	0.0	-1.0
534	-1.0	0.0	0.0
535	-1.0	0.0	-1.0
536	-1.0	0.0	-1.0
537	0.0	2.0	1.0
538	17.0	3.0	1.0
539	0.0	2.0	1.0
540	-1.0	0.0	-1.0
541	-1.0	0.0	-1.0
542	26.0	2.0	1.0
543	-1.0	0.0	-1.0
544	-1.0	0.0	-1.0
545	-1.0	0.0	-1.0
546	0.0	2.0	1.0
547	15.0	2.0	1.0
548	17.0	2.0	1.0
549	0.0	2.0	1.0
550	-1.0	0.0	-1.0
551	-1.0	0.0	-1.0
552	-1.0	0.0	-1.0
553	9.0	3.0	1.0
554	-1.0	0.0	-1.0
555	-1.0	0.0	-1.0
556	-1.0	0.0	-1.0
557	-1.0	0.0	0.0
558	-1.0	0.0	-1.0
559	-1.0	0.0	-1.0
560	-1.0	0.0	-1.0
561	0.0	2.0	1.0
562	13.0	3.0	1.0
563	10.0	2.0	1.0
564	-1.0	0.0	0.0
565	0.0	2.0	1.0
566	-1.0	0.0	-1.0
567	-1.0	0.0	0.0
568	-1.0	0.0	-1.0
569	-1.0	0.0	-1.0
570	0.0	2.0	1.0
571	-1.0	0.0	-1.0
572	-1.0	0.0	0.0
573	0.0	2.0	1.0
574	-1.0	0.0	-1.0
575	-1.0	0.0	-1.0
576	-1.0	0.0	-1.0
577	23.0	3.0	1.0
578	10.0	2.0	1.0
579	-1.0	0.0	0.0
580	-1.0	0.0	0.0
581	-1.0	0.0	0.0
582	14.0	3.0	1.0
583	-1.0	0.0	0.0
584	16.0	2.0	1.0
585	-1.0	0.0	-1.0
586	-1.0	0.0	-1.0
587	-1.0	0.0	-1.0
588	10.0	2.0	1.0
589	19.0	2.0	1.0
590	-1.0	0.0	-1.0
591	0.0	2.0	1.0
592	0.0	2.0	1.0
593	0.0	2.0	1.0
594	24.0	3.0	1.0
595	19.0	3.0	1.0
596	-1.0	0.0	0.0
597	-1.0	0.0	0.0
598	-1.0	0.0	-1.0
599	8.0	2.0	1.0
600	-1.0	0.0	-1.0
601	25.0	2.0	1.0
602	-1.0	0.0	-1.0
603	-1.0	0.0	-1.0
604	-1.0	0.0	0.0
605	19.0	2.0	1.0
606	0.0	2.0	1.0
607	0.0	2.0	1.0
608	0.0	2.0	1.0
609	0.0	2.0	1.0
610	-1.0	0.0	-1.0
611	-1.0	0.0	0.0
612	0.0	2.0	1.0
613	17.0	2.0	1.0
614	0.0	2.0	1.0
615	-1.0	0.0	-1.0
616	-1.0	0.0	0.0
617	16.0	2.0	1.0
618	-1.0	0.0	-1.0
619	10.0	3.0	1.0
620	-1.0	0.0	-1.0
621	-1.0	0.0	0.0
622	-1.0	0.0	-1.0
623	20.0	3.0	1.0
624	-1.0	0.0	0.0
625	-1.0	0.0	-1.0
626	-1.0	0.0	0.0
627	24.0	2.0	1.0
628	24.0	2.0	1.0
629	-1.0	0.0	-1.0
630	-1.0	0.0	0.0
631	-1.0	0.0	-1.0
632	-1.0	0.0	-1.0
633	-1.0	0.0	0.0
634	25.0	3.0	1.0
635	20.0	2.0	1.0
636	0.0	2.0	1.0
637	0.0	2.0	1.0
638	-1.0	0.0	-1.0
639	-1.0	0.0	-1.0
640	0.0	2.0	1.0
641	-1.0	0.0	0.0
642	-1.0	0.0	-1.0
643	-1.0	0.0	0.0
644	-1.0	0.0	-1.0
645	-1.0	0.0	-1.0
646	0.0	2.0	1.0
647	10.0	2.0	1.0
648	27.0	2.0	1.0
649	-1.0	0.0	-1.0
650	0.0	2.0	1.0
651	8.0	2.0	1.0
652	24.0	3.0	1.0
653	-1.0	0.0	-1.0
654	15.0	2.0	1.0
655	-1.0	0.0	-1.0
656	-1.0	0.0	-1.0
657	0.0	2.0	1.0
658	-1.0	0.0	0.0
659	11.0	3.0	1.0
660	24.0	3.0	1.0
661	-1.0	0.0	-1.0
662	0.0	2.0	1.0
663	-1.0	0.0	-1.0
664	-1.0	0.0	-1.0
665	-1.0	0.0	0.0
666	11.0	2.0	1.0
667	-1.0	0.0	-1.0
668	-1.0	0.0	0.0
669	-1.0	0.0	-1.0
670	0.0	2.0	1.0
671	0.0	2.0	1.0
672	-1.0	0.0	0.0
673	13.0	3.0	1.0
674	-1.0	0.0	-1.0
675	-1.0	0.0	-1.0
676	0.0	2.0	1.0
677	-1.0	0.0	-1.0
678	-1.0	0.0	0.0
679	-1.0	0.0	-1.0
680	-1.0	0.0	-1.0
681	0.0	2.0	1.0
682	0.0	2.0	1.0
683	25.0	3.0	1.0
684	-1.0	0.0	-1.0
685	-1.0	0.0	0.0
686	9.0	2.0	1.0
687	26.0	2.0	1.0
688	-1.0	0.0	0.0
689	-1.0	0.0	-1.0
690	12.0	2.0	1.0
691	-1.0	0.0	-1.0
692	-1.0	0.0	0.0
693	28.0	3.0	1.0
694	-1.0	0.0	-1.0
695	-1.0	0.0	-1.0
696	-1.0	0.0	0.0
697	-1.0	0.0	0.0
698	-1.0	0.0	-1.0
699	20.0	2.0	1.0
700	0.0	2.0	1.0
701	18.0	3.0	1.0
702	-1.0	0.0	-1.0
703	-1.0	0.0	-1.0
704	-1.0	0.0	0.0
705	-1.0	0.0	-1.0
706	-1.0	0.0	-1.0
707	-1.0	0.0	-1.0
708	-1.0	0.0	0.0
709	20.0	2.0	1.0
710	-1.0	0.0	-1.0
711	-1.0	0.0	0.0
712	0.0	2.0	1.0
713	0.0	2.0	1.0
714	28.0	3.0	1.0
715	0.0	2.0	1.0
716	8.0	2.0	1.0
717	-1.0	0.0	-1.0
718	-1.0	0.0	-1.0
719	0.0	2.0	1.0
720	-1.0	0.0	0.0
721	-1.0	0.0	-1.0
722	0.0	2.0	1.0
723	-1.0	0.0	-1.0
724	15.0	2.0	1.0
725	0.0	2.0	1.0
726	18.0	2.0	1.0
727	-1.0	0.0	-1.0
728	-1.0	0.0	-1.0
729	0.0	2.0	1.0
730	-1.0	0.0	-1.0
731	0.0	2.0	1.0
732	-1.0	0.0	-1.0
733	27.0	2.0	1.0
734	-1.0	0.0	-1.0
735	-1.0	0.0	-1.0
736	13.0	3.0	1.0
737	-1.0	0.0	-1.0
738	19.0	2.0	1.0
739	0.0	2.0	1.0
740	-1.0	0.0	-1.0
741	-1.0	0.0	-1.0
742	-1.0	0.0	-1.0
743	16.0	2.0	1.0
744	11.0	2.0	1.0
745	19.0	2.0	1.0
746	-1.0	0.0	-1.0
747	-1.0	0.0	-1.0
748	-1.0	0.0	-1.0
749	-1.0	0.0	-1.0
750	-1.0	0.0	-1.0
751	0.0	2.0	1.0
752	-1.0	0.0	0.0
753	-1.0	0.0	-1.0
754	-1.0	0.0	-1.0
755	0.0	2.0	1.0
756	-1.0	0.0	-1.0
757	-1.0	0.0	0.0
758	-1.0	0.0	-1.0
759	0.0	2.0	1.0
760	-1.0	0.0	-1.0
761	0.0	2.0	1.0
762	25.0	2.0	1.0
763	0.0	2.0	1.0
764	-1.0	0.0	-1.0
765	-1.0	0.0	-1.0
766	-1.0	0.0	-1.0
767	-1.0	0.0	-1.0
768	0.0	2.0	1.0
769	-1.0	0.0	0.0
770	-1.0	0.0	-1.0
771	-1.0	0.0	0.0
772	-1.0	0.0	-1.0
773	-1.0	0.0	0.0
774	-1.0	0.0	-1.0
775	22.0	2.0	1.0
776	12.0	2.0	1.0
777	-1.0	0.0	-1.0
778	-1.0	0.0	-1.0
779	-1.0	0.0	-1.0
780	-1.0	0.0	-1.0
781	-1.0	0.0	-1.0
782	-1.0	0.0	-1.0
783	-1.0	0.0	-1.0
784	13.0	2.0	1.0
785	0.0	2.0	1.0
786	-1.0	0.0	0.0
787	-1.0	0.0	-1.0
788	-1.0	0.0	0.0
789	-1.0	0.0	-1.0
790	22.0	3.0	1.0
791	0.0	2.0	1.0
792	-1.0	0.0	0.0
793	-1.0	0.0	-1.0
794	-1.0	0.0	-1.0
795	-1.0	0.0	-1.0
796	21.0	2.0	1.0
797	16.0	3.0	1.0
798	16.0	3.0	1.0
799	-1.0	0.0	0.0
800	22.0	2.0	1.0
801	-1.0	0.0	-1.0
802	-1.0	0.0	-1.0
803	25.0	2.0	1.0
804	-1.0	0.0	-1.0
805	-1.0	0.0	-1.0
806	-1.0	0.0	-1.0
807	27.0	2.0	1.0
808	9.0	3.0	1.0
809	-1.0	0.0	-1.0
810	8.0	2.0	1.0
811	23.0	2.0	1.0
812	0.0	2.0	1.0
813	-1.0	0.0	0.0
814	0.0	2.0	1.0
815	-1.0	0.0	0.0
816	-1.0	0.0	-1.0
817	-1.0	0.0	-1.0
818	-1.0	0.0	0.0
819	22.0	2.0	1.0
820	28.0	3.0	1.0
821	0.0	2.0	1.0
822	0.0	2.0	1.0
823	-1.0	0.0	0.0
824	-1.0	0.0	-1.0
825	-1.0	0.0	-1.0
826	-1.0	0.0	-1.0
827	0.0	2.0	1.0
828	-1.0	0.0	-1.0
829	-1.0	0.0	-1.0
830	-1.0	0.0	0.0
831	-1.0	0.0	-1.0
832	-1.0	0.0	0.0
833	-1.0	0.0	0.0
834	0.0	2.0	1.0
835	-1.0	0.0	-1.0
836	0.0	2.0	1.0
837	-1.0	0.0	-1.0
838	-1.0	0.0	0.0
839	27.0	2.0	1.0
840	-1.0	0.0	-1.0
841	-1.0	0.0	-1.0
842	-1.0	0.0	-1.0
843	23.0	2.0	1.0
844	-1.0	0.0	0.0
845	-1.0	0.0	-1.0
846	-1.0	0.0	0.0
847	-1.0	0.0	-1.0
848	11.0	2.0	1.0
849	24.0	3.0	1.0
850	0.0	2.0	1.0
851	0.0	2.0	1.0
852	-1.0	0.0	-1.0
853	-1.0	0.0	-1.0
854	0.0	2.0	1.0
855	-1.0	0.0	0.0
856	-1.0	0.0	-1.0
857	-1.0	0.0	0.0
858	24.0	2.0	1.0
859	23.0	2.0	1.0
860	0.0	2.0	1.0
861	-1.0	0.0	-1.0
862	-1.0	0.0	-1.0
863	0.0	2.0	1.0
864	-1.0	0.0	-1.0
865	-1.0	0.0	0.0
866	-1.0	0.0	-1.0
867	0.0	2.0	1.0
868	-1.0	0.0	-1.0
869	-1.0	0.0	0.0
870	13.0	3.0	1.0
871	0.0	2.0	1.0
872	23.0	3.0	1.0
873	-1.0	0.0	-1.0
874	-1.0	0.0	-1.0
875	-1.0	0.0	0.0
876	0.0	2.0	1.0
877	-1.0	0.0	0.0
878	0.0	2.0	1.0
879	16.0	2.0	1.0
880	0.0	2.0	1.0
881	-1.0	0.0	0.0
882	0.0	2.0	1.0
883	-1.0	0.0	-1.0
884	16.0	2.0	1.0
885	0.0	2.0	1.0
886	28.0	3.0	1.0
887	-1.0	0.0	-1.0
888	-1.0	0.0	-1.0
889	-1.0	0.0	-1.0
890	-1.0	0.0	-1.0
891	15.0	2.0	1.0
892	-1.0	0.0	-1.0
893	-1.0	0.0	-1.0
894	-1.0	0.0	-1.0
895	0.0	2.0	1.0
896	-1.0	0.0	0.0
897	-1.0	0.0	-1.0
898	-1.0	0.0	-1.0
899	-1.0	0.0	0.0
900	-1.0	0.0	0.0
901	-1.0	0.0	-1.0
902	18.0	2.0	1.0
903	12.0	2.0	1.0
904	14.0	2.0	1.0
905	14.0	3.0	1.0
906	-1.0	0.0	0.0
907	9.0	2.0	1.0
908	18.0	3.0	1.0
909	-1.0	0.0	-1.0
910	-1.0	0.0	-1.0
911	-1.0	0.0	-1.0
912	24.0	2.0	1.0
913	0.0	2.0	1.0
914	-1.0	0.0	-1.0
915	-1.0	0.0	-1.0
916	-1.0	0.0	-1.0
917	17.0	3.0	1.0
918	-1.0	0.0	0.0
919	-1.0	0.0	-1.0
920	-1.0	0.0	-1.0
921	-1.0	0.0	-1.0
922	-1.0	0.0	-1.0
923	-1.0	0.0	0.0
924	-1.0	0.0	-1.0
925	-1.0	0.0	-1.0
926	12.0	2.0	1.0
927	-1.0	0.0	0.0
928	-1.0	0.0	0.0
929	0.0	2.0	1.0
930	-1.0	0.0	-1.0
931	-1.0	0.0	-1.0
932	-1.0	0.0	-1.0
933	-1.0	0.0	-1.0
934	-1.0	0.0	-1.0
935	14.0	2.0	1.0
936	0.0	2.0	1.0
937	-1.0	0.0	-1.0
938	-1.0	0.0	-1.0
939	-1.0	0.0	0.0
940	-1.0	0.0	0.0
941	0.0	2.0	1.0
942	-1.0	0.0	0.0
943	0.0	2.0	1.0
944	0.0	2.0	1.0
945	17.0	2.0	1.0
946	0.0	2.0	1.0
947	-1.0	0.0	-1.0
948	15.0	2.0	1.0
949	-1.0	0.0	-1.0
950	-1.0	0.0	-1.0
951	-1.0	0.0	0.0
952	-1.0	0.0	0.0
953	0.0	2.0	1.0
954	0.0	2.0	1.0
955	-1.0	0.0	0.0
956	-1.0	0.0	-1.0
957	-1.0	0.0	0.0
958	-1.0	0.0	-1.0
959	22.0	2.0	1.0
960	0.0	2.0	1.0
961	-1.0	0.0	-1.0
962	-1.0	0.0	-1.0
963	19.0	3.0	1.0
964	-1.0	0.0	-1.0
965	-1.0	0.0	-1.0
966	-1.0	0.0	0.0
967	19.0	2.0	1.0
968	-1.0	0.0	-1.0
969	-1.0	0.0	-1.0
970	8.0	2.0	1.0
971	-1.0	0.0	0.0
972	-1.0	0.0	-1.0
973	-1.0	0.0	0.0
974	12.0	3.0	1.0
975	-1.0	0.0	0.0
976	-1.0	0.0	-1.0
977	-1.0	0.0	0.0
978	-1.0	0.0	0.0
979	11.0	2.0	1.0
980	15.0	2.0	1.0
981	17.0	2.0	1.0
982	0.0	2.0	1.0
983	11.0	2.0	1.0
984	-1.0	0.0	-1.0
985	16.0	2.0	1.0
986	27.0	2.0	1.0
987	-1.0	0.0	-1.0
988	-1.0	0.0	-1.0
989	17.0	3.0	1.0
990	-1.0	0.0	-1.0
991	16.0	2.0	1.0
992	18.0	2.0	1.0
993	-1.0	0.0	-1.0
994	-1.0	0.0	-1.0
995	11.0	2.0	1.0
996	-1.0	0.0	-1.0
997	-1.0	0.0	-1.0
998	-1.0	0.0	-1.0
999	15.0	2.0	1.0
1000	28.0	3.0	1.0
1001	-1.0	0.0	-1.0
1002	-1.0	0.0	-1.0
1003	-1.0	0.0	-1.0
1004	0.0	2.0	1.0
1005	-1.0	0.0	0.0
1006	-1.0	0.0	-1.0
1007	-1.0	0.0	-1.0
1008	0.0	2.0	1.0
1009	-1.0	0.0	-1.0
1010	-1.0	0.0	-1.0
1011	16.0	2.0	1.0
1012	-1.0	0.0	0.0
1013	-1.0	0.0	-1.0
1014	-1.0	0.0	0.0
1015	-1.0	0.0	-1.0
1016	-1.0	0.0	-1.0
1017	10.0	2.0	1.0
1018	17.0	2.0	1.0
1019	-1.0	0.0	-1.0
1020	-1.0	0.0	0.0
1021	28.0	3.0	1.0
1022	-1.0	0.0	-1.0
1023	0.0	2.0	1.0
1024	-1.0	0.0	-1.0
1025	-1.0	0.0	-1.0
1026	-1.0	0.0	0.0
1027	-1.0	0.0	-1.0
1028	-1.0	0.0	0.0
1029	-1.0	0.0	-1.0
1030	-1.0	0.0	-1.0
1031	-1.0	0.0	0.0
1032	-1.0	0.0	-1.0
1033	-1.0	0.0	0.0
1034	-1.0	0.0	-1.0
1035	-1.0	0.0	-1.0
1036	-1.0	0.0	-1.0
1037	-1.0	0.0	-1.0
1038	-1.0	0.0	-1.0
1039	-1.0	0.0	0.0
1040	-1.0	0.0	-1.0
1041	-1.0	0.0	-1.0
1042	18.0	2.0	1.0
1043	0.0	2.0	1.0
1044	-1.0	0.0	-1.0
1045	-1.0	0.0	-1.0
1046	-1.0	0.0	-1.0
1047	16.0	2.0	1.0
1048	-1.0	0.0	-1.0
1049	-1.0	0.0	-1.0
1050	0.0	2.0	1.0
1051	12.0	3.0	1.0
1052	22.0	2.0	1.0
1053	-1.0	0.0	0.0
1054	-1.0	0.0	-1.0
1055	-1.0	0.0	0.0
1056	-1.0	0.0	-1.0
1057	16.0	2.0	1.0
1058	10.0	2.0	1.0
1059	0.0	2.0	1.0
1060	-1.0	0.0	-1.0
1061	0.0	2.0	1.0
1062	-1.0	0.0	0.0
1063	22.0	2.0	1.0
1064	0.0	2.0	1.0
1065	-1.0	0.0	0.0
1066	-1.0	0.0	-1.0
1067	18.0	3.0	1.0
1068	-1.0	0.0	-1.0
1069	17.0	3.0	1.0
1070	-1.0	0.0	-1.0
1071	-1.0	0.0	0.0
1072	0.0	2.0	1.0
1073	25.0	2.0	1.0
1074	16.0	2.0	1.0
1075	26.0	3.0	1.0
1076	14.0	2.0	1.0
1077	27.0	2.0	1.0
1078	0.0	2.0	1.0
1079	-1.0	0.0	0.0
1080	-1.0	0.0	-1.0
1081	-1.0	0.0	0.0
1082	23.0	2.0	1.0
1083	-1.0	0.0	0.0
1084	-1.0	0.0	-1.0
1085	-1.0	0.0	-1.0
1086	-1.0	0.0	-1.0
1087	16.0	2.0	1.0
1088	13.0	2.0	1.0
1089	-1.0	0.0	0.0
1090	0.0	2.0	1.0
1091	24.0	2.0	1.0
1092	-1.0	0.0	-1.0
1093	-1.0	0.0	-1.0
1094	27.0	2.0	1.0
1095	-1.0	0.0	-1.0
1096	-1.0	0.0	-1.0
1097	23.0	2.0	1.0
1098	-1.0	0.0	-1.0
1099	-1.0	0.0	-1.0
1100	-1.0	0.0	0.0
1101	-1.0	0.0	-1.0
1102	8.0	2.0	1.0
1103	-1.0	0.0	-1.0
1104	-1.0	0.0	0.0
1105	18.0	2.0	1.0
1106	-1.0	0.0	-1.0
1107	-1.0	0.0	0.0
1108	-1.0	0.0	0.0
1109	27.0	2.0	1.0
1110	-1.0	0.0	-1.0
1111	-1.0	0.0	0.0
1112	-1.0	0.0	-1.0
1113	-1.0	0.0	0.0
1114	-1.0	0.0	-1.0
1115	17.0	2.0	1.0
1116	-1.0	0.0	-1.0
1117	11.0	2.0	1.0
1118	-1.0	0.0	-1.0
1119	0.0	2.0	1.0
1120	-1.0	0.0	-1.0
1121	-1.0	0.0	-1.0
1122	0.0	2.0	1.0
1123	-1.0	0.0	0.0
1124	-1.0	0.0	0.0
1125	15.0	2.0	1.0
1126	-1.0	0.0	-1.0
1127	25.0	2.0	1.0
1128	-1.0	0.0	-1.0
1129	-1.0	0.0	-1.0
1130	-1.0	0.0	0.0
1131	-1.0	0.0	-1.0
1132	-1.0	0.0	0.0
1133	10.0	2.0	1.0
1134	0.0	2.0	1.0
1135	-1.0	0.0	-1.0
1136	-1.0	0.0	-1.0
1137	-1.0	0.0	0.0
1138	11.0	2.0	1.0
1139	17.0	3.0	1.0
1140	0.0	2.0	1.0
1141	-1.0	0.0	0.0
1142	22.0	2.0	1.0
1143	-1.0	0.0	-1.0
1144	27.0	2.0	1.0
1145	-1.0	0.0	-1.0
1146	-1.0	0.0	-1.0
1147	-1.0	0.0	0.0
1148	19.0	2.0	1.0
1149	28.0	3.0	1.0
1150	0.0	2.0	1.0
1151	-1.0	0.0	-1.0
1152	-1.0	0.0	-1.0
1153	0.0	2.0	1.0
1154	-1.0	0.0	-1.0
1155	-1.0	0.0	0.0
1156	27.0	2.0	1.0
1157	0.0	2.0	1.0
1158	17.0	2.0	1.0
1159	-1.0	0.0	-1.0
1160	-1.0	0.0	0.0
1161	-1.0	0.0	-1.0
1162	-1.0	0.0	-1.0
1163	-1.0	0.0	0.0
1164	17.0	2.0	1.0
1165	0.0	2.0	1.0
1166	-1.0	0.0	-1.0
1167	-1.0	0.0	-1.0
1168	-1.0	0.0	-1.0
1169	-1.0	0.0	0.0
1170	-1.0	0.0	-1.0
1171	0.0	2.0	1.0
1172	-1.0	0.0	0.0
1173	-1.0	0.0	0.0
1174	0.0	2.0	1.0
1175	18.0	2.0	1.0
1176	-1.0	0.0	-1.0
1177	26.0	2.0	1.0
1178	-1.0	0.0	-1.0
1179	-1.0	0.0	-1.0
1180	-1.0	0.0	0.0
1181	9.0	2.0	1.0
1182	23.0	2.0	1.0
1183	18.0	3.0	1.0
1184	-1.0	0.0	-1.0
1185	-1.0	0.0	-1.0
1186	-1.0	0.0	-1.0
1187	15.0	2.0	1.0
1188	-1.0	0.0	-1.0
1189	-1.0	0.0	0.0
1190	-1.0	0.0	0.0
1191	-1.0	0.0	-1.0
1192	-1.0	0.0	0.0
1193	19.0	2.0	1.0
1194	-1.0	0.0	-1.0
1195	-1.0	0.0	-1.0
1196	-1.0	0.0	0.0
1197	-1.0	0.0	0.0
1198	-1.0	0.0	-1.0
1199	-1.0	0.0	-1.0
1200	-1.0	0.0	0.0
1201	-1.0	0.0	-1.0
1202	-1.0	0.0	-1.0
1203	-1.0	0.0	-1.0
1204	-1.0	0.0	-1.0
1205	19.0	3.0	1.0
1206	12.0	3.0	1.0
1207	0.0	2.0	1.0
1208	-1.0	0.0	-1.0
1209	9.0	2.0	1.0
1210	-1.0	0.0	-1.0
1211	21.0	3.0	1.0
1212	-1.0	0.0	-1.0
1213	18.0	2.0	1.0
1214	-1.0	0.0	0.0
1215	-1.0	0.0	-1.0
1216	-1.0	0.0	-1.0
1217	-1.0	0.0	-1.0
1218	-1.0	0.0	-1.0
1219	-1.0	0.0	0.0
1220	-1.0	0.0	-1.0
1221	-1.0	0.0	-1.0
1222	-1.0	0.0	-1.0
1223	-1.0	0.0	-1.0
1224	0.0	2.0	1.0
1225	0.0	2.0	1.0
1226	-1.0	0.0	0.0
1227	-1.0	0.0	-1.0
1228	-1.0	0.0	0.0
1229	-1.0	0.0	0.0
1230	-1.0	0.0	-1.0
1231	0.0	2.0	1.0
1232	25.0	2.0	1.0
1233	0.0	2.0	1.0
1234	12.0	2.0	1.0
1235	-1.0	0.0	-1.0
1236	0.0	2.0	1.0
1237	-1.0	0.0	-1.0
1238	-1.0	0.0	-1.0
1239	0.0	2.0	1.0
1240	0.0	2.0	1.0
1241	0.0	2.0	1.0
1242	-1.0	0.0	-1.0
1243	0.0	2.0	1.0
1244	23.0	2.0	1.0
1245	0.0	2.0	1.0
1246	-1.0	0.0	0.0
1247	-1.0	0.0	-1.0
1248	-1.0	0.0	-1.0
1249	-1.0	0.0	0.0
1250	-1.0	0.0	-1.0
1251	-1.0	0.0	0.0
1252	-1.0	0.0	0.0
1253	-1.0	0.0	0.0
1254	-1.0	0.0	0.0
1255	26.0	2.0	1.0
1256	-1.0	0.0	-1.0
1257	-1.0	0.0	-1.0
1258	0.0	2.0	1.0
1259	-1.0	0.0	-1.0
1260	-1.0	0.0	-1.0
1261	-1.0	0.0	-1.0
1262	0.0	2.0	1.0
1263	8.0	3.0	1.0
1264	-1.0	0.0	-1.0
1265	-1.0	0.0	0.0
1266	0.0	2.0	1.0
1267	-1.0	0.0	0.0
1268	-1.0	0.0	-1.0
1269	0.0	2.0	1.0
1270	0.0	2.0	1.0
1271	-1.0	0.0	-1.0
1272	-1.0	0.0	-1.0
1273	13.0	2.0	1.0
1274	-1.0	0.0	-1.0
1275	13.0	3.0	1.0
1276	11.0	2.0	1.0
1277	-1.0	0.0	-1.0
1278	-1.0	0.0	0.0
1279	-1.0	0.0	-1.0
1280	-1.0	0.0	0.0
1281	-1.0	0.0	-1.0
1282	9.0	2.0	1.0
1283	-1.0	0.0	0.0
1284	-1.0	0.0	-1.0
1285	-1.0	0.0	0.0
1286	-1.0	0.0	0.0
1287	-1.0	0.0	-1.0
1288	-1.0	0.0	-1.0
1289	-1.0	0.0	-1.0
1290	-1.0	0.0	-1.0
1291	-1.0	0.0	-1.0
1292	-1.0	0.0	0.0
1293	-1.0	0.0	-1.0
1294	-1.0	0.0	-1.0
1295	-1.0	0.0	-1.0
1296	0.0	2.0	1.0
1297	-1.0	0.0	0.0
1298	-1.0	0.0	-1.0
1299	0.0	2.0	1.0
1300	-1.0	0.0	0.0
1301	13.0	2.0	1.0
1302	-1.0	0.0	-1.0
1303	-1.0	0.0	-1.0
1304	-1.0	0.0	-1.0
1305	-1.0	0.0	-1.0
1306	14.0	2.0	1.0
1307	-1.0	0.0	0.0
1308	-1.0	0.0	-1.0
1309	-1.0	0.0	0.0
1310	25.0	2.0	1.0
1311	0.0	2.0	1.0
1312	20.0	2.0	1.0
1313	-1.0	0.0	0.0
1314	-1.0	0.0	0.0
1315	28.0	2.0	1.0
1316	0.0	2.0	1.0
1317	-1.0	0.0	-1.0
1318	-1.0	0.0	-1.0
1319	23.0	3.0	1.0
1320	26.0	2.0	1.0
1321	-1.0	0.0	-1.0
1322	0.0	2.0	1.0
1323	0.0	2.0	1.0
1324	0.0	2.0	1.0
1325	-1.0	0.0	-1.0
1326	13.0	3.0	1.0
1327	0.0	2.0	1.0
1328	0.0	2.0	1.0
1329	-1.0	0.0	-1.0
1330	0.0	2.0	1.0
1331	0.0	2.0	1.0
1332	23.0	2.0	1.0
1333	0.0	2.0	1.0
1334	28.0	3.0	1.0
1335	10.0	2.0	1.0
1336	24.0	2.0	1.0
1337	-1.0	0.0	-1.0
1338	-1.0	0.0	-1.0
1339	-1.0	0.0	0.0
1340	-1.0	0.0	-1.0
1341	0.0	2.0	1.0
1342	-1.0	0.0	0.0
1343	-1.0	0.0	-1.0
1344	-1.0	0.0	-1.0
1345	-1.0	0.0	-1.0
1346	0.0	2.0	1.0
1347	-1.0	0.0	0.0
1348	0.0	2.0	1.0
1349	14.0	2.0	1.0
1350	24.0	2.0	1.0
1351	-1.0	0.0	-1.0
1352	28.0	3.0	1.0
1353	-1.0	0.0	-1.0
1354	-1.0	0.0	-1.0
1355	10.0	2.0	1.0
1356	-1.0	0.0	-1.0
1357	-1.0	0.0	-1.0
1358	-1.0	0.0	-1.0
1359	-1.0	0.0	0.0
1360	-1.0	0.0	0.0
1361	-1.0	0.0	-1.0
1362	-1.0	0.0	-1.0
1363	9.0	2.0	1.0
1364	19.0	2.0	1.0
1365	0.0	2.0	1.0
1366	-1.0	0.0	-1.0
1367	-1.0	0.0	0.0
1368	-1.0	0.0	-1.0
1369	0.0	2.0	1.0
1370	26.0	2.0	1.0
1371	-1.0	0.0	0.0
1372	0.0	2.0	1.0
1373	-1.0	0.0	0.0
1374	-1.0	0.0	-1.0
1375	-1.0	0.0	0.0
1376	-1.0	0.0	0.0
1377	-1.0	0.0	-1.0
1378	-1.0	0.0	0.0
1379	-1.0	0.0	0.0
1380	-1.0	0.0	0.0
1381	12.0	2.0	1.0
1382	22.0	2.0	1.0
1383	-1.0	0.0	-1.0
1384	26.0	2.0	1.0
1385	0.0	2.0	1.0
1386	-1.0	0.0	-1.0
1387	-1.0	0.0	-1.0
1388	-1.0	0.0	-1.0
1389	-1.0	0.0	-1.0
1390	0.0	2.0	1.0
1391	-1.0	0.0	0.0
1392	11.0	3.0	1.0
1393	-1.0	0.0	0.0
1394	-1.0	0.0	0.0
1395	-1.0	0.0	-1.0
1396	-1.0	0.0	0.0
1397	-1.0	0.0	-1.0
1398	-1.0	0.0	-1.0
1399	-1.0	0.0	-1.0
1400	0.0	0.0	0.0
