index	outport	cost	SuccessFlag
0	28.0	3.0	1.0
1	15.0	2.0	1.0
2	18.0	3.0	1.0
3	0.0	2.0	1.0
4	18.0	3.0	1.0
5	24.0	3.0	1.0
6	13.0	3.0	1.0
7	8.0	2.0	1.0
8	10.0	3.0	1.0
9	22.0	2.0	1.0
10	8.0	3.0	1.0
11	0.0	2.0	1.0
12	12.0	3.0	1.0
13	11.0	3.0	1.0
14	21.0	3.0	1.0
15	20.0	3.0	1.0
16	-1.0	0.0	-1.0
17	16.0	2.0	1.0
18	24.0	3.0	1.0
19	10.0	3.0	1.0
20	9.0	2.0	1.0
21	-1.0	0.0	-1.0
22	14.0	3.0	1.0
23	16.0	3.0	1.0
24	0.0	2.0	1.0
25	22.0	2.0	1.0
26	25.0	3.0	1.0
27	15.0	2.0	1.0
28	22.0	2.0	1.0
29	0.0	2.0	1.0
30	0.0	2.0	1.0
31	24.0	3.0	1.0
32	25.0	3.0	1.0
33	-1.0	0.0	-1.0
34	0.0	2.0	1.0
35	0.0	2.0	1.0
36	22.0	3.0	1.0
37	-1.0	0.0	-1.0
38	8.0	2.0	1.0
39	-1.0	0.0	-1.0
40	22.0	2.0	1.0
41	10.0	2.0	1.0
42	17.0	3.0	1.0
43	21.0	3.0	1.0
44	28.0	3.0	1.0
45	22.0	3.0	1.0
46	0.0	2.0	1.0
47	15.0	2.0	1.0
48	15.0	2.0	1.0
49	23.0	2.0	1.0
50	23.0	3.0	1.0
51	9.0	2.0	1.0
52	0.0	2.0	1.0
53	15.0	2.0	1.0
54	23.0	2.0	1.0
55	0.0	2.0	1.0
56	13.0	3.0	1.0
57	8.0	2.0	1.0
58	25.0	3.0	1.0
59	17.0	3.0	1.0
60	22.0	2.0	1.0
61	8.0	3.0	1.0
62	12.0	3.0	1.0
63	0.0	2.0	1.0
64	0.0	2.0	1.0
65	17.0	3.0	1.0
66	27.0	3.0	1.0
67	15.0	2.0	1.0
68	8.0	2.0	1.0
69	9.0	3.0	1.0
70	12.0	3.0	1.0
71	15.0	3.0	1.0
72	-1.0	0.0	0.0
73	0.0	2.0	1.0
74	-1.0	0.0	-1.0
75	19.0	3.0	1.0
76	-1.0	0.0	-1.0
77	14.0	3.0	1.0
78	0.0	2.0	1.0
79	0.0	2.0	1.0
80	0.0	2.0	1.0
81	0.0	2.0	1.0
82	13.0	3.0	1.0
83	17.0	2.0	1.0
84	13.0	3.0	1.0
85	0.0	2.0	1.0
86	22.0	2.0	1.0
87	0.0	2.0	1.0
88	15.0	2.0	1.0
89	18.0	3.0	1.0
90	18.0	2.0	1.0
91	22.0	3.0	1.0
92	22.0	2.0	1.0
93	0.0	2.0	1.0
94	26.0	2.0	1.0
95	16.0	3.0	1.0
96	27.0	2.0	1.0
97	20.0	3.0	1.0
98	14.0	3.0	1.0
99	-1.0	0.0	0.0
100	-1.0	0.0	-1.0
101	9.0	3.0	1.0
102	8.0	2.0	1.0
103	10.0	3.0	1.0
104	-1.0	0.0	0.0
105	-1.0	0.0	-1.0
106	0.0	2.0	1.0
107	18.0	3.0	1.0
108	28.0	3.0	1.0
109	0.0	2.0	1.0
110	11.0	2.0	1.0
111	0.0	2.0	1.0
112	-1.0	0.0	0.0
113	-1.0	0.0	-1.0
114	21.0	3.0	1.0
115	22.0	2.0	1.0
116	22.0	2.0	1.0
117	-1.0	0.0	0.0
118	11.0	3.0	1.0
119	14.0	3.0	1.0
120	24.0	2.0	1.0
121	19.0	3.0	1.0
122	0.0	2.0	1.0
123	20.0	3.0	1.0
124	0.0	2.0	1.0
125	22.0	2.0	1.0
126	15.0	2.0	1.0
127	-1.0	0.0	-1.0
128	0.0	2.0	1.0
129	-1.0	0.0	-1.0
130	21.0	3.0	1.0
131	22.0	2.0	1.0
132	0.0	2.0	1.0
133	15.0	2.0	1.0
134	15.0	2.0	1.0
135	0.0	2.0	1.0
136	0.0	2.0	1.0
137	8.0	2.0	1.0
138	28.0	3.0	1.0
139	22.0	3.0	1.0
140	18.0	2.0	1.0
141	13.0	3.0	1.0
142	-1.0	0.0	0.0
143	13.0	3.0	1.0
144	13.0	3.0	1.0
145	23.0	2.0	1.0
146	0.0	2.0	1.0
147	0.0	2.0	1.0
148	-1.0	0.0	-1.0
149	16.0	2.0	1.0
150	10.0	3.0	1.0
151	0.0	2.0	1.0
152	8.0	2.0	1.0
153	13.0	3.0	1.0
154	15.0	2.0	1.0
155	-1.0	0.0	-1.0
156	11.0	3.0	1.0
157	8.0	2.0	1.0
158	9.0	2.0	1.0
159	21.0	3.0	1.0
160	-1.0	0.0	-1.0
161	0.0	2.0	1.0
162	0.0	2.0	1.0
163	0.0	2.0	1.0
164	0.0	2.0	1.0
165	-1.0	0.0	0.0
166	-1.0	0.0	0.0
167	0.0	2.0	1.0
168	16.0	2.0	1.0
169	-1.0	0.0	-1.0
170	14.0	3.0	1.0
171	0.0	2.0	1.0
172	-1.0	0.0	0.0
173	0.0	2.0	1.0
174	8.0	2.0	1.0
175	11.0	3.0	1.0
176	18.0	2.0	1.0
177	-1.0	0.0	-1.0
178	23.0	2.0	1.0
179	0.0	2.0	1.0
180	22.0	2.0	1.0
181	19.0	3.0	1.0
182	0.0	2.0	1.0
183	0.0	2.0	1.0
184	-1.0	0.0	-1.0
185	0.0	2.0	1.0
186	8.0	2.0	1.0
187	23.0	2.0	1.0
188	-1.0	0.0	0.0
189	-1.0	0.0	-1.0
190	-1.0	0.0	-1.0
191	8.0	2.0	1.0
192	-1.0	0.0	-1.0
193	24.0	2.0	1.0
194	-1.0	0.0	0.0
195	-1.0	0.0	-1.0
196	8.0	2.0	1.0
197	16.0	2.0	1.0
198	15.0	2.0	1.0
199	16.0	2.0	1.0
200	0.0	2.0	1.0
201	9.0	2.0	1.0
202	11.0	2.0	1.0
203	15.0	2.0	1.0
204	24.0	3.0	1.0
205	-1.0	0.0	-1.0
206	-1.0	0.0	-1.0
207	0.0	2.0	1.0
208	-1.0	0.0	0.0
209	17.0	3.0	1.0
210	19.0	3.0	1.0
211	-1.0	0.0	-1.0
212	15.0	2.0	1.0
213	0.0	2.0	1.0
214	12.0	2.0	1.0
215	0.0	2.0	1.0
216	-1.0	0.0	0.0
217	24.0	2.0	1.0
218	11.0	2.0	1.0
219	-1.0	0.0	-1.0
220	-1.0	0.0	-1.0
221	-1.0	0.0	-1.0
222	0.0	2.0	1.0
223	0.0	2.0	1.0
224	26.0	3.0	1.0
225	-1.0	0.0	-1.0
226	25.0	3.0	1.0
227	-1.0	0.0	-1.0
228	9.0	2.0	1.0
229	25.0	3.0	1.0
230	25.0	2.0	1.0
231	-1.0	0.0	-1.0
232	8.0	3.0	1.0
233	-1.0	0.0	0.0
234	-1.0	0.0	0.0
235	-1.0	0.0	-1.0
236	0.0	2.0	1.0
237	10.0	3.0	1.0
238	0.0	2.0	1.0
239	22.0	2.0	1.0
240	8.0	2.0	1.0
241	-1.0	0.0	-1.0
242	23.0	2.0	1.0
243	22.0	2.0	1.0
244	27.0	3.0	1.0
245	24.0	3.0	1.0
246	0.0	2.0	1.0
247	17.0	2.0	1.0
248	-1.0	0.0	0.0
249	-1.0	0.0	-1.0
250	-1.0	0.0	0.0
251	20.0	3.0	1.0
252	16.0	2.0	1.0
253	17.0	3.0	1.0
254	-1.0	0.0	0.0
255	-1.0	0.0	0.0
256	25.0	2.0	1.0
257	0.0	2.0	1.0
258	17.0	3.0	1.0
259	23.0	2.0	1.0
260	0.0	2.0	1.0
261	23.0	2.0	1.0
262	-1.0	0.0	0.0
263	-1.0	0.0	-1.0
264	24.0	2.0	1.0
265	26.0	3.0	1.0
266	-1.0	0.0	-1.0
267	0.0	2.0	1.0
268	0.0	2.0	1.0
269	10.0	2.0	1.0
270	26.0	2.0	1.0
271	-1.0	0.0	-1.0
272	27.0	2.0	1.0
273	0.0	2.0	1.0
274	0.0	2.0	1.0
275	0.0	2.0	1.0
276	0.0	2.0	1.0
277	21.0	3.0	1.0
278	10.0	3.0	1.0
279	23.0	2.0	1.0
280	-1.0	0.0	-1.0
281	-1.0	0.0	-1.0
282	14.0	3.0	1.0
283	-1.0	0.0	-1.0
284	0.0	2.0	1.0
285	-1.0	0.0	-1.0
286	13.0	3.0	1.0
287	22.0	2.0	1.0
288	-1.0	0.0	0.0
289	0.0	2.0	1.0
290	21.0	3.0	1.0
291	14.0	3.0	1.0
292	-1.0	0.0	-1.0
293	-1.0	0.0	0.0
294	25.0	3.0	1.0
295	-1.0	0.0	0.0
296	-1.0	0.0	-1.0
297	-1.0	0.0	-1.0
298	-1.0	0.0	-1.0
299	0.0	2.0	1.0
300	-1.0	0.0	-1.0
301	0.0	2.0	1.0
302	-1.0	0.0	-1.0
303	27.0	3.0	1.0
304	0.0	2.0	1.0
305	-1.0	0.0	-1.0
306	10.0	2.0	1.0
307	14.0	3.0	1.0
308	0.0	2.0	1.0
309	23.0	3.0	1.0
310	28.0	2.0	1.0
311	18.0	3.0	1.0
312	15.0	2.0	1.0
313	12.0	2.0	1.0
314	-1.0	0.0	-1.0
315	26.0	2.0	1.0
316	-1.0	0.0	0.0
317	25.0	3.0	1.0
318	-1.0	0.0	0.0
319	26.0	3.0	1.0
320	0.0	2.0	1.0
321	0.0	2.0	1.0
322	8.0	2.0	1.0
323	-1.0	0.0	-1.0
324	-1.0	0.0	-1.0
325	9.0	2.0	1.0
326	15.0	2.0	1.0
327	-1.0	0.0	-1.0
328	0.0	2.0	1.0
329	15.0	3.0	1.0
330	0.0	2.0	1.0
331	-1.0	0.0	-1.0
332	23.0	2.0	1.0
333	0.0	2.0	1.0
334	20.0	3.0	1.0
335	-1.0	0.0	-1.0
336	0.0	2.0	1.0
337	14.0	3.0	1.0
338	-1.0	0.0	-1.0
339	27.0	3.0	1.0
340	21.0	3.0	1.0
341	0.0	2.0	1.0
342	8.0	2.0	1.0
343	20.0	3.0	1.0
344	13.0	3.0	1.0
345	-1.0	0.0	0.0
346	0.0	2.0	1.0
347	22.0	2.0	1.0
348	27.0	3.0	1.0
349	-1.0	0.0	-1.0
350	12.0	3.0	1.0
351	12.0	2.0	1.0
352	-1.0	0.0	0.0
353	10.0	2.0	1.0
354	-1.0	0.0	0.0
355	-1.0	0.0	0.0
356	19.0	3.0	1.0
357	15.0	3.0	1.0
358	-1.0	0.0	-1.0
359	0.0	2.0	1.0
360	11.0	2.0	1.0
361	-1.0	0.0	-1.0
362	27.0	3.0	1.0
363	-1.0	0.0	0.0
364	0.0	2.0	1.0
365	8.0	2.0	1.0
366	22.0	2.0	1.0
367	16.0	2.0	1.0
368	26.0	3.0	1.0
369	10.0	2.0	1.0
370	8.0	2.0	1.0
371	0.0	2.0	1.0
372	-1.0	0.0	-1.0
373	0.0	2.0	1.0
374	-1.0	0.0	-1.0
375	16.0	2.0	1.0
376	20.0	3.0	1.0
377	16.0	2.0	1.0
378	-1.0	0.0	-1.0
379	-1.0	0.0	0.0
380	12.0	2.0	1.0
381	17.0	2.0	1.0
382	22.0	2.0	1.0
383	-1.0	0.0	-1.0
384	-1.0	0.0	0.0
385	-1.0	0.0	-1.0
386	11.0	3.0	1.0
387	-1.0	0.0	-1.0
388	14.0	3.0	1.0
389	0.0	2.0	1.0
390	0.0	2.0	1.0
391	0.0	2.0	1.0
392	-1.0	0.0	-1.0
393	-1.0	0.0	0.0
394	0.0	2.0	1.0
395	9.0	3.0	1.0
396	26.0	3.0	1.0
397	23.0	3.0	1.0
398	-1.0	0.0	-1.0
399	-1.0	0.0	-1.0
400	0.0	2.0	1.0
401	-1.0	0.0	0.0
402	-1.0	0.0	-1.0
403	13.0	3.0	1.0
404	-1.0	0.0	0.0
405	0.0	2.0	1.0
406	12.0	2.0	1.0
407	15.0	2.0	1.0
408	0.0	2.0	1.0
409	-1.0	0.0	0.0
410	0.0	2.0	1.0
411	24.0	3.0	1.0
412	-1.0	0.0	-1.0
413	24.0	3.0	1.0
414	-1.0	0.0	0.0
415	11.0	3.0	1.0
416	19.0	2.0	1.0
417	-1.0	0.0	-1.0
418	-1.0	0.0	-1.0
419	-1.0	0.0	0.0
420	-1.0	0.0	-1.0
421	22.0	2.0	1.0
422	0.0	2.0	1.0
423	20.0	2.0	1.0
424	27.0	2.0	1.0
425	9.0	2.0	1.0
426	-1.0	0.0	0.0
427	-1.0	0.0	-1.0
428	-1.0	0.0	-1.0
429	12.0	3.0	1.0
430	-1.0	0.0	0.0
431	-1.0	0.0	-1.0
432	-1.0	0.0	-1.0
433	23.0	2.0	1.0
434	19.0	2.0	1.0
435	-1.0	0.0	-1.0
436	9.0	3.0	1.0
437	-1.0	0.0	0.0
438	-1.0	0.0	-1.0
439	0.0	2.0	1.0
440	18.0	2.0	1.0
441	-1.0	0.0	-1.0
442	-1.0	0.0	-1.0
443	25.0	3.0	1.0
444	27.0	3.0	1.0
445	-1.0	0.0	-1.0
446	-1.0	0.0	-1.0
447	-1.0	0.0	-1.0
448	-1.0	0.0	0.0
449	23.0	3.0	1.0
450	23.0	2.0	1.0
451	0.0	2.0	1.0
452	-1.0	0.0	0.0
453	26.0	3.0	1.0
454	-1.0	0.0	-1.0
455	-1.0	0.0	0.0
456	8.0	2.0	1.0
457	0.0	2.0	1.0
458	20.0	3.0	1.0
459	-1.0	0.0	0.0
460	28.0	3.0	1.0
461	20.0	3.0	1.0
462	-1.0	0.0	-1.0
463	-1.0	0.0	0.0
464	23.0	2.0	1.0
465	18.0	3.0	1.0
466	22.0	2.0	1.0
467	-1.0	0.0	0.0
468	-1.0	0.0	-1.0
469	0.0	2.0	1.0
470	-1.0	0.0	-1.0
471	21.0	3.0	1.0
472	-1.0	0.0	-1.0
473	-1.0	0.0	-1.0
474	-1.0	0.0	0.0
475	0.0	2.0	1.0
476	15.0	2.0	1.0
477	0.0	2.0	1.0
478	-1.0	0.0	0.0
479	-1.0	0.0	-1.0
480	-1.0	0.0	0.0
481	-1.0	0.0	-1.0
482	16.0	2.0	1.0
483	0.0	2.0	1.0
484	0.0	2.0	1.0
485	26.0	2.0	1.0
486	23.0	2.0	1.0
487	17.0	2.0	1.0
488	-1.0	0.0	-1.0
489	-1.0	0.0	-1.0
490	10.0	2.0	1.0
491	0.0	2.0	1.0
492	-1.0	0.0	-1.0
493	0.0	2.0	1.0
494	-1.0	0.0	0.0
495	0.0	2.0	1.0
496	17.0	2.0	1.0
497	18.0	2.0	1.0
498	-1.0	0.0	-1.0
499	-1.0	0.0	0.0
500	0.0	0.0	0.0
