index	outport	cost	SuccessFlag
0	0.0	2.0	1.0
1	18.0	3.0	1.0
2	0.0	2.0	1.0
3	22.0	2.0	1.0
4	24.0	3.0	1.0
5	10.0	3.0	1.0
6	25.0	3.0	1.0
7	22.0	2.0	1.0
8	8.0	3.0	1.0
9	15.0	3.0	1.0
10	23.0	2.0	1.0
11	0.0	2.0	1.0
12	12.0	3.0	1.0
13	22.0	3.0	1.0
14	14.0	3.0	1.0
15	10.0	3.0	1.0
16	26.0	3.0	1.0
17	0.0	2.0	1.0
18	15.0	2.0	1.0
19	-1.0	0.0	-1.0
20	8.0	3.0	1.0
21	0.0	2.0	1.0
22	12.0	3.0	1.0
23	8.0	2.0	1.0
24	0.0	2.0	1.0
25	13.0	3.0	1.0
26	0.0	2.0	1.0
27	15.0	2.0	1.0
28	0.0	2.0	1.0
29	8.0	2.0	1.0
30	9.0	3.0	1.0
31	15.0	2.0	1.0
32	15.0	2.0	1.0
33	24.0	3.0	1.0
34	13.0	3.0	1.0
35	-1.0	0.0	-1.0
36	17.0	3.0	1.0
37	22.0	2.0	1.0
38	26.0	3.0	1.0
39	17.0	3.0	1.0
40	16.0	3.0	1.0
41	22.0	2.0	1.0
42	8.0	2.0	1.0
43	22.0	2.0	1.0
44	17.0	3.0	1.0
45	0.0	2.0	1.0
46	0.0	2.0	1.0
47	9.0	3.0	1.0
48	18.0	3.0	1.0
49	0.0	2.0	1.0
50	8.0	3.0	1.0
51	23.0	2.0	1.0
52	0.0	2.0	1.0
53	-1.0	0.0	-1.0
54	26.0	3.0	1.0
55	23.0	3.0	1.0
56	0.0	2.0	1.0
57	17.0	3.0	1.0
58	20.0	3.0	1.0
59	0.0	2.0	1.0
60	12.0	3.0	1.0
61	13.0	3.0	1.0
62	16.0	3.0	1.0
63	24.0	3.0	1.0
64	15.0	2.0	1.0
65	16.0	2.0	1.0
66	20.0	3.0	1.0
67	0.0	2.0	1.0
68	12.0	3.0	1.0
69	23.0	3.0	1.0
70	20.0	3.0	1.0
71	15.0	2.0	1.0
72	17.0	3.0	1.0
73	26.0	3.0	1.0
74	22.0	2.0	1.0
75	0.0	2.0	1.0
76	0.0	2.0	1.0
77	-1.0	0.0	0.0
78	22.0	2.0	1.0
79	8.0	2.0	1.0
80	-1.0	0.0	-1.0
81	20.0	3.0	1.0
82	8.0	2.0	1.0
83	27.0	3.0	1.0
84	23.0	2.0	1.0
85	26.0	3.0	1.0
86	0.0	2.0	1.0
87	8.0	3.0	1.0
88	0.0	2.0	1.0
89	15.0	3.0	1.0
90	-1.0	0.0	-1.0
91	9.0	2.0	1.0
92	16.0	2.0	1.0
93	8.0	3.0	1.0
94	0.0	2.0	1.0
95	27.0	3.0	1.0
96	0.0	2.0	1.0
97	10.0	3.0	1.0
98	28.0	3.0	1.0
99	16.0	3.0	1.0
100	23.0	2.0	1.0
101	-1.0	0.0	-1.0
102	25.0	3.0	1.0
103	15.0	3.0	1.0
104	9.0	2.0	1.0
105	0.0	2.0	1.0
106	-1.0	0.0	-1.0
107	20.0	3.0	1.0
108	23.0	2.0	1.0
109	17.0	3.0	1.0
110	-1.0	0.0	-1.0
111	-1.0	0.0	-1.0
112	21.0	3.0	1.0
113	11.0	3.0	1.0
114	-1.0	0.0	-1.0
115	26.0	3.0	1.0
116	17.0	2.0	1.0
117	9.0	2.0	1.0
118	0.0	2.0	1.0
119	25.0	3.0	1.0
120	8.0	2.0	1.0
121	26.0	3.0	1.0
122	11.0	3.0	1.0
123	28.0	3.0	1.0
124	17.0	3.0	1.0
125	-1.0	0.0	-1.0
126	0.0	2.0	1.0
127	14.0	3.0	1.0
128	8.0	2.0	1.0
129	0.0	2.0	1.0
130	-1.0	0.0	0.0
131	-1.0	0.0	-1.0
132	10.0	3.0	1.0
133	8.0	2.0	1.0
134	-1.0	0.0	-1.0
135	-1.0	0.0	-1.0
136	8.0	3.0	1.0
137	-1.0	0.0	0.0
138	0.0	2.0	1.0
139	9.0	3.0	1.0
140	-1.0	0.0	-1.0
141	-1.0	0.0	-1.0
142	24.0	2.0	1.0
143	25.0	3.0	1.0
144	21.0	3.0	1.0
145	0.0	2.0	1.0
146	-1.0	0.0	0.0
147	0.0	2.0	1.0
148	15.0	2.0	1.0
149	0.0	2.0	1.0
150	0.0	2.0	1.0
151	0.0	2.0	1.0
152	-1.0	0.0	0.0
153	22.0	2.0	1.0
154	26.0	3.0	1.0
155	12.0	3.0	1.0
156	-1.0	0.0	-1.0
157	9.0	2.0	1.0
158	9.0	2.0	1.0
159	-1.0	0.0	0.0
160	11.0	3.0	1.0
161	0.0	2.0	1.0
162	18.0	2.0	1.0
163	-1.0	0.0	-1.0
164	-1.0	0.0	-1.0
165	-1.0	0.0	-1.0
166	23.0	2.0	1.0
167	18.0	3.0	1.0
168	23.0	2.0	1.0
169	23.0	3.0	1.0
170	22.0	2.0	1.0
171	0.0	2.0	1.0
172	18.0	2.0	1.0
173	-1.0	0.0	0.0
174	0.0	2.0	1.0
175	13.0	3.0	1.0
176	22.0	2.0	1.0
177	-1.0	0.0	-1.0
178	-1.0	0.0	-1.0
179	15.0	3.0	1.0
180	-1.0	0.0	-1.0
181	11.0	3.0	1.0
182	11.0	3.0	1.0
183	27.0	2.0	1.0
184	-1.0	0.0	-1.0
185	0.0	2.0	1.0
186	-1.0	0.0	0.0
187	-1.0	0.0	-1.0
188	25.0	3.0	1.0
189	8.0	2.0	1.0
190	19.0	3.0	1.0
191	12.0	3.0	1.0
192	0.0	2.0	1.0
193	25.0	3.0	1.0
194	19.0	3.0	1.0
195	8.0	2.0	1.0
196	12.0	3.0	1.0
197	18.0	3.0	1.0
198	-1.0	0.0	-1.0
199	-1.0	0.0	-1.0
200	9.0	3.0	1.0
201	0.0	2.0	1.0
202	-1.0	0.0	-1.0
203	28.0	3.0	1.0
204	0.0	2.0	1.0
205	12.0	3.0	1.0
206	17.0	3.0	1.0
207	23.0	3.0	1.0
208	10.0	2.0	1.0
209	24.0	3.0	1.0
210	17.0	3.0	1.0
211	-1.0	0.0	-1.0
212	11.0	3.0	1.0
213	28.0	2.0	1.0
214	-1.0	0.0	-1.0
215	-1.0	0.0	-1.0
216	22.0	2.0	1.0
217	22.0	2.0	1.0
218	27.0	2.0	1.0
219	22.0	2.0	1.0
220	-1.0	0.0	-1.0
221	14.0	3.0	1.0
222	10.0	2.0	1.0
223	8.0	2.0	1.0
224	-1.0	0.0	-1.0
225	23.0	2.0	1.0
226	-1.0	0.0	-1.0
227	0.0	2.0	1.0
228	18.0	2.0	1.0
229	22.0	2.0	1.0
230	-1.0	0.0	0.0
231	13.0	3.0	1.0
232	-1.0	0.0	-1.0
233	22.0	2.0	1.0
234	-1.0	0.0	-1.0
235	27.0	3.0	1.0
236	0.0	2.0	1.0
237	-1.0	0.0	-1.0
238	-1.0	0.0	0.0
239	17.0	3.0	1.0
240	18.0	3.0	1.0
241	26.0	3.0	1.0
242	0.0	2.0	1.0
243	-1.0	0.0	0.0
244	-1.0	0.0	-1.0
245	0.0	2.0	1.0
246	0.0	2.0	1.0
247	19.0	3.0	1.0
248	15.0	2.0	1.0
249	0.0	2.0	1.0
250	24.0	3.0	1.0
251	23.0	2.0	1.0
252	-1.0	0.0	-1.0
253	22.0	2.0	1.0
254	0.0	2.0	1.0
255	20.0	3.0	1.0
256	0.0	2.0	1.0
257	11.0	3.0	1.0
258	9.0	2.0	1.0
259	-1.0	0.0	-1.0
260	0.0	2.0	1.0
261	20.0	3.0	1.0
262	8.0	2.0	1.0
263	-1.0	0.0	-1.0
264	-1.0	0.0	-1.0
265	16.0	2.0	1.0
266	15.0	3.0	1.0
267	27.0	3.0	1.0
268	-1.0	0.0	0.0
269	16.0	2.0	1.0
270	23.0	2.0	1.0
271	28.0	3.0	1.0
272	-1.0	0.0	-1.0
273	25.0	3.0	1.0
274	-1.0	0.0	-1.0
275	0.0	2.0	1.0
276	19.0	3.0	1.0
277	0.0	2.0	1.0
278	0.0	2.0	1.0
279	11.0	3.0	1.0
280	12.0	3.0	1.0
281	11.0	3.0	1.0
282	0.0	2.0	1.0
283	9.0	2.0	1.0
284	-1.0	0.0	-1.0
285	-1.0	0.0	-1.0
286	-1.0	0.0	-1.0
287	-1.0	0.0	-1.0
288	23.0	3.0	1.0
289	-1.0	0.0	-1.0
290	0.0	2.0	1.0
291	-1.0	0.0	0.0
292	0.0	2.0	1.0
293	10.0	2.0	1.0
294	23.0	3.0	1.0
295	15.0	2.0	1.0
296	12.0	3.0	1.0
297	16.0	2.0	1.0
298	17.0	2.0	1.0
299	0.0	2.0	1.0
300	20.0	2.0	1.0
301	18.0	2.0	1.0
302	21.0	2.0	1.0
303	0.0	2.0	1.0
304	14.0	3.0	1.0
305	-1.0	0.0	-1.0
306	0.0	2.0	1.0
307	16.0	2.0	1.0
308	-1.0	0.0	-1.0
309	28.0	3.0	1.0
310	-1.0	0.0	-1.0
311	0.0	2.0	1.0
312	-1.0	0.0	-1.0
313	-1.0	0.0	-1.0
314	13.0	3.0	1.0
315	-1.0	0.0	-1.0
316	0.0	2.0	1.0
317	8.0	2.0	1.0
318	9.0	2.0	1.0
319	-1.0	0.0	-1.0
320	0.0	2.0	1.0
321	-1.0	0.0	-1.0
322	18.0	3.0	1.0
323	27.0	3.0	1.0
324	0.0	2.0	1.0
325	24.0	2.0	1.0
326	14.0	3.0	1.0
327	22.0	2.0	1.0
328	25.0	2.0	1.0
329	-1.0	0.0	-1.0
330	-1.0	0.0	-1.0
331	0.0	2.0	1.0
332	0.0	2.0	1.0
333	27.0	3.0	1.0
334	0.0	2.0	1.0
335	21.0	3.0	1.0
336	0.0	2.0	1.0
337	22.0	2.0	1.0
338	-1.0	0.0	0.0
339	10.0	2.0	1.0
340	0.0	2.0	1.0
341	-1.0	0.0	-1.0
342	0.0	2.0	1.0
343	19.0	2.0	1.0
344	-1.0	0.0	0.0
345	10.0	3.0	1.0
346	0.0	2.0	1.0
347	9.0	3.0	1.0
348	-1.0	0.0	-1.0
349	0.0	2.0	1.0
350	0.0	2.0	1.0
351	15.0	2.0	1.0
352	-1.0	0.0	-1.0
353	-1.0	0.0	0.0
354	-1.0	0.0	0.0
355	-1.0	0.0	-1.0
356	-1.0	0.0	-1.0
357	20.0	3.0	1.0
358	-1.0	0.0	-1.0
359	28.0	2.0	1.0
360	25.0	2.0	1.0
361	22.0	2.0	1.0
362	0.0	2.0	1.0
363	24.0	2.0	1.0
364	9.0	3.0	1.0
365	8.0	2.0	1.0
366	-1.0	0.0	-1.0
367	-1.0	0.0	-1.0
368	17.0	2.0	1.0
369	-1.0	0.0	-1.0
370	-1.0	0.0	-1.0
371	-1.0	0.0	-1.0
372	18.0	3.0	1.0
373	19.0	3.0	1.0
374	23.0	2.0	1.0
375	25.0	3.0	1.0
376	26.0	2.0	1.0
377	-1.0	0.0	-1.0
378	24.0	3.0	1.0
379	-1.0	0.0	-1.0
380	-1.0	0.0	-1.0
381	16.0	2.0	1.0
382	0.0	2.0	1.0
383	15.0	2.0	1.0
384	24.0	2.0	1.0
385	0.0	2.0	1.0
386	-1.0	0.0	-1.0
387	16.0	2.0	1.0
388	-1.0	0.0	0.0
389	8.0	2.0	1.0
390	17.0	3.0	1.0
391	0.0	2.0	1.0
392	-1.0	0.0	0.0
393	-1.0	0.0	-1.0
394	-1.0	0.0	-1.0
395	-1.0	0.0	-1.0
396	11.0	2.0	1.0
397	13.0	3.0	1.0
398	23.0	2.0	1.0
399	0.0	2.0	1.0
400	24.0	2.0	1.0
401	16.0	3.0	1.0
402	11.0	2.0	1.0
403	-1.0	0.0	0.0
404	-1.0	0.0	0.0
405	24.0	2.0	1.0
406	-1.0	0.0	0.0
407	-1.0	0.0	0.0
408	15.0	3.0	1.0
409	0.0	2.0	1.0
410	-1.0	0.0	-1.0
411	-1.0	0.0	-1.0
412	-1.0	0.0	-1.0
413	28.0	3.0	1.0
414	21.0	3.0	1.0
415	27.0	2.0	1.0
416	19.0	3.0	1.0
417	16.0	3.0	1.0
418	-1.0	0.0	-1.0
419	-1.0	0.0	-1.0
420	-1.0	0.0	0.0
421	8.0	2.0	1.0
422	9.0	2.0	1.0
423	-1.0	0.0	0.0
424	-1.0	0.0	-1.0
425	22.0	2.0	1.0
426	-1.0	0.0	-1.0
427	15.0	2.0	1.0
428	0.0	2.0	1.0
429	-1.0	0.0	-1.0
430	-1.0	0.0	-1.0
431	22.0	2.0	1.0
432	0.0	2.0	1.0
433	-1.0	0.0	-1.0
434	-1.0	0.0	-1.0
435	24.0	2.0	1.0
436	-1.0	0.0	-1.0
437	-1.0	0.0	-1.0
438	-1.0	0.0	-1.0
439	15.0	2.0	1.0
440	-1.0	0.0	0.0
441	-1.0	0.0	0.0
442	-1.0	0.0	-1.0
443	0.0	2.0	1.0
444	24.0	3.0	1.0
445	25.0	3.0	1.0
446	-1.0	0.0	-1.0
447	0.0	2.0	1.0
448	26.0	3.0	1.0
449	-1.0	0.0	-1.0
450	26.0	3.0	1.0
451	-1.0	0.0	-1.0
452	-1.0	0.0	0.0
453	8.0	3.0	1.0
454	18.0	3.0	1.0
455	-1.0	0.0	0.0
456	0.0	2.0	1.0
457	-1.0	0.0	0.0
458	-1.0	0.0	-1.0
459	14.0	3.0	1.0
460	0.0	2.0	1.0
461	27.0	2.0	1.0
462	0.0	2.0	1.0
463	12.0	2.0	1.0
464	0.0	2.0	1.0
465	0.0	2.0	1.0
466	10.0	2.0	1.0
467	-1.0	0.0	-1.0
468	-1.0	0.0	-1.0
469	17.0	3.0	1.0
470	-1.0	0.0	-1.0
471	-1.0	0.0	0.0
472	18.0	3.0	1.0
473	0.0	2.0	1.0
474	-1.0	0.0	-1.0
475	17.0	3.0	1.0
476	-1.0	0.0	-1.0
477	16.0	2.0	1.0
478	-1.0	0.0	-1.0
479	-1.0	0.0	0.0
480	-1.0	0.0	-1.0
481	-1.0	0.0	-1.0
482	-1.0	0.0	-1.0
483	23.0	2.0	1.0
484	-1.0	0.0	0.0
485	-1.0	0.0	-1.0
486	-1.0	0.0	0.0
487	-1.0	0.0	-1.0
488	18.0	2.0	1.0
489	-1.0	0.0	0.0
490	-1.0	0.0	-1.0
491	-1.0	0.0	-1.0
492	24.0	2.0	1.0
493	-1.0	0.0	-1.0
494	-1.0	0.0	-1.0
495	-1.0	0.0	0.0
496	0.0	2.0	1.0
497	-1.0	0.0	0.0
498	22.0	2.0	1.0
499	25.0	2.0	1.0
500	-1.0	0.0	-1.0
501	14.0	3.0	1.0
502	0.0	2.0	1.0
503	24.0	2.0	1.0
504	27.0	3.0	1.0
505	15.0	2.0	1.0
506	-1.0	0.0	-1.0
507	-1.0	0.0	-1.0
508	23.0	2.0	1.0
509	25.0	2.0	1.0
510	26.0	3.0	1.0
511	13.0	3.0	1.0
512	-1.0	0.0	0.0
513	0.0	2.0	1.0
514	-1.0	0.0	-1.0
515	11.0	2.0	1.0
516	16.0	2.0	1.0
517	28.0	3.0	1.0
518	-1.0	0.0	0.0
519	26.0	3.0	1.0
520	10.0	2.0	1.0
521	0.0	2.0	1.0
522	-1.0	0.0	-1.0
523	0.0	2.0	1.0
524	-1.0	0.0	-1.0
525	-1.0	0.0	-1.0
526	16.0	2.0	1.0
527	0.0	2.0	1.0
528	-1.0	0.0	-1.0
529	-1.0	0.0	-1.0
530	-1.0	0.0	-1.0
531	10.0	3.0	1.0
532	-1.0	0.0	-1.0
533	17.0	2.0	1.0
534	0.0	2.0	1.0
535	-1.0	0.0	-1.0
536	-1.0	0.0	-1.0
537	-1.0	0.0	0.0
538	0.0	2.0	1.0
539	16.0	2.0	1.0
540	26.0	3.0	1.0
541	-1.0	0.0	-1.0
542	22.0	2.0	1.0
543	0.0	2.0	1.0
544	22.0	2.0	1.0
545	-1.0	0.0	-1.0
546	-1.0	0.0	-1.0
547	-1.0	0.0	-1.0
548	-1.0	0.0	-1.0
549	-1.0	0.0	-1.0
550	-1.0	0.0	0.0
551	-1.0	0.0	-1.0
552	25.0	3.0	1.0
553	25.0	2.0	1.0
554	-1.0	0.0	-1.0
555	-1.0	0.0	0.0
556	0.0	2.0	1.0
557	17.0	3.0	1.0
558	-1.0	0.0	-1.0
559	0.0	2.0	1.0
560	0.0	2.0	1.0
561	17.0	3.0	1.0
562	21.0	3.0	1.0
563	28.0	3.0	1.0
564	15.0	2.0	1.0
565	-1.0	0.0	0.0
566	-1.0	0.0	-1.0
567	-1.0	0.0	-1.0
568	28.0	3.0	1.0
569	-1.0	0.0	-1.0
570	16.0	2.0	1.0
571	12.0	3.0	1.0
572	-1.0	0.0	-1.0
573	-1.0	0.0	-1.0
574	13.0	3.0	1.0
575	0.0	2.0	1.0
576	-1.0	0.0	-1.0
577	13.0	2.0	1.0
578	-1.0	0.0	0.0
579	11.0	3.0	1.0
580	22.0	2.0	1.0
581	-1.0	0.0	0.0
582	-1.0	0.0	-1.0
583	-1.0	0.0	-1.0
584	0.0	2.0	1.0
585	28.0	2.0	1.0
586	-1.0	0.0	0.0
587	-1.0	0.0	-1.0
588	-1.0	0.0	-1.0
589	15.0	2.0	1.0
590	-1.0	0.0	0.0
591	0.0	2.0	1.0
592	24.0	2.0	1.0
593	19.0	2.0	1.0
594	9.0	2.0	1.0
595	0.0	2.0	1.0
596	22.0	3.0	1.0
597	19.0	3.0	1.0
598	19.0	3.0	1.0
599	-1.0	0.0	0.0
600	16.0	2.0	1.0
601	8.0	2.0	1.0
602	18.0	2.0	1.0
603	-1.0	0.0	-1.0
604	9.0	2.0	1.0
605	0.0	2.0	1.0
606	-1.0	0.0	0.0
607	17.0	2.0	1.0
608	-1.0	0.0	0.0
609	-1.0	0.0	-1.0
610	27.0	3.0	1.0
611	19.0	3.0	1.0
612	-1.0	0.0	-1.0
613	-1.0	0.0	-1.0
614	-1.0	0.0	-1.0
615	-1.0	0.0	-1.0
616	16.0	2.0	1.0
617	17.0	2.0	1.0
618	18.0	2.0	1.0
619	-1.0	0.0	-1.0
620	-1.0	0.0	-1.0
621	-1.0	0.0	0.0
622	28.0	2.0	1.0
623	0.0	2.0	1.0
624	-1.0	0.0	0.0
625	25.0	2.0	1.0
626	8.0	2.0	1.0
627	-1.0	0.0	-1.0
628	24.0	3.0	1.0
629	-1.0	0.0	-1.0
630	-1.0	0.0	-1.0
631	-1.0	0.0	-1.0
632	-1.0	0.0	0.0
633	17.0	2.0	1.0
634	-1.0	0.0	-1.0
635	-1.0	0.0	-1.0
636	-1.0	0.0	-1.0
637	12.0	3.0	1.0
638	0.0	2.0	1.0
639	8.0	2.0	1.0
640	-1.0	0.0	-1.0
641	0.0	2.0	1.0
642	12.0	3.0	1.0
643	-1.0	0.0	-1.0
644	-1.0	0.0	-1.0
645	22.0	2.0	1.0
646	-1.0	0.0	0.0
647	24.0	2.0	1.0
648	-1.0	0.0	-1.0
649	-1.0	0.0	-1.0
650	17.0	2.0	1.0
651	28.0	3.0	1.0
652	18.0	3.0	1.0
653	21.0	3.0	1.0
654	-1.0	0.0	-1.0
655	-1.0	0.0	-1.0
656	16.0	3.0	1.0
657	-1.0	0.0	-1.0
658	-1.0	0.0	-1.0
659	-1.0	0.0	-1.0
660	-1.0	0.0	-1.0
661	25.0	2.0	1.0
662	-1.0	0.0	0.0
663	22.0	2.0	1.0
664	-1.0	0.0	0.0
665	-1.0	0.0	-1.0
666	-1.0	0.0	-1.0
667	-1.0	0.0	0.0
668	0.0	2.0	1.0
669	-1.0	0.0	-1.0
670	-1.0	0.0	-1.0
671	14.0	2.0	1.0
672	25.0	3.0	1.0
673	12.0	2.0	1.0
674	25.0	2.0	1.0
675	-1.0	0.0	0.0
676	-1.0	0.0	-1.0
677	-1.0	0.0	-1.0
678	-1.0	0.0	0.0
679	15.0	3.0	1.0
680	10.0	2.0	1.0
681	-1.0	0.0	-1.0
682	-1.0	0.0	-1.0
683	-1.0	0.0	-1.0
684	-1.0	0.0	-1.0
685	22.0	2.0	1.0
686	-1.0	0.0	0.0
687	12.0	2.0	1.0
688	-1.0	0.0	-1.0
689	22.0	2.0	1.0
690	-1.0	0.0	0.0
691	-1.0	0.0	-1.0
692	-1.0	0.0	0.0
693	21.0	2.0	1.0
694	-1.0	0.0	-1.0
695	-1.0	0.0	-1.0
696	13.0	3.0	1.0
697	0.0	2.0	1.0
698	-1.0	0.0	0.0
699	-1.0	0.0	-1.0
700	-1.0	0.0	-1.0
701	16.0	2.0	1.0
702	8.0	2.0	1.0
703	-1.0	0.0	-1.0
704	-1.0	0.0	-1.0
705	-1.0	0.0	0.0
706	15.0	2.0	1.0
707	0.0	2.0	1.0
708	0.0	2.0	1.0
709	-1.0	0.0	-1.0
710	0.0	2.0	1.0
711	0.0	2.0	1.0
712	-1.0	0.0	-1.0
713	-1.0	0.0	0.0
714	19.0	2.0	1.0
715	0.0	2.0	1.0
716	0.0	2.0	1.0
717	0.0	2.0	1.0
718	9.0	3.0	1.0
719	-1.0	0.0	-1.0
720	9.0	2.0	1.0
721	9.0	2.0	1.0
722	-1.0	0.0	-1.0
723	0.0	2.0	1.0
724	16.0	2.0	1.0
725	0.0	2.0	1.0
726	-1.0	0.0	-1.0
727	-1.0	0.0	0.0
728	19.0	2.0	1.0
729	-1.0	0.0	-1.0
730	19.0	3.0	1.0
731	0.0	2.0	1.0
732	-1.0	0.0	0.0
733	-1.0	0.0	-1.0
734	-1.0	0.0	-1.0
735	0.0	2.0	1.0
736	-1.0	0.0	-1.0
737	-1.0	0.0	-1.0
738	0.0	2.0	1.0
739	-1.0	0.0	-1.0
740	26.0	3.0	1.0
741	-1.0	0.0	-1.0
742	22.0	2.0	1.0
743	-1.0	0.0	0.0
744	14.0	3.0	1.0
745	13.0	2.0	1.0
746	-1.0	0.0	0.0
747	0.0	2.0	1.0
748	10.0	2.0	1.0
749	27.0	2.0	1.0
750	16.0	2.0	1.0
751	-1.0	0.0	0.0
752	-1.0	0.0	-1.0
753	-1.0	0.0	0.0
754	-1.0	0.0	0.0
755	20.0	2.0	1.0
756	-1.0	0.0	-1.0
757	27.0	2.0	1.0
758	-1.0	0.0	-1.0
759	18.0	2.0	1.0
760	-1.0	0.0	0.0
761	-1.0	0.0	0.0
762	-1.0	0.0	-1.0
763	20.0	3.0	1.0
764	-1.0	0.0	-1.0
765	-1.0	0.0	0.0
766	-1.0	0.0	-1.0
767	21.0	3.0	1.0
768	19.0	2.0	1.0
769	21.0	3.0	1.0
770	-1.0	0.0	0.0
771	-1.0	0.0	-1.0
772	-1.0	0.0	0.0
773	-1.0	0.0	-1.0
774	-1.0	0.0	0.0
775	-1.0	0.0	-1.0
776	-1.0	0.0	-1.0
777	20.0	3.0	1.0
778	-1.0	0.0	-1.0
779	-1.0	0.0	-1.0
780	-1.0	0.0	-1.0
781	-1.0	0.0	-1.0
782	-1.0	0.0	-1.0
783	-1.0	0.0	-1.0
784	-1.0	0.0	0.0
785	28.0	3.0	1.0
786	11.0	2.0	1.0
787	14.0	2.0	1.0
788	0.0	2.0	1.0
789	-1.0	0.0	0.0
790	-1.0	0.0	0.0
791	-1.0	0.0	-1.0
792	0.0	2.0	1.0
793	25.0	2.0	1.0
794	0.0	2.0	1.0
795	-1.0	0.0	-1.0
796	-1.0	0.0	-1.0
797	-1.0	0.0	-1.0
798	0.0	2.0	1.0
799	-1.0	0.0	0.0
800	27.0	3.0	1.0
801	-1.0	0.0	-1.0
802	-1.0	0.0	0.0
803	-1.0	0.0	0.0
804	-1.0	0.0	0.0
805	-1.0	0.0	0.0
806	23.0	3.0	1.0
807	-1.0	0.0	0.0
808	-1.0	0.0	-1.0
809	-1.0	0.0	-1.0
810	8.0	3.0	1.0
811	25.0	3.0	1.0
812	14.0	3.0	1.0
813	15.0	2.0	1.0
814	-1.0	0.0	0.0
815	0.0	2.0	1.0
816	-1.0	0.0	0.0
817	-1.0	0.0	0.0
818	-1.0	0.0	-1.0
819	-1.0	0.0	-1.0
820	9.0	3.0	1.0
821	13.0	3.0	1.0
822	-1.0	0.0	0.0
823	-1.0	0.0	-1.0
824	27.0	2.0	1.0
825	-1.0	0.0	-1.0
826	-1.0	0.0	-1.0
827	-1.0	0.0	-1.0
828	-1.0	0.0	-1.0
829	24.0	2.0	1.0
830	0.0	2.0	1.0
831	-1.0	0.0	-1.0
832	-1.0	0.0	0.0
833	21.0	3.0	1.0
834	-1.0	0.0	-1.0
835	10.0	2.0	1.0
836	-1.0	0.0	-1.0
837	16.0	3.0	1.0
838	0.0	2.0	1.0
839	14.0	3.0	1.0
840	-1.0	0.0	-1.0
841	-1.0	0.0	0.0
842	23.0	2.0	1.0
843	-1.0	0.0	-1.0
844	19.0	3.0	1.0
845	25.0	3.0	1.0
846	0.0	2.0	1.0
847	25.0	2.0	1.0
848	-1.0	0.0	0.0
849	-1.0	0.0	-1.0
850	-1.0	0.0	-1.0
851	-1.0	0.0	-1.0
852	13.0	3.0	1.0
853	-1.0	0.0	-1.0
854	0.0	2.0	1.0
855	-1.0	0.0	-1.0
856	-1.0	0.0	0.0
857	-1.0	0.0	-1.0
858	10.0	2.0	1.0
859	-1.0	0.0	-1.0
860	-1.0	0.0	0.0
861	-1.0	0.0	-1.0
862	11.0	2.0	1.0
863	11.0	2.0	1.0
864	0.0	2.0	1.0
865	-1.0	0.0	-1.0
866	-1.0	0.0	-1.0
867	26.0	2.0	1.0
868	23.0	2.0	1.0
869	-1.0	0.0	-1.0
870	0.0	2.0	1.0
871	-1.0	0.0	-1.0
872	-1.0	0.0	-1.0
873	-1.0	0.0	-1.0
874	17.0	2.0	1.0
875	-1.0	0.0	0.0
876	-1.0	0.0	-1.0
877	22.0	2.0	1.0
878	-1.0	0.0	-1.0
879	0.0	2.0	1.0
880	-1.0	0.0	0.0
881	-1.0	0.0	-1.0
882	-1.0	0.0	0.0
883	-1.0	0.0	-1.0
884	-1.0	0.0	-1.0
885	-1.0	0.0	-1.0
886	-1.0	0.0	0.0
887	16.0	2.0	1.0
888	-1.0	0.0	-1.0
889	-1.0	0.0	0.0
890	-1.0	0.0	-1.0
891	-1.0	0.0	-1.0
892	-1.0	0.0	-1.0
893	-1.0	0.0	-1.0
894	13.0	2.0	1.0
895	-1.0	0.0	-1.0
896	-1.0	0.0	-1.0
897	-1.0	0.0	-1.0
898	-1.0	0.0	-1.0
899	-1.0	0.0	0.0
900	0.0	2.0	1.0
901	-1.0	0.0	0.0
902	-1.0	0.0	-1.0
903	17.0	2.0	1.0
904	-1.0	0.0	-1.0
905	-1.0	0.0	0.0
906	-1.0	0.0	-1.0
907	22.0	2.0	1.0
908	-1.0	0.0	0.0
909	0.0	2.0	1.0
910	-1.0	0.0	-1.0
911	8.0	3.0	1.0
912	-1.0	0.0	-1.0
913	27.0	2.0	1.0
914	-1.0	0.0	-1.0
915	-1.0	0.0	-1.0
916	0.0	2.0	1.0
917	-1.0	0.0	-1.0
918	0.0	2.0	1.0
919	19.0	2.0	1.0
920	-1.0	0.0	0.0
921	23.0	3.0	1.0
922	-1.0	0.0	0.0
923	-1.0	0.0	-1.0
924	-1.0	0.0	0.0
925	-1.0	0.0	0.0
926	-1.0	0.0	-1.0
927	0.0	2.0	1.0
928	-1.0	0.0	0.0
929	0.0	2.0	1.0
930	-1.0	0.0	0.0
931	-1.0	0.0	-1.0
932	-1.0	0.0	-1.0
933	21.0	3.0	1.0
934	-1.0	0.0	-1.0
935	-1.0	0.0	-1.0
936	-1.0	0.0	0.0
937	-1.0	0.0	-1.0
938	-1.0	0.0	-1.0
939	-1.0	0.0	0.0
940	0.0	2.0	1.0
941	-1.0	0.0	0.0
942	0.0	2.0	1.0
943	-1.0	0.0	0.0
944	23.0	2.0	1.0
945	14.0	3.0	1.0
946	-1.0	0.0	-1.0
947	-1.0	0.0	0.0
948	-1.0	0.0	-1.0
949	-1.0	0.0	-1.0
950	-1.0	0.0	0.0
951	-1.0	0.0	0.0
952	9.0	2.0	1.0
953	-1.0	0.0	-1.0
954	-1.0	0.0	0.0
955	-1.0	0.0	0.0
956	-1.0	0.0	-1.0
957	-1.0	0.0	0.0
958	-1.0	0.0	-1.0
959	-1.0	0.0	0.0
960	0.0	2.0	1.0
961	10.0	3.0	1.0
962	-1.0	0.0	0.0
963	-1.0	0.0	-1.0
964	0.0	2.0	1.0
965	-1.0	0.0	0.0
966	-1.0	0.0	-1.0
967	-1.0	0.0	-1.0
968	-1.0	0.0	-1.0
969	0.0	2.0	1.0
970	-1.0	0.0	0.0
971	-1.0	0.0	-1.0
972	-1.0	0.0	-1.0
973	-1.0	0.0	0.0
974	24.0	2.0	1.0
975	-1.0	0.0	0.0
976	-1.0	0.0	0.0
977	-1.0	0.0	-1.0
978	-1.0	0.0	-1.0
979	-1.0	0.0	0.0
980	0.0	2.0	1.0
981	-1.0	0.0	-1.0
982	-1.0	0.0	0.0
983	-1.0	0.0	-1.0
984	-1.0	0.0	-1.0
985	-1.0	0.0	-1.0
986	-1.0	0.0	-1.0
987	24.0	2.0	1.0
988	21.0	2.0	1.0
989	-1.0	0.0	-1.0
990	-1.0	0.0	-1.0
991	9.0	3.0	1.0
992	-1.0	0.0	-1.0
993	19.0	2.0	1.0
994	22.0	2.0	1.0
995	-1.0	0.0	-1.0
996	-1.0	0.0	-1.0
997	0.0	2.0	1.0
998	12.0	2.0	1.0
999	-1.0	0.0	-1.0
1000	-1.0	0.0	0.0
1001	0.0	2.0	1.0
1002	-1.0	0.0	-1.0
1003	-1.0	0.0	-1.0
1004	16.0	3.0	1.0
1005	-1.0	0.0	-1.0
1006	-1.0	0.0	0.0
1007	-1.0	0.0	0.0
1008	-1.0	0.0	-1.0
1009	-1.0	0.0	-1.0
1010	-1.0	0.0	-1.0
1011	-1.0	0.0	-1.0
1012	-1.0	0.0	-1.0
1013	0.0	2.0	1.0
1014	-1.0	0.0	0.0
1015	-1.0	0.0	-1.0
1016	8.0	2.0	1.0
1017	-1.0	0.0	0.0
1018	0.0	2.0	1.0
1019	0.0	2.0	1.0
1020	-1.0	0.0	-1.0
1021	-1.0	0.0	0.0
1022	-1.0	0.0	-1.0
1023	-1.0	0.0	-1.0
1024	8.0	2.0	1.0
1025	10.0	2.0	1.0
1026	23.0	2.0	1.0
1027	0.0	2.0	1.0
1028	-1.0	0.0	0.0
1029	20.0	2.0	1.0
1030	-1.0	0.0	-1.0
1031	-1.0	0.0	0.0
1032	-1.0	0.0	0.0
1033	-1.0	0.0	0.0
1034	-1.0	0.0	-1.0
1035	-1.0	0.0	0.0
1036	-1.0	0.0	-1.0
1037	-1.0	0.0	0.0
1038	0.0	2.0	1.0
1039	-1.0	0.0	-1.0
1040	-1.0	0.0	-1.0
1041	-1.0	0.0	-1.0
1042	-1.0	0.0	0.0
1043	-1.0	0.0	-1.0
1044	20.0	2.0	1.0
1045	-1.0	0.0	0.0
1046	20.0	2.0	1.0
1047	-1.0	0.0	-1.0
1048	0.0	2.0	1.0
1049	-1.0	0.0	-1.0
1050	11.0	3.0	1.0
1051	19.0	2.0	1.0
1052	0.0	2.0	1.0
1053	13.0	2.0	1.0
1054	-1.0	0.0	-1.0
1055	-1.0	0.0	-1.0
1056	-1.0	0.0	-1.0
1057	0.0	2.0	1.0
1058	-1.0	0.0	-1.0
1059	-1.0	0.0	-1.0
1060	-1.0	0.0	-1.0
1061	-1.0	0.0	-1.0
1062	-1.0	0.0	0.0
1063	-1.0	0.0	-1.0
1064	-1.0	0.0	-1.0
1065	-1.0	0.0	-1.0
1066	9.0	2.0	1.0
1067	-1.0	0.0	0.0
1068	-1.0	0.0	-1.0
1069	-1.0	0.0	0.0
1070	-1.0	0.0	-1.0
1071	26.0	3.0	1.0
1072	0.0	2.0	1.0
1073	-1.0	0.0	-1.0
1074	26.0	3.0	1.0
1075	-1.0	0.0	0.0
1076	-1.0	0.0	0.0
1077	0.0	2.0	1.0
1078	12.0	2.0	1.0
1079	-1.0	0.0	0.0
1080	-1.0	0.0	-1.0
1081	23.0	2.0	1.0
1082	-1.0	0.0	0.0
1083	19.0	3.0	1.0
1084	-1.0	0.0	0.0
1085	-1.0	0.0	-1.0
1086	25.0	3.0	1.0
1087	-1.0	0.0	-1.0
1088	-1.0	0.0	-1.0
1089	-1.0	0.0	-1.0
1090	26.0	3.0	1.0
1091	0.0	2.0	1.0
1092	17.0	3.0	1.0
1093	-1.0	0.0	-1.0
1094	8.0	2.0	1.0
1095	0.0	2.0	1.0
1096	-1.0	0.0	0.0
1097	14.0	2.0	1.0
1098	0.0	2.0	1.0
1099	-1.0	0.0	-1.0
1100	-1.0	0.0	0.0
1101	-1.0	0.0	-1.0
1102	15.0	2.0	1.0
1103	-1.0	0.0	-1.0
1104	0.0	2.0	1.0
1105	20.0	2.0	1.0
1106	-1.0	0.0	0.0
1107	-1.0	0.0	0.0
1108	8.0	3.0	1.0
1109	22.0	2.0	1.0
1110	-1.0	0.0	0.0
1111	-1.0	0.0	-1.0
1112	0.0	2.0	1.0
1113	-1.0	0.0	-1.0
1114	-1.0	0.0	-1.0
1115	-1.0	0.0	0.0
1116	-1.0	0.0	-1.0
1117	11.0	2.0	1.0
1118	-1.0	0.0	0.0
1119	17.0	3.0	1.0
1120	-1.0	0.0	-1.0
1121	25.0	3.0	1.0
1122	-1.0	0.0	0.0
1123	-1.0	0.0	-1.0
1124	-1.0	0.0	-1.0
1125	-1.0	0.0	-1.0
1126	-1.0	0.0	0.0
1127	0.0	2.0	1.0
1128	-1.0	0.0	0.0
1129	-1.0	0.0	-1.0
1130	9.0	2.0	1.0
1131	0.0	2.0	1.0
1132	-1.0	0.0	-1.0
1133	0.0	2.0	1.0
1134	-1.0	0.0	-1.0
1135	-1.0	0.0	0.0
1136	-1.0	0.0	-1.0
1137	-1.0	0.0	-1.0
1138	22.0	3.0	1.0
1139	0.0	2.0	1.0
1140	-1.0	0.0	0.0
1141	-1.0	0.0	-1.0
1142	16.0	2.0	1.0
1143	-1.0	0.0	0.0
1144	-1.0	0.0	0.0
1145	-1.0	0.0	0.0
1146	15.0	2.0	1.0
1147	-1.0	0.0	0.0
1148	12.0	2.0	1.0
1149	16.0	2.0	1.0
1150	24.0	2.0	1.0
1151	-1.0	0.0	-1.0
1152	15.0	3.0	1.0
1153	-1.0	0.0	0.0
1154	22.0	2.0	1.0
1155	14.0	2.0	1.0
1156	26.0	2.0	1.0
1157	-1.0	0.0	0.0
1158	9.0	2.0	1.0
1159	0.0	2.0	1.0
1160	0.0	2.0	1.0
1161	-1.0	0.0	-1.0
1162	16.0	2.0	1.0
1163	13.0	3.0	1.0
1164	19.0	2.0	1.0
1165	0.0	2.0	1.0
1166	-1.0	0.0	0.0
1167	-1.0	0.0	0.0
1168	20.0	2.0	1.0
1169	-1.0	0.0	-1.0
1170	-1.0	0.0	0.0
1171	-1.0	0.0	0.0
1172	-1.0	0.0	-1.0
1173	18.0	2.0	1.0
1174	-1.0	0.0	0.0
1175	0.0	2.0	1.0
1176	22.0	2.0	1.0
1177	-1.0	0.0	-1.0
1178	-1.0	0.0	0.0
1179	-1.0	0.0	-1.0
1180	14.0	3.0	1.0
1181	0.0	2.0	1.0
1182	0.0	2.0	1.0
1183	9.0	2.0	1.0
1184	0.0	2.0	1.0
1185	0.0	2.0	1.0
1186	-1.0	0.0	-1.0
1187	-1.0	0.0	0.0
1188	-1.0	0.0	-1.0
1189	-1.0	0.0	0.0
1190	-1.0	0.0	-1.0
1191	-1.0	0.0	-1.0
1192	-1.0	0.0	0.0
1193	12.0	2.0	1.0
1194	0.0	2.0	1.0
1195	-1.0	0.0	-1.0
1196	-1.0	0.0	-1.0
1197	-1.0	0.0	-1.0
1198	-1.0	0.0	-1.0
1199	-1.0	0.0	0.0
1200	22.0	2.0	1.0
1201	14.0	3.0	1.0
1202	0.0	2.0	1.0
1203	12.0	3.0	1.0
1204	-1.0	0.0	0.0
1205	-1.0	0.0	-1.0
1206	0.0	2.0	1.0
1207	25.0	3.0	1.0
1208	25.0	2.0	1.0
1209	0.0	2.0	1.0
1210	-1.0	0.0	-1.0
1211	-1.0	0.0	0.0
1212	-1.0	0.0	-1.0
1213	-1.0	0.0	0.0
1214	17.0	2.0	1.0
1215	-1.0	0.0	0.0
1216	0.0	2.0	1.0
1217	21.0	3.0	1.0
1218	0.0	2.0	1.0
1219	12.0	2.0	1.0
1220	-1.0	0.0	-1.0
1221	-1.0	0.0	-1.0
1222	-1.0	0.0	0.0
1223	-1.0	0.0	-1.0
1224	-1.0	0.0	-1.0
1225	10.0	2.0	1.0
1226	-1.0	0.0	-1.0
1227	23.0	2.0	1.0
1228	-1.0	0.0	0.0
1229	-1.0	0.0	-1.0
1230	-1.0	0.0	-1.0
1231	-1.0	0.0	-1.0
1232	-1.0	0.0	-1.0
1233	-1.0	0.0	0.0
1234	-1.0	0.0	-1.0
1235	-1.0	0.0	0.0
1236	24.0	3.0	1.0
1237	-1.0	0.0	0.0
1238	-1.0	0.0	-1.0
1239	0.0	2.0	1.0
1240	26.0	2.0	1.0
1241	19.0	3.0	1.0
1242	-1.0	0.0	-1.0
1243	-1.0	0.0	-1.0
1244	-1.0	0.0	-1.0
1245	-1.0	0.0	0.0
1246	-1.0	0.0	-1.0
1247	-1.0	0.0	-1.0
1248	-1.0	0.0	-1.0
1249	-1.0	0.0	-1.0
1250	0.0	2.0	1.0
1251	-1.0	0.0	0.0
1252	22.0	2.0	1.0
1253	-1.0	0.0	-1.0
1254	-1.0	0.0	-1.0
1255	-1.0	0.0	0.0
1256	-1.0	0.0	0.0
1257	-1.0	0.0	0.0
1258	0.0	2.0	1.0
1259	-1.0	0.0	-1.0
1260	-1.0	0.0	-1.0
1261	-1.0	0.0	-1.0
1262	0.0	2.0	1.0
1263	-1.0	0.0	0.0
1264	28.0	2.0	1.0
1265	-1.0	0.0	0.0
1266	0.0	2.0	1.0
1267	0.0	2.0	1.0
1268	11.0	2.0	1.0
1269	-1.0	0.0	0.0
1270	-1.0	0.0	-1.0
1271	-1.0	0.0	-1.0
1272	0.0	2.0	1.0
1273	19.0	2.0	1.0
1274	0.0	2.0	1.0
1275	-1.0	0.0	0.0
1276	-1.0	0.0	0.0
1277	0.0	2.0	1.0
1278	0.0	2.0	1.0
1279	0.0	2.0	1.0
1280	24.0	2.0	1.0
1281	-1.0	0.0	-1.0
1282	24.0	3.0	1.0
1283	-1.0	0.0	0.0
1284	26.0	2.0	1.0
1285	0.0	2.0	1.0
1286	-1.0	0.0	-1.0
1287	-1.0	0.0	-1.0
1288	-1.0	0.0	-1.0
1289	-1.0	0.0	0.0
1290	-1.0	0.0	0.0
1291	-1.0	0.0	-1.0
1292	-1.0	0.0	0.0
1293	-1.0	0.0	0.0
1294	21.0	2.0	1.0
1295	-1.0	0.0	0.0
1296	-1.0	0.0	-1.0
1297	-1.0	0.0	-1.0
1298	-1.0	0.0	-1.0
1299	11.0	3.0	1.0
1300	14.0	2.0	1.0
1301	-1.0	0.0	0.0
1302	-1.0	0.0	-1.0
1303	-1.0	0.0	-1.0
1304	-1.0	0.0	-1.0
1305	-1.0	0.0	-1.0
1306	-1.0	0.0	0.0
1307	-1.0	0.0	-1.0
1308	-1.0	0.0	0.0
1309	-1.0	0.0	0.0
1310	15.0	3.0	1.0
1311	9.0	2.0	1.0
1312	0.0	2.0	1.0
1313	-1.0	0.0	0.0
1314	-1.0	0.0	-1.0
1315	-1.0	0.0	-1.0
1316	17.0	2.0	1.0
1317	9.0	2.0	1.0
1318	0.0	2.0	1.0
1319	-1.0	0.0	-1.0
1320	-1.0	0.0	-1.0
1321	-1.0	0.0	0.0
1322	-1.0	0.0	-1.0
1323	-1.0	0.0	-1.0
1324	26.0	2.0	1.0
1325	9.0	2.0	1.0
1326	-1.0	0.0	-1.0
1327	-1.0	0.0	-1.0
1328	-1.0	0.0	-1.0
1329	0.0	2.0	1.0
1330	-1.0	0.0	0.0
1331	-1.0	0.0	0.0
1332	18.0	2.0	1.0
1333	0.0	2.0	1.0
1334	0.0	2.0	1.0
1335	13.0	2.0	1.0
1336	0.0	2.0	1.0
1337	20.0	2.0	1.0
1338	-1.0	0.0	0.0
1339	-1.0	0.0	-1.0
1340	15.0	3.0	1.0
1341	-1.0	0.0	-1.0
1342	0.0	2.0	1.0
1343	-1.0	0.0	0.0
1344	-1.0	0.0	-1.0
1345	9.0	3.0	1.0
1346	-1.0	0.0	0.0
1347	-1.0	0.0	-1.0
1348	-1.0	0.0	-1.0
1349	-1.0	0.0	-1.0
1350	-1.0	0.0	-1.0
1351	-1.0	0.0	-1.0
1352	0.0	2.0	1.0
1353	24.0	3.0	1.0
1354	-1.0	0.0	0.0
1355	-1.0	0.0	-1.0
1356	-1.0	0.0	-1.0
1357	16.0	2.0	1.0
1358	-1.0	0.0	-1.0
1359	-1.0	0.0	0.0
1360	-1.0	0.0	-1.0
1361	-1.0	0.0	0.0
1362	14.0	3.0	1.0
1363	-1.0	0.0	-1.0
1364	-1.0	0.0	-1.0
1365	-1.0	0.0	-1.0
1366	11.0	3.0	1.0
1367	-1.0	0.0	0.0
1368	-1.0	0.0	-1.0
1369	-1.0	0.0	-1.0
1370	-1.0	0.0	0.0
1371	8.0	2.0	1.0
1372	-1.0	0.0	-1.0
1373	-1.0	0.0	0.0
1374	-1.0	0.0	-1.0
1375	9.0	2.0	1.0
1376	0.0	2.0	1.0
1377	-1.0	0.0	-1.0
1378	0.0	2.0	1.0
1379	-1.0	0.0	-1.0
1380	-1.0	0.0	-1.0
1381	-1.0	0.0	-1.0
1382	19.0	2.0	1.0
1383	-1.0	0.0	-1.0
1384	-1.0	0.0	0.0
1385	-1.0	0.0	-1.0
1386	-1.0	0.0	0.0
1387	-1.0	0.0	-1.0
1388	10.0	2.0	1.0
1389	-1.0	0.0	-1.0
1390	-1.0	0.0	-1.0
1391	-1.0	0.0	0.0
1392	-1.0	0.0	-1.0
1393	0.0	2.0	1.0
1394	-1.0	0.0	0.0
1395	0.0	2.0	1.0
1396	-1.0	0.0	-1.0
1397	-1.0	0.0	-1.0
1398	-1.0	0.0	0.0
1399	0.0	2.0	1.0
1400	-1.0	0.0	0.0
1401	16.0	2.0	1.0
1402	0.0	2.0	1.0
1403	-1.0	0.0	-1.0
1404	-1.0	0.0	-1.0
1405	-1.0	0.0	0.0
1406	-1.0	0.0	0.0
1407	-1.0	0.0	-1.0
1408	-1.0	0.0	0.0
1409	0.0	2.0	1.0
1410	22.0	2.0	1.0
1411	-1.0	0.0	0.0
1412	-1.0	0.0	-1.0
1413	-1.0	0.0	0.0
1414	10.0	2.0	1.0
1415	-1.0	0.0	-1.0
1416	27.0	3.0	1.0
1417	17.0	3.0	1.0
1418	-1.0	0.0	-1.0
1419	-1.0	0.0	-1.0
1420	20.0	2.0	1.0
1421	-1.0	0.0	-1.0
1422	-1.0	0.0	-1.0
1423	-1.0	0.0	-1.0
1424	12.0	3.0	1.0
1425	-1.0	0.0	0.0
1426	-1.0	0.0	-1.0
1427	-1.0	0.0	-1.0
1428	8.0	3.0	1.0
1429	-1.0	0.0	-1.0
1430	-1.0	0.0	0.0
1431	-1.0	0.0	0.0
1432	-1.0	0.0	-1.0
1433	-1.0	0.0	-1.0
1434	13.0	2.0	1.0
1435	-1.0	0.0	-1.0
1436	-1.0	0.0	-1.0
1437	-1.0	0.0	0.0
1438	12.0	2.0	1.0
1439	-1.0	0.0	-1.0
1440	-1.0	0.0	-1.0
1441	-1.0	0.0	0.0
1442	-1.0	0.0	-1.0
1443	-1.0	0.0	0.0
1444	-1.0	0.0	-1.0
1445	-1.0	0.0	-1.0
1446	-1.0	0.0	0.0
1447	-1.0	0.0	-1.0
1448	-1.0	0.0	0.0
1449	-1.0	0.0	-1.0
1450	-1.0	0.0	-1.0
1451	19.0	2.0	1.0
1452	-1.0	0.0	-1.0
1453	-1.0	0.0	-1.0
1454	-1.0	0.0	0.0
1455	-1.0	0.0	0.0
1456	0.0	2.0	1.0
1457	-1.0	0.0	0.0
1458	-1.0	0.0	-1.0
1459	-1.0	0.0	-1.0
1460	23.0	2.0	1.0
1461	28.0	2.0	1.0
1462	-1.0	0.0	-1.0
1463	0.0	2.0	1.0
1464	17.0	3.0	1.0
1465	-1.0	0.0	-1.0
1466	0.0	2.0	1.0
1467	-1.0	0.0	0.0
1468	24.0	2.0	1.0
1469	0.0	2.0	1.0
1470	-1.0	0.0	0.0
1471	25.0	2.0	1.0
1472	-1.0	0.0	0.0
1473	11.0	2.0	1.0
1474	-1.0	0.0	0.0
1475	-1.0	0.0	-1.0
1476	-1.0	0.0	0.0
1477	-1.0	0.0	0.0
1478	21.0	3.0	1.0
1479	-1.0	0.0	0.0
1480	-1.0	0.0	0.0
1481	27.0	3.0	1.0
1482	-1.0	0.0	-1.0
1483	-1.0	0.0	-1.0
1484	10.0	3.0	1.0
1485	-1.0	0.0	-1.0
1486	-1.0	0.0	-1.0
1487	26.0	2.0	1.0
1488	-1.0	0.0	-1.0
1489	23.0	3.0	1.0
1490	-1.0	0.0	-1.0
1491	-1.0	0.0	0.0
1492	-1.0	0.0	-1.0
1493	-1.0	0.0	0.0
1494	-1.0	0.0	0.0
1495	-1.0	0.0	0.0
1496	-1.0	0.0	-1.0
1497	-1.0	0.0	0.0
1498	16.0	2.0	1.0
1499	0.0	2.0	1.0
1500	-1.0	0.0	-1.0
1501	-1.0	0.0	-1.0
1502	-1.0	0.0	-1.0
1503	-1.0	0.0	0.0
1504	25.0	2.0	1.0
1505	-1.0	0.0	-1.0
1506	9.0	2.0	1.0
1507	-1.0	0.0	0.0
1508	-1.0	0.0	0.0
1509	16.0	3.0	1.0
1510	-1.0	0.0	-1.0
1511	-1.0	0.0	-1.0
1512	-1.0	0.0	-1.0
1513	-1.0	0.0	0.0
1514	-1.0	0.0	-1.0
1515	-1.0	0.0	-1.0
1516	-1.0	0.0	-1.0
1517	11.0	2.0	1.0
1518	-1.0	0.0	0.0
1519	-1.0	0.0	-1.0
1520	24.0	2.0	1.0
1521	-1.0	0.0	-1.0
1522	22.0	2.0	1.0
1523	-1.0	0.0	0.0
1524	25.0	2.0	1.0
1525	0.0	2.0	1.0
1526	0.0	2.0	1.0
1527	10.0	2.0	1.0
1528	-1.0	0.0	-1.0
1529	-1.0	0.0	-1.0
1530	-1.0	0.0	-1.0
1531	-1.0	0.0	-1.0
1532	-1.0	0.0	0.0
1533	-1.0	0.0	0.0
1534	-1.0	0.0	-1.0
1535	12.0	2.0	1.0
1536	-1.0	0.0	0.0
1537	21.0	2.0	1.0
1538	-1.0	0.0	0.0
1539	-1.0	0.0	0.0
1540	-1.0	0.0	0.0
1541	0.0	2.0	1.0
1542	20.0	2.0	1.0
1543	-1.0	0.0	0.0
1544	-1.0	0.0	-1.0
1545	-1.0	0.0	-1.0
1546	13.0	2.0	1.0
1547	-1.0	0.0	-1.0
1548	-1.0	0.0	-1.0
1549	0.0	2.0	1.0
1550	14.0	3.0	1.0
1551	16.0	2.0	1.0
1552	-1.0	0.0	-1.0
1553	-1.0	0.0	-1.0
1554	-1.0	0.0	0.0
1555	0.0	2.0	1.0
1556	25.0	2.0	1.0
1557	-1.0	0.0	-1.0
1558	-1.0	0.0	-1.0
1559	-1.0	0.0	0.0
1560	0.0	2.0	1.0
1561	-1.0	0.0	-1.0
1562	-1.0	0.0	-1.0
1563	-1.0	0.0	-1.0
1564	-1.0	0.0	-1.0
1565	0.0	2.0	1.0
1566	-1.0	0.0	-1.0
1567	-1.0	0.0	-1.0
1568	-1.0	0.0	-1.0
1569	21.0	2.0	1.0
1570	19.0	2.0	1.0
1571	-1.0	0.0	-1.0
1572	-1.0	0.0	-1.0
1573	-1.0	0.0	-1.0
1574	-1.0	0.0	-1.0
1575	-1.0	0.0	-1.0
1576	0.0	2.0	1.0
1577	-1.0	0.0	-1.0
1578	-1.0	0.0	0.0
1579	-1.0	0.0	-1.0
1580	-1.0	0.0	-1.0
1581	16.0	2.0	1.0
1582	0.0	2.0	1.0
1583	-1.0	0.0	0.0
1584	-1.0	0.0	-1.0
1585	21.0	2.0	1.0
1586	9.0	2.0	1.0
1587	-1.0	0.0	-1.0
1588	-1.0	0.0	-1.0
1589	-1.0	0.0	-1.0
1590	-1.0	0.0	-1.0
1591	-1.0	0.0	-1.0
1592	-1.0	0.0	-1.0
1593	-1.0	0.0	-1.0
1594	-1.0	0.0	-1.0
1595	-1.0	0.0	-1.0
1596	-1.0	0.0	-1.0
1597	-1.0	0.0	-1.0
1598	-1.0	0.0	-1.0
1599	0.0	2.0	1.0
1600	-1.0	0.0	-1.0
1601	0.0	2.0	1.0
1602	-1.0	0.0	-1.0
1603	-1.0	0.0	-1.0
1604	17.0	2.0	1.0
1605	-1.0	0.0	0.0
1606	-1.0	0.0	-1.0
1607	-1.0	0.0	-1.0
1608	-1.0	0.0	-1.0
1609	-1.0	0.0	0.0
1610	-1.0	0.0	0.0
1611	0.0	2.0	1.0
1612	20.0	3.0	1.0
1613	-1.0	0.0	-1.0
1614	-1.0	0.0	-1.0
1615	13.0	3.0	1.0
1616	12.0	3.0	1.0
1617	-1.0	0.0	0.0
1618	15.0	2.0	1.0
1619	-1.0	0.0	0.0
1620	-1.0	0.0	0.0
1621	0.0	2.0	1.0
1622	-1.0	0.0	-1.0
1623	-1.0	0.0	0.0
1624	-1.0	0.0	0.0
1625	-1.0	0.0	0.0
1626	-1.0	0.0	0.0
1627	-1.0	0.0	-1.0
1628	0.0	2.0	1.0
1629	-1.0	0.0	0.0
1630	28.0	2.0	1.0
1631	-1.0	0.0	-1.0
1632	-1.0	0.0	0.0
1633	-1.0	0.0	0.0
1634	-1.0	0.0	-1.0
1635	-1.0	0.0	0.0
1636	-1.0	0.0	-1.0
1637	-1.0	0.0	-1.0
1638	-1.0	0.0	-1.0
1639	10.0	3.0	1.0
1640	0.0	2.0	1.0
1641	-1.0	0.0	0.0
1642	-1.0	0.0	0.0
1643	-1.0	0.0	-1.0
1644	-1.0	0.0	0.0
1645	-1.0	0.0	0.0
1646	23.0	2.0	1.0
1647	-1.0	0.0	-1.0
1648	0.0	2.0	1.0
1649	-1.0	0.0	0.0
1650	0.0	2.0	1.0
1651	26.0	3.0	1.0
1652	-1.0	0.0	-1.0
1653	27.0	3.0	1.0
1654	-1.0	0.0	-1.0
1655	-1.0	0.0	-1.0
1656	-1.0	0.0	0.0
1657	-1.0	0.0	-1.0
1658	11.0	2.0	1.0
1659	-1.0	0.0	0.0
1660	26.0	2.0	1.0
1661	10.0	2.0	1.0
1662	-1.0	0.0	0.0
1663	-1.0	0.0	0.0
1664	28.0	2.0	1.0
1665	-1.0	0.0	-1.0
1666	-1.0	0.0	-1.0
1667	-1.0	0.0	-1.0
1668	11.0	3.0	1.0
1669	-1.0	0.0	0.0
1670	-1.0	0.0	-1.0
1671	-1.0	0.0	0.0
1672	-1.0	0.0	-1.0
1673	0.0	2.0	1.0
1674	27.0	2.0	1.0
1675	-1.0	0.0	-1.0
1676	-1.0	0.0	-1.0
1677	-1.0	0.0	0.0
1678	-1.0	0.0	-1.0
1679	0.0	2.0	1.0
1680	0.0	2.0	1.0
1681	0.0	2.0	1.0
1682	-1.0	0.0	0.0
1683	-1.0	0.0	0.0
1684	-1.0	0.0	0.0
1685	-1.0	0.0	-1.0
1686	-1.0	0.0	-1.0
1687	0.0	2.0	1.0
1688	28.0	2.0	1.0
1689	-1.0	0.0	-1.0
1690	-1.0	0.0	-1.0
1691	-1.0	0.0	-1.0
1692	-1.0	0.0	0.0
1693	-1.0	0.0	0.0
1694	-1.0	0.0	0.0
1695	17.0	2.0	1.0
1696	-1.0	0.0	0.0
1697	-1.0	0.0	-1.0
1698	-1.0	0.0	-1.0
1699	-1.0	0.0	-1.0
1700	-1.0	0.0	0.0
1701	12.0	3.0	1.0
1702	-1.0	0.0	-1.0
1703	27.0	2.0	1.0
1704	-1.0	0.0	0.0
1705	-1.0	0.0	-1.0
1706	-1.0	0.0	-1.0
1707	16.0	2.0	1.0
1708	-1.0	0.0	0.0
1709	-1.0	0.0	-1.0
1710	-1.0	0.0	-1.0
1711	25.0	3.0	1.0
1712	-1.0	0.0	-1.0
1713	-1.0	0.0	-1.0
1714	0.0	2.0	1.0
1715	-1.0	0.0	0.0
1716	-1.0	0.0	-1.0
1717	-1.0	0.0	-1.0
1718	-1.0	0.0	-1.0
1719	-1.0	0.0	0.0
1720	-1.0	0.0	-1.0
1721	-1.0	0.0	-1.0
1722	-1.0	0.0	0.0
1723	0.0	2.0	1.0
1724	8.0	3.0	1.0
1725	-1.0	0.0	-1.0
1726	-1.0	0.0	-1.0
1727	-1.0	0.0	-1.0
1728	27.0	2.0	1.0
1729	-1.0	0.0	0.0
1730	-1.0	0.0	0.0
1731	9.0	2.0	1.0
1732	-1.0	0.0	0.0
1733	-1.0	0.0	0.0
1734	24.0	2.0	1.0
1735	-1.0	0.0	-1.0
1736	-1.0	0.0	0.0
1737	-1.0	0.0	-1.0
1738	-1.0	0.0	0.0
1739	-1.0	0.0	0.0
1740	0.0	2.0	1.0
1741	-1.0	0.0	-1.0
1742	-1.0	0.0	0.0
1743	-1.0	0.0	-1.0
1744	16.0	2.0	1.0
1745	-1.0	0.0	0.0
1746	0.0	2.0	1.0
1747	-1.0	0.0	-1.0
1748	-1.0	0.0	0.0
1749	-1.0	0.0	-1.0
1750	-1.0	0.0	0.0
1751	-1.0	0.0	-1.0
1752	-1.0	0.0	-1.0
1753	-1.0	0.0	-1.0
1754	-1.0	0.0	0.0
1755	0.0	2.0	1.0
1756	-1.0	0.0	-1.0
1757	17.0	2.0	1.0
1758	-1.0	0.0	-1.0
1759	-1.0	0.0	-1.0
1760	0.0	2.0	1.0
1761	-1.0	0.0	-1.0
1762	11.0	2.0	1.0
1763	-1.0	0.0	-1.0
1764	-1.0	0.0	0.0
1765	-1.0	0.0	-1.0
1766	-1.0	0.0	-1.0
1767	23.0	2.0	1.0
1768	-1.0	0.0	-1.0
1769	0.0	2.0	1.0
1770	-1.0	0.0	-1.0
1771	-1.0	0.0	-1.0
1772	-1.0	0.0	-1.0
1773	10.0	2.0	1.0
1774	-1.0	0.0	-1.0
1775	-1.0	0.0	0.0
1776	-1.0	0.0	-1.0
1777	-1.0	0.0	-1.0
1778	22.0	2.0	1.0
1779	-1.0	0.0	-1.0
1780	-1.0	0.0	0.0
1781	12.0	2.0	1.0
1782	-1.0	0.0	0.0
1783	-1.0	0.0	-1.0
1784	-1.0	0.0	0.0
1785	-1.0	0.0	-1.0
1786	-1.0	0.0	-1.0
1787	-1.0	0.0	-1.0
1788	-1.0	0.0	0.0
1789	-1.0	0.0	-1.0
1790	0.0	2.0	1.0
1791	28.0	2.0	1.0
1792	-1.0	0.0	-1.0
1793	9.0	2.0	1.0
1794	-1.0	0.0	0.0
1795	-1.0	0.0	0.0
1796	0.0	2.0	1.0
1797	-1.0	0.0	-1.0
1798	-1.0	0.0	-1.0
1799	-1.0	0.0	-1.0
1800	-1.0	0.0	-1.0
1801	-1.0	0.0	0.0
1802	-1.0	0.0	0.0
1803	-1.0	0.0	0.0
1804	-1.0	0.0	-1.0
1805	0.0	2.0	1.0
1806	20.0	2.0	1.0
1807	-1.0	0.0	-1.0
1808	-1.0	0.0	0.0
1809	-1.0	0.0	0.0
1810	-1.0	0.0	0.0
1811	-1.0	0.0	0.0
1812	27.0	2.0	1.0
1813	-1.0	0.0	-1.0
1814	20.0	3.0	1.0
1815	-1.0	0.0	-1.0
1816	-1.0	0.0	-1.0
1817	16.0	3.0	1.0
1818	-1.0	0.0	0.0
1819	-1.0	0.0	-1.0
1820	-1.0	0.0	0.0
1821	-1.0	0.0	-1.0
1822	-1.0	0.0	-1.0
1823	-1.0	0.0	0.0
1824	-1.0	0.0	0.0
1825	-1.0	0.0	-1.0
1826	-1.0	0.0	0.0
1827	-1.0	0.0	-1.0
1828	10.0	3.0	1.0
1829	-1.0	0.0	0.0
1830	-1.0	0.0	-1.0
1831	-1.0	0.0	-1.0
1832	18.0	2.0	1.0
1833	-1.0	0.0	-1.0
1834	-1.0	0.0	-1.0
1835	0.0	2.0	1.0
1836	-1.0	0.0	-1.0
1837	-1.0	0.0	-1.0
1838	-1.0	0.0	-1.0
1839	0.0	2.0	1.0
1840	-1.0	0.0	0.0
1841	0.0	2.0	1.0
1842	-1.0	0.0	0.0
1843	-1.0	0.0	0.0
1844	-1.0	0.0	0.0
1845	-1.0	0.0	0.0
1846	16.0	3.0	1.0
1847	-1.0	0.0	-1.0
1848	-1.0	0.0	-1.0
1849	-1.0	0.0	-1.0
1850	26.0	2.0	1.0
1851	24.0	2.0	1.0
1852	-1.0	0.0	0.0
1853	8.0	2.0	1.0
1854	-1.0	0.0	0.0
1855	-1.0	0.0	-1.0
1856	-1.0	0.0	-1.0
1857	11.0	2.0	1.0
1858	-1.0	0.0	-1.0
1859	-1.0	0.0	-1.0
1860	-1.0	0.0	0.0
1861	-1.0	0.0	0.0
1862	-1.0	0.0	0.0
1863	-1.0	0.0	0.0
1864	-1.0	0.0	-1.0
1865	-1.0	0.0	0.0
1866	24.0	2.0	1.0
1867	-1.0	0.0	-1.0
1868	-1.0	0.0	-1.0
1869	-1.0	0.0	0.0
1870	-1.0	0.0	-1.0
1871	8.0	2.0	1.0
1872	-1.0	0.0	-1.0
1873	-1.0	0.0	0.0
1874	27.0	3.0	1.0
1875	15.0	2.0	1.0
1876	-1.0	0.0	0.0
1877	-1.0	0.0	0.0
1878	-1.0	0.0	-1.0
1879	24.0	3.0	1.0
1880	-1.0	0.0	0.0
1881	12.0	3.0	1.0
1882	-1.0	0.0	-1.0
1883	-1.0	0.0	-1.0
1884	-1.0	0.0	-1.0
1885	-1.0	0.0	0.0
1886	-1.0	0.0	-1.0
1887	-1.0	0.0	-1.0
1888	-1.0	0.0	-1.0
1889	0.0	2.0	1.0
1890	-1.0	0.0	0.0
1891	-1.0	0.0	-1.0
1892	-1.0	0.0	-1.0
1893	0.0	2.0	1.0
1894	-1.0	0.0	-1.0
1895	16.0	2.0	1.0
1896	-1.0	0.0	-1.0
1897	-1.0	0.0	0.0
1898	-1.0	0.0	0.0
1899	17.0	2.0	1.0
1900	-1.0	0.0	0.0
1901	-1.0	0.0	-1.0
1902	-1.0	0.0	-1.0
1903	-1.0	0.0	0.0
1904	-1.0	0.0	-1.0
1905	-1.0	0.0	-1.0
1906	-1.0	0.0	0.0
1907	-1.0	0.0	0.0
1908	-1.0	0.0	-1.0
1909	-1.0	0.0	-1.0
1910	-1.0	0.0	-1.0
1911	-1.0	0.0	-1.0
1912	-1.0	0.0	-1.0
1913	-1.0	0.0	-1.0
1914	-1.0	0.0	-1.0
1915	-1.0	0.0	-1.0
1916	14.0	2.0	1.0
1917	-1.0	0.0	-1.0
1918	0.0	2.0	1.0
1919	-1.0	0.0	-1.0
1920	-1.0	0.0	-1.0
1921	-1.0	0.0	-1.0
1922	-1.0	0.0	-1.0
1923	-1.0	0.0	-1.0
1924	0.0	2.0	1.0
1925	10.0	2.0	1.0
1926	-1.0	0.0	0.0
1927	-1.0	0.0	0.0
1928	-1.0	0.0	0.0
1929	14.0	2.0	1.0
1930	-1.0	0.0	0.0
1931	-1.0	0.0	-1.0
1932	-1.0	0.0	-1.0
1933	-1.0	0.0	-1.0
1934	0.0	2.0	1.0
1935	-1.0	0.0	0.0
1936	-1.0	0.0	0.0
1937	-1.0	0.0	-1.0
1938	24.0	2.0	1.0
1939	-1.0	0.0	0.0
1940	-1.0	0.0	-1.0
1941	-1.0	0.0	-1.0
1942	-1.0	0.0	0.0
1943	-1.0	0.0	-1.0
1944	-1.0	0.0	0.0
1945	-1.0	0.0	0.0
1946	0.0	2.0	1.0
1947	0.0	2.0	1.0
1948	-1.0	0.0	0.0
1949	-1.0	0.0	-1.0
1950	0.0	2.0	1.0
1951	-1.0	0.0	-1.0
1952	-1.0	0.0	-1.0
1953	9.0	2.0	1.0
1954	-1.0	0.0	-1.0
1955	-1.0	0.0	0.0
1956	18.0	2.0	1.0
1957	-1.0	0.0	0.0
1958	-1.0	0.0	-1.0
1959	-1.0	0.0	-1.0
1960	-1.0	0.0	-1.0
1961	-1.0	0.0	-1.0
1962	21.0	2.0	1.0
1963	-1.0	0.0	0.0
1964	-1.0	0.0	0.0
1965	-1.0	0.0	-1.0
1966	-1.0	0.0	-1.0
1967	-1.0	0.0	0.0
1968	16.0	2.0	1.0
1969	-1.0	0.0	-1.0
1970	-1.0	0.0	0.0
1971	-1.0	0.0	0.0
1972	9.0	2.0	1.0
1973	-1.0	0.0	0.0
1974	26.0	2.0	1.0
1975	-1.0	0.0	-1.0
1976	10.0	3.0	1.0
1977	10.0	2.0	1.0
1978	-1.0	0.0	-1.0
1979	-1.0	0.0	-1.0
1980	-1.0	0.0	-1.0
1981	-1.0	0.0	0.0
1982	-1.0	0.0	-1.0
1983	-1.0	0.0	0.0
1984	-1.0	0.0	-1.0
1985	-1.0	0.0	-1.0
1986	-1.0	0.0	0.0
1987	11.0	2.0	1.0
1988	-1.0	0.0	0.0
1989	0.0	2.0	1.0
1990	-1.0	0.0	0.0
1991	20.0	2.0	1.0
1992	-1.0	0.0	-1.0
1993	-1.0	0.0	0.0
1994	-1.0	0.0	0.0
1995	-1.0	0.0	-1.0
1996	-1.0	0.0	-1.0
1997	-1.0	0.0	-1.0
1998	17.0	2.0	1.0
1999	-1.0	0.0	-1.0
2000	-1.0	0.0	0.0
2001	-1.0	0.0	-1.0
2002	-1.0	0.0	0.0
2003	10.0	2.0	1.0
2004	-1.0	0.0	0.0
2005	-1.0	0.0	0.0
2006	-1.0	0.0	-1.0
2007	0.0	2.0	1.0
2008	-1.0	0.0	-1.0
2009	-1.0	0.0	-1.0
2010	-1.0	0.0	0.0
2011	-1.0	0.0	-1.0
2012	-1.0	0.0	0.0
2013	-1.0	0.0	-1.0
2014	-1.0	0.0	-1.0
2015	-1.0	0.0	-1.0
2016	0.0	2.0	1.0
2017	24.0	2.0	1.0
2018	-1.0	0.0	-1.0
2019	-1.0	0.0	-1.0
2020	-1.0	0.0	-1.0
2021	19.0	2.0	1.0
2022	-1.0	0.0	0.0
2023	-1.0	0.0	-1.0
2024	18.0	2.0	1.0
2025	-1.0	0.0	-1.0
2026	-1.0	0.0	-1.0
2027	-1.0	0.0	0.0
2028	-1.0	0.0	-1.0
2029	11.0	2.0	1.0
2030	-1.0	0.0	-1.0
2031	-1.0	0.0	-1.0
2032	-1.0	0.0	-1.0
2033	-1.0	0.0	0.0
2034	-1.0	0.0	0.0
2035	-1.0	0.0	0.0
2036	-1.0	0.0	0.0
2037	-1.0	0.0	-1.0
2038	-1.0	0.0	-1.0
2039	-1.0	0.0	-1.0
2040	-1.0	0.0	0.0
2041	-1.0	0.0	0.0
2042	-1.0	0.0	-1.0
2043	26.0	2.0	1.0
2044	-1.0	0.0	0.0
2045	-1.0	0.0	0.0
2046	0.0	2.0	1.0
2047	8.0	3.0	1.0
2048	-1.0	0.0	0.0
2049	-1.0	0.0	0.0
2050	-1.0	0.0	0.0
2051	-1.0	0.0	0.0
2052	-1.0	0.0	-1.0
2053	-1.0	0.0	-1.0
2054	-1.0	0.0	-1.0
2055	-1.0	0.0	-1.0
2056	-1.0	0.0	0.0
2057	10.0	2.0	1.0
2058	-1.0	0.0	-1.0
2059	-1.0	0.0	-1.0
2060	0.0	2.0	1.0
2061	-1.0	0.0	0.0
2062	-1.0	0.0	0.0
2063	-1.0	0.0	-1.0
2064	-1.0	0.0	0.0
2065	27.0	2.0	1.0
2066	-1.0	0.0	-1.0
2067	-1.0	0.0	0.0
2068	-1.0	0.0	0.0
2069	9.0	2.0	1.0
2070	-1.0	0.0	-1.0
2071	-1.0	0.0	-1.0
2072	-1.0	0.0	0.0
2073	17.0	3.0	1.0
2074	0.0	2.0	1.0
2075	25.0	2.0	1.0
2076	-1.0	0.0	0.0
2077	-1.0	0.0	0.0
2078	-1.0	0.0	0.0
2079	-1.0	0.0	-1.0
2080	-1.0	0.0	-1.0
2081	-1.0	0.0	0.0
2082	-1.0	0.0	-1.0
2083	-1.0	0.0	-1.0
2084	-1.0	0.0	-1.0
2085	9.0	2.0	1.0
2086	-1.0	0.0	0.0
2087	-1.0	0.0	-1.0
2088	-1.0	0.0	-1.0
2089	-1.0	0.0	-1.0
2090	-1.0	0.0	0.0
2091	-1.0	0.0	0.0
2092	0.0	2.0	1.0
2093	-1.0	0.0	0.0
2094	-1.0	0.0	-1.0
2095	-1.0	0.0	-1.0
2096	27.0	2.0	1.0
2097	-1.0	0.0	0.0
2098	-1.0	0.0	-1.0
2099	-1.0	0.0	0.0
2100	0.0	2.0	1.0
2101	-1.0	0.0	-1.0
2102	-1.0	0.0	-1.0
2103	-1.0	0.0	0.0
2104	25.0	2.0	1.0
2105	-1.0	0.0	0.0
2106	-1.0	0.0	-1.0
2107	-1.0	0.0	-1.0
2108	-1.0	0.0	-1.0
2109	-1.0	0.0	-1.0
2110	-1.0	0.0	-1.0
2111	-1.0	0.0	-1.0
2112	-1.0	0.0	-1.0
2113	-1.0	0.0	-1.0
2114	-1.0	0.0	-1.0
2115	13.0	3.0	1.0
2116	-1.0	0.0	-1.0
2117	-1.0	0.0	0.0
2118	-1.0	0.0	0.0
2119	-1.0	0.0	-1.0
2120	-1.0	0.0	-1.0
2121	-1.0	0.0	0.0
2122	-1.0	0.0	0.0
2123	0.0	2.0	1.0
2124	-1.0	0.0	0.0
2125	-1.0	0.0	-1.0
2126	-1.0	0.0	-1.0
2127	10.0	3.0	1.0
2128	-1.0	0.0	-1.0
2129	0.0	2.0	1.0
2130	-1.0	0.0	-1.0
2131	23.0	2.0	1.0
2132	-1.0	0.0	0.0
2133	-1.0	0.0	-1.0
2134	0.0	2.0	1.0
2135	-1.0	0.0	0.0
2136	-1.0	0.0	-1.0
2137	-1.0	0.0	0.0
2138	-1.0	0.0	0.0
2139	-1.0	0.0	-1.0
2140	-1.0	0.0	0.0
2141	-1.0	0.0	-1.0
2142	-1.0	0.0	-1.0
2143	-1.0	0.0	0.0
2144	-1.0	0.0	0.0
2145	-1.0	0.0	0.0
2146	-1.0	0.0	-1.0
2147	14.0	2.0	1.0
2148	-1.0	0.0	-1.0
2149	-1.0	0.0	-1.0
2150	0.0	2.0	1.0
2151	-1.0	0.0	-1.0
2152	0.0	2.0	1.0
2153	0.0	2.0	1.0
2154	-1.0	0.0	-1.0
2155	-1.0	0.0	-1.0
2156	-1.0	0.0	0.0
2157	-1.0	0.0	0.0
2158	-1.0	0.0	-1.0
2159	-1.0	0.0	-1.0
2160	-1.0	0.0	0.0
2161	-1.0	0.0	-1.0
2162	-1.0	0.0	0.0
2163	0.0	2.0	1.0
2164	0.0	2.0	1.0
2165	-1.0	0.0	-1.0
2166	-1.0	0.0	0.0
2167	-1.0	0.0	-1.0
2168	-1.0	0.0	-1.0
2169	-1.0	0.0	-1.0
2170	-1.0	0.0	0.0
2171	-1.0	0.0	-1.0
2172	0.0	2.0	1.0
2173	-1.0	0.0	0.0
2174	-1.0	0.0	0.0
2175	-1.0	0.0	-1.0
2176	-1.0	0.0	-1.0
2177	-1.0	0.0	-1.0
2178	-1.0	0.0	-1.0
2179	-1.0	0.0	-1.0
2180	-1.0	0.0	-1.0
2181	-1.0	0.0	0.0
2182	-1.0	0.0	0.0
2183	-1.0	0.0	-1.0
2184	-1.0	0.0	-1.0
2185	27.0	2.0	1.0
2186	-1.0	0.0	-1.0
2187	-1.0	0.0	0.0
2188	-1.0	0.0	-1.0
2189	-1.0	0.0	-1.0
2190	-1.0	0.0	0.0
2191	-1.0	0.0	-1.0
2192	-1.0	0.0	-1.0
2193	-1.0	0.0	-1.0
2194	11.0	2.0	1.0
2195	27.0	3.0	1.0
2196	0.0	2.0	1.0
2197	0.0	2.0	1.0
2198	-1.0	0.0	0.0
2199	22.0	2.0	1.0
2200	-1.0	0.0	0.0
2201	0.0	2.0	1.0
2202	-1.0	0.0	0.0
2203	20.0	3.0	1.0
2204	17.0	2.0	1.0
2205	12.0	2.0	1.0
2206	-1.0	0.0	0.0
2207	-1.0	0.0	-1.0
2208	-1.0	0.0	-1.0
2209	-1.0	0.0	-1.0
2210	-1.0	0.0	0.0
2211	-1.0	0.0	-1.0
2212	-1.0	0.0	0.0
2213	0.0	2.0	1.0
2214	10.0	2.0	1.0
2215	-1.0	0.0	0.0
2216	-1.0	0.0	-1.0
2217	-1.0	0.0	-1.0
2218	-1.0	0.0	0.0
2219	-1.0	0.0	0.0
2220	28.0	2.0	1.0
2221	-1.0	0.0	0.0
2222	27.0	2.0	1.0
2223	-1.0	0.0	0.0
2224	-1.0	0.0	-1.0
2225	-1.0	0.0	-1.0
2226	22.0	2.0	1.0
2227	-1.0	0.0	-1.0
2228	-1.0	0.0	0.0
2229	0.0	2.0	1.0
2230	0.0	2.0	1.0
2231	-1.0	0.0	0.0
2232	-1.0	0.0	-1.0
2233	14.0	2.0	1.0
2234	-1.0	0.0	-1.0
2235	-1.0	0.0	-1.0
2236	-1.0	0.0	-1.0
2237	-1.0	0.0	-1.0
2238	0.0	2.0	1.0
2239	-1.0	0.0	-1.0
2240	-1.0	0.0	0.0
2241	-1.0	0.0	0.0
2242	-1.0	0.0	-1.0
2243	11.0	2.0	1.0
2244	-1.0	0.0	-1.0
2245	-1.0	0.0	-1.0
2246	0.0	2.0	1.0
2247	-1.0	0.0	-1.0
2248	-1.0	0.0	0.0
2249	-1.0	0.0	-1.0
2250	27.0	2.0	1.0
2251	-1.0	0.0	0.0
2252	-1.0	0.0	0.0
2253	-1.0	0.0	0.0
2254	-1.0	0.0	-1.0
2255	17.0	2.0	1.0
2256	-1.0	0.0	0.0
2257	-1.0	0.0	0.0
2258	24.0	2.0	1.0
2259	0.0	2.0	1.0
2260	-1.0	0.0	-1.0
2261	-1.0	0.0	-1.0
2262	-1.0	0.0	0.0
2263	-1.0	0.0	-1.0
2264	-1.0	0.0	0.0
2265	-1.0	0.0	-1.0
2266	-1.0	0.0	-1.0
2267	-1.0	0.0	0.0
2268	-1.0	0.0	-1.0
2269	-1.0	0.0	-1.0
2270	-1.0	0.0	-1.0
2271	-1.0	0.0	-1.0
2272	-1.0	0.0	0.0
2273	-1.0	0.0	0.0
2274	-1.0	0.0	-1.0
2275	19.0	2.0	1.0
2276	-1.0	0.0	0.0
2277	10.0	2.0	1.0
2278	10.0	3.0	1.0
2279	0.0	2.0	1.0
2280	0.0	2.0	1.0
2281	-1.0	0.0	0.0
2282	-1.0	0.0	-1.0
2283	0.0	2.0	1.0
2284	-1.0	0.0	0.0
2285	-1.0	0.0	-1.0
2286	-1.0	0.0	-1.0
2287	-1.0	0.0	0.0
2288	-1.0	0.0	-1.0
2289	-1.0	0.0	-1.0
2290	-1.0	0.0	-1.0
2291	-1.0	0.0	-1.0
2292	20.0	2.0	1.0
2293	-1.0	0.0	-1.0
2294	-1.0	0.0	-1.0
2295	-1.0	0.0	0.0
2296	-1.0	0.0	-1.0
2297	-1.0	0.0	-1.0
2298	-1.0	0.0	0.0
2299	-1.0	0.0	-1.0
2300	-1.0	0.0	-1.0
2301	-1.0	0.0	-1.0
2302	-1.0	0.0	-1.0
2303	-1.0	0.0	0.0
2304	-1.0	0.0	-1.0
2305	-1.0	0.0	-1.0
2306	-1.0	0.0	-1.0
2307	-1.0	0.0	-1.0
2308	-1.0	0.0	0.0
2309	10.0	2.0	1.0
2310	-1.0	0.0	-1.0
2311	-1.0	0.0	-1.0
2312	-1.0	0.0	-1.0
2313	-1.0	0.0	-1.0
2314	-1.0	0.0	-1.0
2315	-1.0	0.0	-1.0
2316	21.0	3.0	1.0
2317	-1.0	0.0	-1.0
2318	-1.0	0.0	-1.0
2319	-1.0	0.0	0.0
2320	-1.0	0.0	-1.0
2321	-1.0	0.0	0.0
2322	-1.0	0.0	0.0
2323	-1.0	0.0	-1.0
2324	-1.0	0.0	-1.0
2325	-1.0	0.0	-1.0
2326	0.0	2.0	1.0
2327	-1.0	0.0	-1.0
2328	-1.0	0.0	0.0
2329	-1.0	0.0	-1.0
2330	-1.0	0.0	0.0
2331	-1.0	0.0	-1.0
2332	-1.0	0.0	0.0
2333	-1.0	0.0	0.0
2334	-1.0	0.0	-1.0
2335	-1.0	0.0	-1.0
2336	-1.0	0.0	-1.0
2337	20.0	2.0	1.0
2338	-1.0	0.0	0.0
2339	-1.0	0.0	-1.0
2340	-1.0	0.0	0.0
2341	0.0	2.0	1.0
2342	0.0	2.0	1.0
2343	-1.0	0.0	-1.0
2344	-1.0	0.0	-1.0
2345	-1.0	0.0	-1.0
2346	-1.0	0.0	0.0
2347	0.0	2.0	1.0
2348	-1.0	0.0	-1.0
2349	-1.0	0.0	0.0
2350	-1.0	0.0	-1.0
2351	-1.0	0.0	-1.0
2352	-1.0	0.0	-1.0
2353	18.0	2.0	1.0
2354	25.0	2.0	1.0
2355	-1.0	0.0	0.0
2356	-1.0	0.0	-1.0
2357	-1.0	0.0	-1.0
2358	-1.0	0.0	-1.0
2359	-1.0	0.0	-1.0
2360	0.0	2.0	1.0
2361	-1.0	0.0	-1.0
2362	-1.0	0.0	-1.0
2363	21.0	2.0	1.0
2364	-1.0	0.0	0.0
2365	-1.0	0.0	0.0
2366	16.0	2.0	1.0
2367	-1.0	0.0	-1.0
2368	0.0	2.0	1.0
2369	-1.0	0.0	0.0
2370	-1.0	0.0	0.0
2371	21.0	2.0	1.0
2372	22.0	2.0	1.0
2373	0.0	2.0	1.0
2374	-1.0	0.0	0.0
2375	-1.0	0.0	0.0
2376	-1.0	0.0	-1.0
2377	-1.0	0.0	0.0
2378	0.0	2.0	1.0
2379	-1.0	0.0	0.0
2380	-1.0	0.0	0.0
2381	-1.0	0.0	-1.0
2382	-1.0	0.0	-1.0
2383	-1.0	0.0	-1.0
2384	-1.0	0.0	-1.0
2385	-1.0	0.0	0.0
2386	-1.0	0.0	0.0
2387	-1.0	0.0	0.0
2388	-1.0	0.0	-1.0
2389	-1.0	0.0	0.0
2390	-1.0	0.0	0.0
2391	-1.0	0.0	-1.0
2392	-1.0	0.0	0.0
2393	10.0	2.0	1.0
2394	-1.0	0.0	-1.0
2395	-1.0	0.0	-1.0
2396	-1.0	0.0	0.0
2397	18.0	3.0	1.0
2398	0.0	2.0	1.0
2399	-1.0	0.0	-1.0
2400	10.0	2.0	1.0
2401	-1.0	0.0	0.0
2402	-1.0	0.0	-1.0
2403	-1.0	0.0	0.0
2404	-1.0	0.0	-1.0
2405	-1.0	0.0	0.0
2406	-1.0	0.0	-1.0
2407	0.0	2.0	1.0
2408	13.0	2.0	1.0
2409	18.0	2.0	1.0
2410	-1.0	0.0	-1.0
2411	-1.0	0.0	-1.0
2412	-1.0	0.0	-1.0
2413	-1.0	0.0	-1.0
2414	-1.0	0.0	0.0
2415	-1.0	0.0	0.0
2416	-1.0	0.0	0.0
2417	-1.0	0.0	-1.0
2418	23.0	2.0	1.0
2419	-1.0	0.0	0.0
2420	-1.0	0.0	-1.0
2421	-1.0	0.0	0.0
2422	-1.0	0.0	0.0
2423	-1.0	0.0	0.0
2424	-1.0	0.0	-1.0
2425	-1.0	0.0	0.0
2426	11.0	2.0	1.0
2427	17.0	2.0	1.0
2428	-1.0	0.0	-1.0
2429	-1.0	0.0	0.0
2430	-1.0	0.0	-1.0
2431	-1.0	0.0	-1.0
2432	-1.0	0.0	0.0
2433	28.0	3.0	1.0
2434	-1.0	0.0	-1.0
2435	-1.0	0.0	0.0
2436	0.0	2.0	1.0
2437	0.0	2.0	1.0
2438	-1.0	0.0	0.0
2439	-1.0	0.0	-1.0
2440	21.0	3.0	1.0
2441	-1.0	0.0	-1.0
2442	-1.0	0.0	0.0
2443	-1.0	0.0	-1.0
2444	-1.0	0.0	0.0
2445	0.0	2.0	1.0
2446	0.0	2.0	1.0
2447	-1.0	0.0	0.0
2448	26.0	2.0	1.0
2449	15.0	2.0	1.0
2450	-1.0	0.0	0.0
2451	-1.0	0.0	-1.0
2452	-1.0	0.0	0.0
2453	18.0	2.0	1.0
2454	17.0	2.0	1.0
2455	-1.0	0.0	-1.0
2456	-1.0	0.0	0.0
2457	-1.0	0.0	-1.0
2458	11.0	2.0	1.0
2459	-1.0	0.0	0.0
2460	0.0	2.0	1.0
2461	-1.0	0.0	-1.0
2462	0.0	2.0	1.0
2463	26.0	3.0	1.0
2464	12.0	2.0	1.0
2465	-1.0	0.0	-1.0
2466	-1.0	0.0	0.0
2467	-1.0	0.0	0.0
2468	-1.0	0.0	0.0
2469	-1.0	0.0	0.0
2470	13.0	2.0	1.0
2471	-1.0	0.0	-1.0
2472	-1.0	0.0	0.0
2473	13.0	3.0	1.0
2474	15.0	2.0	1.0
2475	-1.0	0.0	0.0
2476	-1.0	0.0	-1.0
2477	-1.0	0.0	-1.0
2478	-1.0	0.0	0.0
2479	-1.0	0.0	-1.0
2480	-1.0	0.0	0.0
2481	-1.0	0.0	0.0
2482	19.0	2.0	1.0
2483	0.0	2.0	1.0
2484	-1.0	0.0	-1.0
2485	-1.0	0.0	-1.0
2486	-1.0	0.0	-1.0
2487	0.0	2.0	1.0
2488	-1.0	0.0	0.0
2489	-1.0	0.0	0.0
2490	-1.0	0.0	-1.0
2491	-1.0	0.0	0.0
2492	-1.0	0.0	0.0
2493	-1.0	0.0	-1.0
2494	-1.0	0.0	0.0
2495	-1.0	0.0	-1.0
2496	-1.0	0.0	-1.0
2497	-1.0	0.0	-1.0
2498	-1.0	0.0	-1.0
2499	-1.0	0.0	-1.0
2500	-1.0	0.0	-1.0
2501	-1.0	0.0	0.0
2502	-1.0	0.0	-1.0
2503	-1.0	0.0	0.0
2504	-1.0	0.0	0.0
2505	-1.0	0.0	-1.0
2506	-1.0	0.0	-1.0
2507	-1.0	0.0	-1.0
2508	-1.0	0.0	0.0
2509	-1.0	0.0	0.0
2510	-1.0	0.0	0.0
2511	-1.0	0.0	-1.0
2512	-1.0	0.0	-1.0
2513	-1.0	0.0	-1.0
2514	-1.0	0.0	-1.0
2515	-1.0	0.0	0.0
2516	-1.0	0.0	-1.0
2517	-1.0	0.0	-1.0
2518	-1.0	0.0	-1.0
2519	-1.0	0.0	-1.0
2520	0.0	2.0	1.0
2521	0.0	2.0	1.0
2522	-1.0	0.0	-1.0
2523	-1.0	0.0	-1.0
2524	-1.0	0.0	0.0
2525	0.0	2.0	1.0
2526	0.0	2.0	1.0
2527	16.0	3.0	1.0
2528	-1.0	0.0	0.0
2529	-1.0	0.0	0.0
2530	-1.0	0.0	-1.0
2531	-1.0	0.0	0.0
2532	-1.0	0.0	0.0
2533	-1.0	0.0	-1.0
2534	-1.0	0.0	0.0
2535	-1.0	0.0	-1.0
2536	0.0	2.0	1.0
2537	-1.0	0.0	0.0
2538	-1.0	0.0	-1.0
2539	-1.0	0.0	0.0
2540	0.0	2.0	1.0
2541	0.0	2.0	1.0
2542	-1.0	0.0	0.0
2543	0.0	2.0	1.0
2544	-1.0	0.0	-1.0
2545	-1.0	0.0	-1.0
2546	-1.0	0.0	-1.0
2547	-1.0	0.0	-1.0
2548	16.0	2.0	1.0
2549	13.0	3.0	1.0
2550	0.0	0.0	0.0
