index	outport	cost	SuccessFlag
0	0.0	2.0	1.0
1	11.0	3.0	1.0
2	8.0	2.0	1.0
3	19.0	3.0	1.0
4	0.0	2.0	1.0
5	10.0	3.0	1.0
6	24.0	3.0	1.0
7	16.0	3.0	1.0
8	14.0	3.0	1.0
9	17.0	3.0	1.0
10	12.0	3.0	1.0
11	8.0	2.0	1.0
12	13.0	3.0	1.0
13	26.0	3.0	1.0
14	0.0	2.0	1.0
15	0.0	2.0	1.0
16	0.0	2.0	1.0
17	20.0	3.0	1.0
18	0.0	2.0	1.0
19	17.0	3.0	1.0
20	18.0	3.0	1.0
21	22.0	2.0	1.0
22	22.0	2.0	1.0
23	18.0	3.0	1.0
24	10.0	3.0	1.0
25	18.0	3.0	1.0
26	0.0	2.0	1.0
27	19.0	3.0	1.0
28	9.0	2.0	1.0
29	22.0	2.0	1.0
30	0.0	2.0	1.0
31	28.0	3.0	1.0
32	15.0	2.0	1.0
33	17.0	3.0	1.0
34	0.0	2.0	1.0
35	20.0	3.0	1.0
36	12.0	3.0	1.0
37	16.0	3.0	1.0
38	14.0	3.0	1.0
39	19.0	3.0	1.0
40	0.0	2.0	1.0
41	15.0	3.0	1.0
42	22.0	2.0	1.0
43	0.0	2.0	1.0
44	0.0	2.0	1.0
45	20.0	3.0	1.0
46	15.0	2.0	1.0
47	8.0	2.0	1.0
48	15.0	3.0	1.0
49	8.0	2.0	1.0
50	27.0	3.0	1.0
51	15.0	2.0	1.0
52	0.0	2.0	1.0
53	12.0	3.0	1.0
54	22.0	2.0	1.0
55	23.0	2.0	1.0
56	13.0	3.0	1.0
57	9.0	2.0	1.0
58	0.0	2.0	1.0
59	9.0	2.0	1.0
60	15.0	2.0	1.0
61	22.0	2.0	1.0
62	8.0	3.0	1.0
63	27.0	3.0	1.0
64	-1.0	0.0	-1.0
65	22.0	2.0	1.0
66	16.0	3.0	1.0
67	8.0	2.0	1.0
68	-1.0	0.0	0.0
69	8.0	2.0	1.0
70	0.0	2.0	1.0
71	16.0	3.0	1.0
72	-1.0	0.0	-1.0
73	27.0	3.0	1.0
74	15.0	2.0	1.0
75	28.0	3.0	1.0
76	-1.0	0.0	0.0
77	17.0	3.0	1.0
78	-1.0	0.0	-1.0
79	13.0	3.0	1.0
80	-1.0	0.0	-1.0
81	25.0	3.0	1.0
82	26.0	3.0	1.0
83	22.0	2.0	1.0
84	-1.0	0.0	-1.0
85	24.0	3.0	1.0
86	23.0	3.0	1.0
87	26.0	3.0	1.0
88	22.0	2.0	1.0
89	16.0	3.0	1.0
90	15.0	2.0	1.0
91	-1.0	0.0	0.0
92	15.0	3.0	1.0
93	8.0	2.0	1.0
94	19.0	3.0	1.0
95	16.0	3.0	1.0
96	14.0	3.0	1.0
97	8.0	3.0	1.0
98	0.0	2.0	1.0
99	28.0	3.0	1.0
100	23.0	3.0	1.0
101	23.0	3.0	1.0
102	0.0	2.0	1.0
103	0.0	2.0	1.0
104	21.0	3.0	1.0
105	24.0	3.0	1.0
106	0.0	2.0	1.0
107	-1.0	0.0	-1.0
108	0.0	2.0	1.0
109	15.0	3.0	1.0
110	-1.0	0.0	-1.0
111	21.0	3.0	1.0
112	27.0	3.0	1.0
113	0.0	2.0	1.0
114	21.0	3.0	1.0
115	0.0	2.0	1.0
116	15.0	2.0	1.0
117	22.0	2.0	1.0
118	24.0	2.0	1.0
119	0.0	2.0	1.0
120	0.0	2.0	1.0
121	-1.0	0.0	0.0
122	0.0	2.0	1.0
123	-1.0	0.0	-1.0
124	11.0	3.0	1.0
125	-1.0	0.0	0.0
126	0.0	2.0	1.0
127	21.0	3.0	1.0
128	11.0	3.0	1.0
129	-1.0	0.0	0.0
130	20.0	3.0	1.0
131	17.0	2.0	1.0
132	26.0	3.0	1.0
133	22.0	3.0	1.0
134	24.0	3.0	1.0
135	24.0	3.0	1.0
136	0.0	2.0	1.0
137	26.0	3.0	1.0
138	-1.0	0.0	-1.0
139	12.0	3.0	1.0
140	28.0	3.0	1.0
141	10.0	2.0	1.0
142	15.0	2.0	1.0
143	21.0	3.0	1.0
144	22.0	3.0	1.0
145	-1.0	0.0	-1.0
146	25.0	3.0	1.0
147	-1.0	0.0	-1.0
148	18.0	2.0	1.0
149	20.0	3.0	1.0
150	17.0	3.0	1.0
151	0.0	2.0	1.0
152	8.0	2.0	1.0
153	19.0	3.0	1.0
154	-1.0	0.0	-1.0
155	24.0	3.0	1.0
156	15.0	2.0	1.0
157	0.0	2.0	1.0
158	12.0	3.0	1.0
159	-1.0	0.0	-1.0
160	0.0	2.0	1.0
161	22.0	2.0	1.0
162	17.0	2.0	1.0
163	-1.0	0.0	-1.0
164	15.0	2.0	1.0
165	-1.0	0.0	-1.0
166	23.0	3.0	1.0
167	24.0	2.0	1.0
168	-1.0	0.0	-1.0
169	-1.0	0.0	0.0
170	-1.0	0.0	-1.0
171	27.0	3.0	1.0
172	28.0	3.0	1.0
173	9.0	2.0	1.0
174	9.0	2.0	1.0
175	22.0	2.0	1.0
176	10.0	2.0	1.0
177	25.0	3.0	1.0
178	22.0	2.0	1.0
179	0.0	2.0	1.0
180	11.0	3.0	1.0
181	-1.0	0.0	-1.0
182	9.0	2.0	1.0
183	18.0	3.0	1.0
184	26.0	3.0	1.0
185	22.0	2.0	1.0
186	-1.0	0.0	-1.0
187	16.0	2.0	1.0
188	23.0	2.0	1.0
189	18.0	3.0	1.0
190	-1.0	0.0	-1.0
191	0.0	2.0	1.0
192	23.0	3.0	1.0
193	9.0	2.0	1.0
194	-1.0	0.0	0.0
195	8.0	2.0	1.0
196	-1.0	0.0	0.0
197	8.0	2.0	1.0
198	0.0	2.0	1.0
199	18.0	3.0	1.0
200	28.0	3.0	1.0
201	-1.0	0.0	-1.0
202	15.0	2.0	1.0
203	-1.0	0.0	-1.0
204	28.0	3.0	1.0
205	11.0	3.0	1.0
206	15.0	2.0	1.0
207	-1.0	0.0	-1.0
208	0.0	2.0	1.0
209	-1.0	0.0	-1.0
210	-1.0	0.0	-1.0
211	13.0	3.0	1.0
212	-1.0	0.0	-1.0
213	-1.0	0.0	-1.0
214	20.0	3.0	1.0
215	25.0	3.0	1.0
216	-1.0	0.0	-1.0
217	0.0	2.0	1.0
218	-1.0	0.0	-1.0
219	27.0	3.0	1.0
220	18.0	3.0	1.0
221	-1.0	0.0	-1.0
222	-1.0	0.0	0.0
223	8.0	3.0	1.0
224	18.0	3.0	1.0
225	-1.0	0.0	-1.0
226	-1.0	0.0	-1.0
227	19.0	2.0	1.0
228	-1.0	0.0	0.0
229	13.0	3.0	1.0
230	-1.0	0.0	0.0
231	0.0	2.0	1.0
232	-1.0	0.0	-1.0
233	-1.0	0.0	-1.0
234	17.0	2.0	1.0
235	-1.0	0.0	-1.0
236	16.0	3.0	1.0
237	-1.0	0.0	-1.0
238	14.0	3.0	1.0
239	14.0	3.0	1.0
240	10.0	3.0	1.0
241	13.0	3.0	1.0
242	16.0	3.0	1.0
243	0.0	2.0	1.0
244	17.0	3.0	1.0
245	-1.0	0.0	-1.0
246	-1.0	0.0	-1.0
247	18.0	3.0	1.0
248	9.0	2.0	1.0
249	-1.0	0.0	-1.0
250	17.0	3.0	1.0
251	-1.0	0.0	-1.0
252	26.0	3.0	1.0
253	-1.0	0.0	-1.0
254	15.0	2.0	1.0
255	-1.0	0.0	-1.0
256	0.0	2.0	1.0
257	-1.0	0.0	-1.0
258	12.0	3.0	1.0
259	-1.0	0.0	-1.0
260	-1.0	0.0	-1.0
261	18.0	3.0	1.0
262	-1.0	0.0	-1.0
263	27.0	3.0	1.0
264	17.0	2.0	1.0
265	22.0	2.0	1.0
266	-1.0	0.0	-1.0
267	-1.0	0.0	-1.0
268	-1.0	0.0	-1.0
269	14.0	3.0	1.0
270	-1.0	0.0	-1.0
271	-1.0	0.0	-1.0
272	0.0	2.0	1.0
273	21.0	3.0	1.0
274	15.0	2.0	1.0
275	27.0	2.0	1.0
276	11.0	3.0	1.0
277	23.0	2.0	1.0
278	0.0	2.0	1.0
279	15.0	2.0	1.0
280	-1.0	0.0	-1.0
281	10.0	2.0	1.0
282	22.0	2.0	1.0
283	11.0	3.0	1.0
284	-1.0	0.0	0.0
285	0.0	2.0	1.0
286	-1.0	0.0	-1.0
287	0.0	2.0	1.0
288	13.0	3.0	1.0
289	-1.0	0.0	-1.0
290	0.0	2.0	1.0
291	-1.0	0.0	0.0
292	-1.0	0.0	-1.0
293	16.0	2.0	1.0
294	0.0	2.0	1.0
295	-1.0	0.0	0.0
296	0.0	2.0	1.0
297	0.0	2.0	1.0
298	-1.0	0.0	-1.0
299	25.0	3.0	1.0
300	27.0	3.0	1.0
301	-1.0	0.0	-1.0
302	26.0	2.0	1.0
303	24.0	2.0	1.0
304	-1.0	0.0	-1.0
305	-1.0	0.0	-1.0
306	-1.0	0.0	0.0
307	10.0	2.0	1.0
308	0.0	2.0	1.0
309	-1.0	0.0	0.0
310	-1.0	0.0	0.0
311	10.0	2.0	1.0
312	-1.0	0.0	-1.0
313	16.0	2.0	1.0
314	10.0	3.0	1.0
315	-1.0	0.0	-1.0
316	-1.0	0.0	0.0
317	-1.0	0.0	0.0
318	16.0	2.0	1.0
319	-1.0	0.0	0.0
320	21.0	3.0	1.0
321	23.0	3.0	1.0
322	11.0	2.0	1.0
323	17.0	3.0	1.0
324	0.0	2.0	1.0
325	25.0	3.0	1.0
326	11.0	2.0	1.0
327	-1.0	0.0	0.0
328	26.0	3.0	1.0
329	12.0	3.0	1.0
330	0.0	2.0	1.0
331	-1.0	0.0	0.0
332	-1.0	0.0	-1.0
333	-1.0	0.0	-1.0
334	15.0	2.0	1.0
335	-1.0	0.0	-1.0
336	14.0	3.0	1.0
337	0.0	2.0	1.0
338	10.0	2.0	1.0
339	16.0	3.0	1.0
340	26.0	3.0	1.0
341	14.0	3.0	1.0
342	-1.0	0.0	-1.0
343	-1.0	0.0	0.0
344	26.0	3.0	1.0
345	10.0	3.0	1.0
346	0.0	2.0	1.0
347	-1.0	0.0	-1.0
348	-1.0	0.0	-1.0
349	-1.0	0.0	0.0
350	-1.0	0.0	0.0
351	25.0	2.0	1.0
352	28.0	3.0	1.0
353	0.0	2.0	1.0
354	22.0	3.0	1.0
355	-1.0	0.0	-1.0
356	22.0	2.0	1.0
357	-1.0	0.0	-1.0
358	-1.0	0.0	0.0
359	0.0	2.0	1.0
360	-1.0	0.0	-1.0
361	-1.0	0.0	0.0
362	11.0	3.0	1.0
363	9.0	2.0	1.0
364	-1.0	0.0	-1.0
365	26.0	3.0	1.0
366	-1.0	0.0	-1.0
367	11.0	2.0	1.0
368	28.0	3.0	1.0
369	15.0	2.0	1.0
370	-1.0	0.0	-1.0
371	0.0	2.0	1.0
372	-1.0	0.0	0.0
373	-1.0	0.0	-1.0
374	-1.0	0.0	-1.0
375	0.0	2.0	1.0
376	-1.0	0.0	0.0
377	-1.0	0.0	-1.0
378	0.0	2.0	1.0
379	20.0	3.0	1.0
380	-1.0	0.0	0.0
381	-1.0	0.0	-1.0
382	0.0	2.0	1.0
383	-1.0	0.0	-1.0
384	24.0	3.0	1.0
385	9.0	2.0	1.0
386	27.0	3.0	1.0
387	0.0	2.0	1.0
388	14.0	3.0	1.0
389	9.0	3.0	1.0
390	25.0	2.0	1.0
391	9.0	2.0	1.0
392	0.0	2.0	1.0
393	-1.0	0.0	-1.0
394	-1.0	0.0	0.0
395	-1.0	0.0	-1.0
396	0.0	2.0	1.0
397	10.0	2.0	1.0
398	27.0	3.0	1.0
399	15.0	2.0	1.0
400	9.0	2.0	1.0
401	9.0	2.0	1.0
402	21.0	2.0	1.0
403	-1.0	0.0	-1.0
404	21.0	3.0	1.0
405	-1.0	0.0	-1.0
406	-1.0	0.0	0.0
407	-1.0	0.0	-1.0
408	-1.0	0.0	-1.0
409	-1.0	0.0	-1.0
410	8.0	2.0	1.0
411	0.0	2.0	1.0
412	22.0	2.0	1.0
413	0.0	2.0	1.0
414	0.0	2.0	1.0
415	14.0	2.0	1.0
416	8.0	2.0	1.0
417	8.0	2.0	1.0
418	22.0	2.0	1.0
419	-1.0	0.0	0.0
420	22.0	2.0	1.0
421	10.0	2.0	1.0
422	20.0	3.0	1.0
423	-1.0	0.0	-1.0
424	15.0	2.0	1.0
425	-1.0	0.0	0.0
426	14.0	3.0	1.0
427	0.0	2.0	1.0
428	-1.0	0.0	0.0
429	-1.0	0.0	0.0
430	8.0	2.0	1.0
431	0.0	2.0	1.0
432	-1.0	0.0	-1.0
433	-1.0	0.0	-1.0
434	-1.0	0.0	0.0
435	13.0	3.0	1.0
436	-1.0	0.0	0.0
437	-1.0	0.0	-1.0
438	-1.0	0.0	-1.0
439	-1.0	0.0	-1.0
440	-1.0	0.0	-1.0
441	-1.0	0.0	0.0
442	-1.0	0.0	0.0
443	0.0	2.0	1.0
444	12.0	2.0	1.0
445	-1.0	0.0	0.0
446	-1.0	0.0	-1.0
447	15.0	2.0	1.0
448	22.0	2.0	1.0
449	16.0	2.0	1.0
450	22.0	3.0	1.0
451	-1.0	0.0	-1.0
452	27.0	3.0	1.0
453	12.0	3.0	1.0
454	-1.0	0.0	-1.0
455	9.0	2.0	1.0
456	16.0	2.0	1.0
457	-1.0	0.0	-1.0
458	26.0	3.0	1.0
459	11.0	2.0	1.0
460	23.0	2.0	1.0
461	-1.0	0.0	0.0
462	-1.0	0.0	-1.0
463	-1.0	0.0	-1.0
464	0.0	2.0	1.0
465	-1.0	0.0	-1.0
466	-1.0	0.0	-1.0
467	-1.0	0.0	-1.0
468	11.0	3.0	1.0
469	0.0	2.0	1.0
470	13.0	3.0	1.0
471	-1.0	0.0	0.0
472	20.0	3.0	1.0
473	26.0	3.0	1.0
474	-1.0	0.0	-1.0
475	23.0	2.0	1.0
476	0.0	2.0	1.0
477	0.0	2.0	1.0
478	28.0	3.0	1.0
479	17.0	3.0	1.0
480	-1.0	0.0	0.0
481	-1.0	0.0	-1.0
482	0.0	2.0	1.0
483	23.0	2.0	1.0
484	0.0	2.0	1.0
485	0.0	2.0	1.0
486	-1.0	0.0	-1.0
487	-1.0	0.0	-1.0
488	-1.0	0.0	-1.0
489	0.0	2.0	1.0
490	-1.0	0.0	-1.0
491	-1.0	0.0	-1.0
492	-1.0	0.0	-1.0
493	-1.0	0.0	-1.0
494	11.0	3.0	1.0
495	-1.0	0.0	0.0
496	22.0	2.0	1.0
497	-1.0	0.0	-1.0
498	0.0	2.0	1.0
499	-1.0	0.0	-1.0
500	-1.0	0.0	-1.0
501	15.0	2.0	1.0
502	0.0	2.0	1.0
503	-1.0	0.0	-1.0
504	0.0	2.0	1.0
505	0.0	2.0	1.0
506	0.0	2.0	1.0
507	10.0	2.0	1.0
508	22.0	2.0	1.0
509	-1.0	0.0	-1.0
510	-1.0	0.0	-1.0
511	0.0	2.0	1.0
512	-1.0	0.0	-1.0
513	10.0	3.0	1.0
514	-1.0	0.0	-1.0
515	22.0	3.0	1.0
516	-1.0	0.0	-1.0
517	-1.0	0.0	0.0
518	15.0	2.0	1.0
519	-1.0	0.0	-1.0
520	0.0	2.0	1.0
521	-1.0	0.0	-1.0
522	26.0	3.0	1.0
523	-1.0	0.0	-1.0
524	0.0	2.0	1.0
525	9.0	2.0	1.0
526	10.0	3.0	1.0
527	0.0	2.0	1.0
528	-1.0	0.0	-1.0
529	21.0	3.0	1.0
530	-1.0	0.0	-1.0
531	21.0	3.0	1.0
532	15.0	2.0	1.0
533	0.0	2.0	1.0
534	-1.0	0.0	0.0
535	-1.0	0.0	-1.0
536	20.0	2.0	1.0
537	-1.0	0.0	0.0
538	-1.0	0.0	-1.0
539	-1.0	0.0	-1.0
540	-1.0	0.0	-1.0
541	8.0	2.0	1.0
542	0.0	2.0	1.0
543	-1.0	0.0	-1.0
544	-1.0	0.0	-1.0
545	-1.0	0.0	0.0
546	17.0	3.0	1.0
547	-1.0	0.0	0.0
548	22.0	2.0	1.0
549	0.0	2.0	1.0
550	-1.0	0.0	-1.0
551	0.0	2.0	1.0
552	-1.0	0.0	0.0
553	20.0	2.0	1.0
554	-1.0	0.0	-1.0
555	-1.0	0.0	-1.0
556	19.0	3.0	1.0
557	-1.0	0.0	-1.0
558	0.0	2.0	1.0
559	-1.0	0.0	-1.0
560	-1.0	0.0	-1.0
561	0.0	2.0	1.0
562	-1.0	0.0	-1.0
563	9.0	2.0	1.0
564	-1.0	0.0	-1.0
565	26.0	2.0	1.0
566	-1.0	0.0	-1.0
567	-1.0	0.0	-1.0
568	0.0	2.0	1.0
569	25.0	2.0	1.0
570	27.0	3.0	1.0
571	-1.0	0.0	-1.0
572	-1.0	0.0	-1.0
573	-1.0	0.0	-1.0
574	0.0	2.0	1.0
575	-1.0	0.0	-1.0
576	-1.0	0.0	-1.0
577	0.0	2.0	1.0
578	-1.0	0.0	-1.0
579	-1.0	0.0	-1.0
580	9.0	2.0	1.0
581	-1.0	0.0	-1.0
582	10.0	2.0	1.0
583	13.0	3.0	1.0
584	-1.0	0.0	0.0
585	-1.0	0.0	-1.0
586	0.0	2.0	1.0
587	-1.0	0.0	-1.0
588	10.0	2.0	1.0
589	0.0	2.0	1.0
590	0.0	2.0	1.0
591	-1.0	0.0	-1.0
592	-1.0	0.0	-1.0
593	28.0	3.0	1.0
594	0.0	2.0	1.0
595	-1.0	0.0	0.0
596	-1.0	0.0	0.0
597	-1.0	0.0	-1.0
598	0.0	2.0	1.0
599	-1.0	0.0	0.0
600	-1.0	0.0	0.0
601	-1.0	0.0	-1.0
602	-1.0	0.0	0.0
603	0.0	2.0	1.0
604	-1.0	0.0	-1.0
605	-1.0	0.0	0.0
606	26.0	2.0	1.0
607	-1.0	0.0	0.0
608	17.0	2.0	1.0
609	-1.0	0.0	-1.0
610	-1.0	0.0	-1.0
611	-1.0	0.0	0.0
612	-1.0	0.0	-1.0
613	-1.0	0.0	-1.0
614	0.0	2.0	1.0
615	-1.0	0.0	-1.0
616	-1.0	0.0	-1.0
617	-1.0	0.0	0.0
618	18.0	3.0	1.0
619	-1.0	0.0	-1.0
620	-1.0	0.0	-1.0
621	-1.0	0.0	0.0
622	-1.0	0.0	-1.0
623	-1.0	0.0	-1.0
624	-1.0	0.0	-1.0
625	11.0	3.0	1.0
626	15.0	2.0	1.0
627	-1.0	0.0	0.0
628	0.0	2.0	1.0
629	9.0	3.0	1.0
630	0.0	2.0	1.0
631	14.0	3.0	1.0
632	-1.0	0.0	-1.0
633	23.0	2.0	1.0
634	19.0	3.0	1.0
635	-1.0	0.0	0.0
636	-1.0	0.0	0.0
637	-1.0	0.0	-1.0
638	-1.0	0.0	-1.0
639	-1.0	0.0	-1.0
640	18.0	2.0	1.0
641	-1.0	0.0	-1.0
642	-1.0	0.0	-1.0
643	11.0	2.0	1.0
644	-1.0	0.0	0.0
645	13.0	2.0	1.0
646	-1.0	0.0	-1.0
647	22.0	2.0	1.0
648	20.0	3.0	1.0
649	-1.0	0.0	-1.0
650	-1.0	0.0	-1.0
651	0.0	2.0	1.0
652	0.0	2.0	1.0
653	-1.0	0.0	-1.0
654	-1.0	0.0	-1.0
655	22.0	2.0	1.0
656	-1.0	0.0	0.0
657	-1.0	0.0	-1.0
658	0.0	2.0	1.0
659	22.0	2.0	1.0
660	24.0	2.0	1.0
661	-1.0	0.0	-1.0
662	0.0	2.0	1.0
663	-1.0	0.0	-1.0
664	-1.0	0.0	-1.0
665	-1.0	0.0	0.0
666	-1.0	0.0	-1.0
667	-1.0	0.0	0.0
668	-1.0	0.0	-1.0
669	14.0	3.0	1.0
670	-1.0	0.0	-1.0
671	-1.0	0.0	-1.0
672	23.0	2.0	1.0
673	26.0	2.0	1.0
674	-1.0	0.0	-1.0
675	0.0	2.0	1.0
676	-1.0	0.0	0.0
677	-1.0	0.0	-1.0
678	22.0	2.0	1.0
679	9.0	2.0	1.0
680	-1.0	0.0	-1.0
681	-1.0	0.0	-1.0
682	0.0	2.0	1.0
683	12.0	3.0	1.0
684	-1.0	0.0	-1.0
685	8.0	2.0	1.0
686	0.0	2.0	1.0
687	0.0	2.0	1.0
688	13.0	3.0	1.0
689	-1.0	0.0	0.0
690	0.0	2.0	1.0
691	8.0	2.0	1.0
692	13.0	3.0	1.0
693	8.0	2.0	1.0
694	-1.0	0.0	-1.0
695	-1.0	0.0	0.0
696	-1.0	0.0	-1.0
697	0.0	2.0	1.0
698	-1.0	0.0	-1.0
699	-1.0	0.0	-1.0
700	-1.0	0.0	-1.0
701	-1.0	0.0	0.0
702	-1.0	0.0	-1.0
703	-1.0	0.0	-1.0
704	-1.0	0.0	-1.0
705	24.0	2.0	1.0
706	-1.0	0.0	0.0
707	-1.0	0.0	-1.0
708	0.0	2.0	1.0
709	-1.0	0.0	0.0
710	-1.0	0.0	0.0
711	-1.0	0.0	-1.0
712	24.0	3.0	1.0
713	-1.0	0.0	0.0
714	19.0	3.0	1.0
715	14.0	3.0	1.0
716	0.0	2.0	1.0
717	-1.0	0.0	-1.0
718	-1.0	0.0	0.0
719	25.0	2.0	1.0
720	17.0	2.0	1.0
721	-1.0	0.0	-1.0
722	-1.0	0.0	-1.0
723	-1.0	0.0	-1.0
724	-1.0	0.0	-1.0
725	8.0	2.0	1.0
726	-1.0	0.0	0.0
727	11.0	2.0	1.0
728	-1.0	0.0	0.0
729	-1.0	0.0	0.0
730	-1.0	0.0	-1.0
731	27.0	3.0	1.0
732	19.0	3.0	1.0
733	-1.0	0.0	-1.0
734	-1.0	0.0	-1.0
735	-1.0	0.0	-1.0
736	-1.0	0.0	0.0
737	-1.0	0.0	0.0
738	-1.0	0.0	-1.0
739	20.0	3.0	1.0
740	24.0	3.0	1.0
741	-1.0	0.0	-1.0
742	21.0	3.0	1.0
743	-1.0	0.0	0.0
744	-1.0	0.0	-1.0
745	-1.0	0.0	-1.0
746	-1.0	0.0	-1.0
747	-1.0	0.0	-1.0
748	0.0	2.0	1.0
749	-1.0	0.0	-1.0
750	-1.0	0.0	-1.0
751	-1.0	0.0	0.0
752	12.0	3.0	1.0
753	-1.0	0.0	-1.0
754	-1.0	0.0	-1.0
755	-1.0	0.0	0.0
756	-1.0	0.0	-1.0
757	-1.0	0.0	-1.0
758	-1.0	0.0	0.0
759	-1.0	0.0	-1.0
760	-1.0	0.0	-1.0
761	0.0	2.0	1.0
762	-1.0	0.0	-1.0
763	-1.0	0.0	-1.0
764	25.0	2.0	1.0
765	-1.0	0.0	-1.0
766	-1.0	0.0	-1.0
767	0.0	2.0	1.0
768	0.0	2.0	1.0
769	0.0	2.0	1.0
770	-1.0	0.0	-1.0
771	-1.0	0.0	0.0
772	18.0	2.0	1.0
773	10.0	3.0	1.0
774	15.0	2.0	1.0
775	-1.0	0.0	-1.0
776	-1.0	0.0	-1.0
777	24.0	3.0	1.0
778	-1.0	0.0	-1.0
779	-1.0	0.0	-1.0
780	23.0	2.0	1.0
781	-1.0	0.0	-1.0
782	0.0	2.0	1.0
783	-1.0	0.0	-1.0
784	0.0	2.0	1.0
785	-1.0	0.0	-1.0
786	21.0	3.0	1.0
787	25.0	2.0	1.0
788	-1.0	0.0	0.0
789	-1.0	0.0	-1.0
790	-1.0	0.0	-1.0
791	-1.0	0.0	0.0
792	-1.0	0.0	-1.0
793	0.0	2.0	1.0
794	24.0	2.0	1.0
795	-1.0	0.0	0.0
796	-1.0	0.0	-1.0
797	16.0	3.0	1.0
798	-1.0	0.0	-1.0
799	13.0	3.0	1.0
800	-1.0	0.0	-1.0
801	-1.0	0.0	-1.0
802	13.0	3.0	1.0
803	20.0	3.0	1.0
804	-1.0	0.0	-1.0
805	-1.0	0.0	-1.0
806	-1.0	0.0	-1.0
807	-1.0	0.0	-1.0
808	24.0	3.0	1.0
809	14.0	3.0	1.0
810	-1.0	0.0	-1.0
811	21.0	3.0	1.0
812	-1.0	0.0	-1.0
813	-1.0	0.0	-1.0
814	-1.0	0.0	0.0
815	18.0	3.0	1.0
816	-1.0	0.0	-1.0
817	-1.0	0.0	-1.0
818	-1.0	0.0	-1.0
819	-1.0	0.0	-1.0
820	-1.0	0.0	-1.0
821	-1.0	0.0	-1.0
822	10.0	2.0	1.0
823	0.0	2.0	1.0
824	-1.0	0.0	-1.0
825	9.0	2.0	1.0
826	16.0	2.0	1.0
827	-1.0	0.0	0.0
828	25.0	3.0	1.0
829	-1.0	0.0	-1.0
830	-1.0	0.0	0.0
831	-1.0	0.0	0.0
832	18.0	2.0	1.0
833	0.0	2.0	1.0
834	22.0	2.0	1.0
835	0.0	2.0	1.0
836	-1.0	0.0	-1.0
837	0.0	2.0	1.0
838	-1.0	0.0	-1.0
839	-1.0	0.0	-1.0
840	-1.0	0.0	-1.0
841	0.0	2.0	1.0
842	10.0	3.0	1.0
843	-1.0	0.0	-1.0
844	25.0	2.0	1.0
845	-1.0	0.0	-1.0
846	-1.0	0.0	-1.0
847	-1.0	0.0	0.0
848	25.0	2.0	1.0
849	-1.0	0.0	-1.0
850	-1.0	0.0	0.0
851	9.0	2.0	1.0
852	-1.0	0.0	-1.0
853	-1.0	0.0	0.0
854	14.0	3.0	1.0
855	-1.0	0.0	-1.0
856	12.0	3.0	1.0
857	-1.0	0.0	-1.0
858	21.0	2.0	1.0
859	10.0	2.0	1.0
860	-1.0	0.0	-1.0
861	15.0	2.0	1.0
862	-1.0	0.0	-1.0
863	0.0	2.0	1.0
864	-1.0	0.0	0.0
865	-1.0	0.0	0.0
866	-1.0	0.0	0.0
867	-1.0	0.0	-1.0
868	-1.0	0.0	0.0
869	-1.0	0.0	0.0
870	-1.0	0.0	-1.0
871	-1.0	0.0	0.0
872	-1.0	0.0	0.0
873	-1.0	0.0	-1.0
874	-1.0	0.0	0.0
875	-1.0	0.0	-1.0
876	26.0	3.0	1.0
877	0.0	2.0	1.0
878	16.0	2.0	1.0
879	-1.0	0.0	-1.0
880	-1.0	0.0	-1.0
881	-1.0	0.0	0.0
882	21.0	3.0	1.0
883	9.0	2.0	1.0
884	22.0	2.0	1.0
885	-1.0	0.0	-1.0
886	27.0	3.0	1.0
887	-1.0	0.0	-1.0
888	0.0	2.0	1.0
889	-1.0	0.0	-1.0
890	-1.0	0.0	-1.0
891	13.0	2.0	1.0
892	0.0	2.0	1.0
893	-1.0	0.0	-1.0
894	16.0	2.0	1.0
895	-1.0	0.0	-1.0
896	22.0	2.0	1.0
897	12.0	2.0	1.0
898	0.0	2.0	1.0
899	16.0	2.0	1.0
900	-1.0	0.0	-1.0
901	0.0	2.0	1.0
902	-1.0	0.0	-1.0
903	-1.0	0.0	-1.0
904	0.0	2.0	1.0
905	-1.0	0.0	-1.0
906	0.0	2.0	1.0
907	-1.0	0.0	-1.0
908	-1.0	0.0	-1.0
909	-1.0	0.0	-1.0
910	-1.0	0.0	0.0
911	-1.0	0.0	-1.0
912	-1.0	0.0	-1.0
913	-1.0	0.0	-1.0
914	26.0	2.0	1.0
915	-1.0	0.0	-1.0
916	-1.0	0.0	-1.0
917	23.0	2.0	1.0
918	0.0	2.0	1.0
919	-1.0	0.0	0.0
920	23.0	2.0	1.0
921	9.0	2.0	1.0
922	0.0	2.0	1.0
923	13.0	2.0	1.0
924	23.0	2.0	1.0
925	-1.0	0.0	-1.0
926	-1.0	0.0	-1.0
927	19.0	2.0	1.0
928	10.0	2.0	1.0
929	22.0	2.0	1.0
930	0.0	2.0	1.0
931	-1.0	0.0	0.0
932	-1.0	0.0	0.0
933	18.0	3.0	1.0
934	14.0	2.0	1.0
935	0.0	2.0	1.0
936	25.0	3.0	1.0
937	24.0	2.0	1.0
938	-1.0	0.0	-1.0
939	-1.0	0.0	-1.0
940	11.0	3.0	1.0
941	0.0	2.0	1.0
942	12.0	2.0	1.0
943	-1.0	0.0	0.0
944	-1.0	0.0	0.0
945	-1.0	0.0	-1.0
946	26.0	2.0	1.0
947	-1.0	0.0	0.0
948	-1.0	0.0	0.0
949	-1.0	0.0	0.0
950	-1.0	0.0	0.0
951	-1.0	0.0	-1.0
952	-1.0	0.0	0.0
953	8.0	2.0	1.0
954	-1.0	0.0	-1.0
955	-1.0	0.0	0.0
956	-1.0	0.0	0.0
957	-1.0	0.0	-1.0
958	-1.0	0.0	0.0
959	-1.0	0.0	0.0
960	-1.0	0.0	0.0
961	-1.0	0.0	-1.0
962	-1.0	0.0	-1.0
963	-1.0	0.0	-1.0
964	-1.0	0.0	-1.0
965	-1.0	0.0	-1.0
966	-1.0	0.0	0.0
967	0.0	2.0	1.0
968	16.0	2.0	1.0
969	-1.0	0.0	-1.0
970	-1.0	0.0	0.0
971	-1.0	0.0	0.0
972	27.0	2.0	1.0
973	-1.0	0.0	-1.0
974	0.0	2.0	1.0
975	28.0	2.0	1.0
976	-1.0	0.0	0.0
977	22.0	2.0	1.0
978	16.0	2.0	1.0
979	-1.0	0.0	0.0
980	-1.0	0.0	-1.0
981	0.0	2.0	1.0
982	-1.0	0.0	0.0
983	13.0	2.0	1.0
984	0.0	2.0	1.0
985	-1.0	0.0	0.0
986	23.0	3.0	1.0
987	0.0	2.0	1.0
988	-1.0	0.0	-1.0
989	0.0	2.0	1.0
990	24.0	2.0	1.0
991	17.0	2.0	1.0
992	-1.0	0.0	0.0
993	-1.0	0.0	0.0
994	-1.0	0.0	-1.0
995	0.0	2.0	1.0
996	-1.0	0.0	-1.0
997	-1.0	0.0	-1.0
998	23.0	2.0	1.0
999	20.0	3.0	1.0
1000	-1.0	0.0	0.0
1001	15.0	2.0	1.0
1002	0.0	2.0	1.0
1003	11.0	2.0	1.0
1004	20.0	3.0	1.0
1005	0.0	2.0	1.0
1006	9.0	2.0	1.0
1007	-1.0	0.0	0.0
1008	17.0	2.0	1.0
1009	23.0	2.0	1.0
1010	-1.0	0.0	-1.0
1011	0.0	2.0	1.0
1012	-1.0	0.0	-1.0
1013	-1.0	0.0	-1.0
1014	-1.0	0.0	0.0
1015	-1.0	0.0	-1.0
1016	-1.0	0.0	-1.0
1017	16.0	2.0	1.0
1018	-1.0	0.0	-1.0
1019	0.0	2.0	1.0
1020	25.0	2.0	1.0
1021	24.0	2.0	1.0
1022	-1.0	0.0	0.0
1023	12.0	2.0	1.0
1024	-1.0	0.0	-1.0
1025	-1.0	0.0	-1.0
1026	-1.0	0.0	-1.0
1027	-1.0	0.0	0.0
1028	0.0	2.0	1.0
1029	-1.0	0.0	0.0
1030	-1.0	0.0	-1.0
1031	-1.0	0.0	0.0
1032	19.0	2.0	1.0
1033	0.0	2.0	1.0
1034	-1.0	0.0	-1.0
1035	-1.0	0.0	0.0
1036	-1.0	0.0	-1.0
1037	-1.0	0.0	0.0
1038	-1.0	0.0	-1.0
1039	-1.0	0.0	-1.0
1040	-1.0	0.0	0.0
1041	0.0	2.0	1.0
1042	0.0	2.0	1.0
1043	-1.0	0.0	0.0
1044	-1.0	0.0	0.0
1045	15.0	2.0	1.0
1046	22.0	2.0	1.0
1047	-1.0	0.0	-1.0
1048	-1.0	0.0	-1.0
1049	-1.0	0.0	-1.0
1050	24.0	3.0	1.0
1051	-1.0	0.0	-1.0
1052	0.0	2.0	1.0
1053	-1.0	0.0	0.0
1054	-1.0	0.0	-1.0
1055	-1.0	0.0	-1.0
1056	14.0	3.0	1.0
1057	17.0	2.0	1.0
1058	23.0	3.0	1.0
1059	24.0	2.0	1.0
1060	0.0	2.0	1.0
1061	-1.0	0.0	-1.0
1062	-1.0	0.0	0.0
1063	27.0	2.0	1.0
1064	-1.0	0.0	-1.0
1065	-1.0	0.0	-1.0
1066	24.0	2.0	1.0
1067	0.0	2.0	1.0
1068	-1.0	0.0	0.0
1069	16.0	2.0	1.0
1070	9.0	2.0	1.0
1071	-1.0	0.0	-1.0
1072	0.0	2.0	1.0
1073	-1.0	0.0	0.0
1074	0.0	2.0	1.0
1075	-1.0	0.0	-1.0
1076	11.0	2.0	1.0
1077	-1.0	0.0	-1.0
1078	-1.0	0.0	0.0
1079	19.0	2.0	1.0
1080	-1.0	0.0	-1.0
1081	-1.0	0.0	-1.0
1082	23.0	3.0	1.0
1083	-1.0	0.0	0.0
1084	-1.0	0.0	0.0
1085	-1.0	0.0	-1.0
1086	-1.0	0.0	0.0
1087	-1.0	0.0	0.0
1088	24.0	2.0	1.0
1089	-1.0	0.0	-1.0
1090	11.0	3.0	1.0
1091	0.0	2.0	1.0
1092	-1.0	0.0	-1.0
1093	16.0	2.0	1.0
1094	-1.0	0.0	-1.0
1095	-1.0	0.0	-1.0
1096	-1.0	0.0	-1.0
1097	-1.0	0.0	-1.0
1098	-1.0	0.0	-1.0
1099	-1.0	0.0	0.0
1100	-1.0	0.0	0.0
1101	-1.0	0.0	0.0
1102	26.0	2.0	1.0
1103	8.0	2.0	1.0
1104	-1.0	0.0	-1.0
1105	-1.0	0.0	0.0
1106	-1.0	0.0	-1.0
1107	-1.0	0.0	-1.0
1108	-1.0	0.0	0.0
1109	-1.0	0.0	0.0
1110	-1.0	0.0	-1.0
1111	-1.0	0.0	-1.0
1112	-1.0	0.0	-1.0
1113	-1.0	0.0	0.0
1114	-1.0	0.0	-1.0
1115	-1.0	0.0	0.0
1116	-1.0	0.0	-1.0
1117	23.0	2.0	1.0
1118	-1.0	0.0	0.0
1119	-1.0	0.0	0.0
1120	-1.0	0.0	-1.0
1121	-1.0	0.0	-1.0
1122	21.0	2.0	1.0
1123	-1.0	0.0	-1.0
1124	-1.0	0.0	-1.0
1125	-1.0	0.0	-1.0
1126	-1.0	0.0	-1.0
1127	-1.0	0.0	-1.0
1128	-1.0	0.0	-1.0
1129	-1.0	0.0	-1.0
1130	0.0	2.0	1.0
1131	-1.0	0.0	-1.0
1132	11.0	3.0	1.0
1133	-1.0	0.0	-1.0
1134	-1.0	0.0	-1.0
1135	-1.0	0.0	-1.0
1136	-1.0	0.0	-1.0
1137	-1.0	0.0	-1.0
1138	15.0	2.0	1.0
1139	-1.0	0.0	-1.0
1140	-1.0	0.0	-1.0
1141	-1.0	0.0	-1.0
1142	-1.0	0.0	-1.0
1143	-1.0	0.0	-1.0
1144	28.0	2.0	1.0
1145	0.0	2.0	1.0
1146	-1.0	0.0	-1.0
1147	-1.0	0.0	-1.0
1148	-1.0	0.0	0.0
1149	-1.0	0.0	-1.0
1150	-1.0	0.0	0.0
1151	-1.0	0.0	-1.0
1152	14.0	2.0	1.0
1153	0.0	2.0	1.0
1154	12.0	2.0	1.0
1155	12.0	3.0	1.0
1156	0.0	2.0	1.0
1157	-1.0	0.0	-1.0
1158	-1.0	0.0	-1.0
1159	19.0	2.0	1.0
1160	-1.0	0.0	0.0
1161	22.0	2.0	1.0
1162	-1.0	0.0	-1.0
1163	-1.0	0.0	0.0
1164	-1.0	0.0	-1.0
1165	10.0	2.0	1.0
1166	-1.0	0.0	-1.0
1167	-1.0	0.0	-1.0
1168	18.0	2.0	1.0
1169	25.0	3.0	1.0
1170	16.0	2.0	1.0
1171	-1.0	0.0	0.0
1172	-1.0	0.0	-1.0
1173	-1.0	0.0	0.0
1174	-1.0	0.0	-1.0
1175	-1.0	0.0	-1.0
1176	-1.0	0.0	0.0
1177	16.0	2.0	1.0
1178	-1.0	0.0	-1.0
1179	19.0	2.0	1.0
1180	12.0	3.0	1.0
1181	11.0	2.0	1.0
1182	10.0	2.0	1.0
1183	28.0	2.0	1.0
1184	-1.0	0.0	-1.0
1185	9.0	2.0	1.0
1186	-1.0	0.0	0.0
1187	-1.0	0.0	-1.0
1188	-1.0	0.0	-1.0
1189	-1.0	0.0	0.0
1190	10.0	2.0	1.0
1191	18.0	3.0	1.0
1192	28.0	3.0	1.0
1193	16.0	2.0	1.0
1194	26.0	3.0	1.0
1195	15.0	2.0	1.0
1196	0.0	2.0	1.0
1197	-1.0	0.0	-1.0
1198	18.0	2.0	1.0
1199	0.0	2.0	1.0
1200	-1.0	0.0	-1.0
1201	-1.0	0.0	0.0
1202	-1.0	0.0	0.0
1203	-1.0	0.0	-1.0
1204	-1.0	0.0	0.0
1205	-1.0	0.0	-1.0
1206	-1.0	0.0	-1.0
1207	-1.0	0.0	-1.0
1208	-1.0	0.0	-1.0
1209	20.0	2.0	1.0
1210	-1.0	0.0	0.0
1211	-1.0	0.0	0.0
1212	-1.0	0.0	-1.0
1213	-1.0	0.0	-1.0
1214	-1.0	0.0	-1.0
1215	-1.0	0.0	-1.0
1216	-1.0	0.0	0.0
1217	-1.0	0.0	0.0
1218	-1.0	0.0	-1.0
1219	-1.0	0.0	-1.0
1220	0.0	2.0	1.0
1221	-1.0	0.0	0.0
1222	0.0	2.0	1.0
1223	-1.0	0.0	-1.0
1224	-1.0	0.0	0.0
1225	-1.0	0.0	-1.0
1226	-1.0	0.0	-1.0
1227	0.0	2.0	1.0
1228	-1.0	0.0	-1.0
1229	-1.0	0.0	0.0
1230	-1.0	0.0	0.0
1231	10.0	2.0	1.0
1232	-1.0	0.0	-1.0
1233	26.0	3.0	1.0
1234	-1.0	0.0	0.0
1235	-1.0	0.0	0.0
1236	-1.0	0.0	0.0
1237	-1.0	0.0	-1.0
1238	-1.0	0.0	0.0
1239	-1.0	0.0	0.0
1240	-1.0	0.0	0.0
1241	-1.0	0.0	0.0
1242	-1.0	0.0	0.0
1243	-1.0	0.0	0.0
1244	-1.0	0.0	-1.0
1245	10.0	2.0	1.0
1246	-1.0	0.0	-1.0
1247	-1.0	0.0	0.0
1248	0.0	2.0	1.0
1249	-1.0	0.0	-1.0
1250	22.0	2.0	1.0
1251	-1.0	0.0	0.0
1252	19.0	2.0	1.0
1253	17.0	3.0	1.0
1254	11.0	2.0	1.0
1255	-1.0	0.0	-1.0
1256	-1.0	0.0	-1.0
1257	-1.0	0.0	0.0
1258	-1.0	0.0	0.0
1259	-1.0	0.0	0.0
1260	-1.0	0.0	-1.0
1261	-1.0	0.0	-1.0
1262	-1.0	0.0	0.0
1263	-1.0	0.0	-1.0
1264	10.0	2.0	1.0
1265	-1.0	0.0	-1.0
1266	-1.0	0.0	-1.0
1267	-1.0	0.0	-1.0
1268	16.0	2.0	1.0
1269	13.0	3.0	1.0
1270	-1.0	0.0	0.0
1271	-1.0	0.0	-1.0
1272	-1.0	0.0	-1.0
1273	0.0	2.0	1.0
1274	-1.0	0.0	-1.0
1275	17.0	2.0	1.0
1276	-1.0	0.0	-1.0
1277	0.0	2.0	1.0
1278	-1.0	0.0	-1.0
1279	-1.0	0.0	-1.0
1280	0.0	2.0	1.0
1281	-1.0	0.0	0.0
1282	-1.0	0.0	0.0
1283	22.0	2.0	1.0
1284	-1.0	0.0	-1.0
1285	-1.0	0.0	-1.0
1286	-1.0	0.0	-1.0
1287	-1.0	0.0	0.0
1288	-1.0	0.0	-1.0
1289	22.0	2.0	1.0
1290	22.0	2.0	1.0
1291	-1.0	0.0	-1.0
1292	22.0	2.0	1.0
1293	-1.0	0.0	0.0
1294	-1.0	0.0	0.0
1295	-1.0	0.0	0.0
1296	-1.0	0.0	0.0
1297	-1.0	0.0	0.0
1298	-1.0	0.0	-1.0
1299	-1.0	0.0	0.0
1300	-1.0	0.0	-1.0
1301	-1.0	0.0	-1.0
1302	-1.0	0.0	-1.0
1303	9.0	2.0	1.0
1304	-1.0	0.0	0.0
1305	16.0	2.0	1.0
1306	-1.0	0.0	-1.0
1307	-1.0	0.0	-1.0
1308	-1.0	0.0	-1.0
1309	-1.0	0.0	-1.0
1310	-1.0	0.0	-1.0
1311	-1.0	0.0	-1.0
1312	-1.0	0.0	0.0
1313	0.0	2.0	1.0
1314	0.0	2.0	1.0
1315	28.0	2.0	1.0
1316	-1.0	0.0	-1.0
1317	-1.0	0.0	-1.0
1318	-1.0	0.0	0.0
1319	0.0	2.0	1.0
1320	12.0	2.0	1.0
1321	-1.0	0.0	-1.0
1322	-1.0	0.0	0.0
1323	13.0	3.0	1.0
1324	-1.0	0.0	0.0
1325	-1.0	0.0	-1.0
1326	-1.0	0.0	-1.0
1327	-1.0	0.0	0.0
1328	10.0	2.0	1.0
1329	-1.0	0.0	0.0
1330	-1.0	0.0	-1.0
1331	-1.0	0.0	0.0
1332	-1.0	0.0	0.0
1333	-1.0	0.0	-1.0
1334	-1.0	0.0	0.0
1335	-1.0	0.0	0.0
1336	13.0	2.0	1.0
1337	-1.0	0.0	-1.0
1338	21.0	2.0	1.0
1339	-1.0	0.0	-1.0
1340	-1.0	0.0	0.0
1341	13.0	3.0	1.0
1342	-1.0	0.0	-1.0
1343	-1.0	0.0	-1.0
1344	-1.0	0.0	0.0
1345	-1.0	0.0	0.0
1346	-1.0	0.0	0.0
1347	-1.0	0.0	-1.0
1348	-1.0	0.0	-1.0
1349	-1.0	0.0	0.0
1350	-1.0	0.0	0.0
1351	-1.0	0.0	0.0
1352	0.0	2.0	1.0
1353	-1.0	0.0	-1.0
1354	25.0	3.0	1.0
1355	-1.0	0.0	-1.0
1356	23.0	2.0	1.0
1357	15.0	2.0	1.0
1358	-1.0	0.0	-1.0
1359	-1.0	0.0	-1.0
1360	-1.0	0.0	0.0
1361	-1.0	0.0	0.0
1362	-1.0	0.0	-1.0
1363	-1.0	0.0	-1.0
1364	-1.0	0.0	0.0
1365	-1.0	0.0	0.0
1366	-1.0	0.0	-1.0
1367	16.0	2.0	1.0
1368	18.0	2.0	1.0
1369	-1.0	0.0	-1.0
1370	-1.0	0.0	-1.0
1371	-1.0	0.0	-1.0
1372	-1.0	0.0	0.0
1373	-1.0	0.0	-1.0
1374	0.0	2.0	1.0
1375	-1.0	0.0	-1.0
1376	-1.0	0.0	-1.0
1377	-1.0	0.0	0.0
1378	-1.0	0.0	-1.0
1379	-1.0	0.0	0.0
1380	0.0	2.0	1.0
1381	28.0	2.0	1.0
1382	-1.0	0.0	0.0
1383	-1.0	0.0	0.0
1384	-1.0	0.0	-1.0
1385	-1.0	0.0	-1.0
1386	-1.0	0.0	-1.0
1387	-1.0	0.0	0.0
1388	-1.0	0.0	-1.0
1389	-1.0	0.0	0.0
1390	18.0	2.0	1.0
1391	16.0	2.0	1.0
1392	-1.0	0.0	0.0
1393	-1.0	0.0	0.0
1394	22.0	2.0	1.0
1395	25.0	2.0	1.0
1396	-1.0	0.0	0.0
1397	-1.0	0.0	0.0
1398	-1.0	0.0	-1.0
1399	-1.0	0.0	0.0
1400	0.0	2.0	1.0
1401	-1.0	0.0	-1.0
1402	0.0	2.0	1.0
1403	0.0	2.0	1.0
1404	-1.0	0.0	-1.0
1405	25.0	2.0	1.0
1406	-1.0	0.0	-1.0
1407	-1.0	0.0	-1.0
1408	-1.0	0.0	-1.0
1409	-1.0	0.0	-1.0
1410	-1.0	0.0	-1.0
1411	-1.0	0.0	-1.0
1412	-1.0	0.0	-1.0
1413	-1.0	0.0	-1.0
1414	0.0	2.0	1.0
1415	26.0	2.0	1.0
1416	0.0	2.0	1.0
1417	-1.0	0.0	-1.0
1418	-1.0	0.0	-1.0
1419	-1.0	0.0	-1.0
1420	-1.0	0.0	-1.0
1421	17.0	2.0	1.0
1422	-1.0	0.0	-1.0
1423	-1.0	0.0	0.0
1424	12.0	3.0	1.0
1425	-1.0	0.0	-1.0
1426	-1.0	0.0	0.0
1427	0.0	2.0	1.0
1428	-1.0	0.0	-1.0
1429	-1.0	0.0	-1.0
1430	-1.0	0.0	-1.0
1431	21.0	3.0	1.0
1432	-1.0	0.0	-1.0
1433	-1.0	0.0	0.0
1434	-1.0	0.0	0.0
1435	14.0	3.0	1.0
1436	-1.0	0.0	0.0
1437	-1.0	0.0	-1.0
1438	-1.0	0.0	0.0
1439	-1.0	0.0	-1.0
1440	-1.0	0.0	-1.0
1441	-1.0	0.0	-1.0
1442	0.0	2.0	1.0
1443	0.0	2.0	1.0
1444	-1.0	0.0	-1.0
1445	0.0	2.0	1.0
1446	-1.0	0.0	-1.0
1447	-1.0	0.0	-1.0
1448	-1.0	0.0	-1.0
1449	-1.0	0.0	-1.0
1450	-1.0	0.0	-1.0
1451	-1.0	0.0	0.0
1452	13.0	2.0	1.0
1453	-1.0	0.0	0.0
1454	20.0	2.0	1.0
1455	-1.0	0.0	-1.0
1456	25.0	2.0	1.0
1457	-1.0	0.0	0.0
1458	17.0	3.0	1.0
1459	-1.0	0.0	-1.0
1460	-1.0	0.0	-1.0
1461	-1.0	0.0	0.0
1462	-1.0	0.0	0.0
1463	-1.0	0.0	-1.0
1464	-1.0	0.0	0.0
1465	19.0	3.0	1.0
1466	-1.0	0.0	-1.0
1467	12.0	3.0	1.0
1468	-1.0	0.0	0.0
1469	-1.0	0.0	-1.0
1470	-1.0	0.0	0.0
1471	-1.0	0.0	-1.0
1472	15.0	2.0	1.0
1473	-1.0	0.0	-1.0
1474	-1.0	0.0	0.0
1475	-1.0	0.0	-1.0
1476	-1.0	0.0	-1.0
1477	-1.0	0.0	-1.0
1478	-1.0	0.0	-1.0
1479	0.0	2.0	1.0
1480	-1.0	0.0	-1.0
1481	-1.0	0.0	-1.0
1482	-1.0	0.0	-1.0
1483	-1.0	0.0	0.0
1484	-1.0	0.0	-1.0
1485	0.0	2.0	1.0
1486	-1.0	0.0	-1.0
1487	-1.0	0.0	-1.0
1488	-1.0	0.0	-1.0
1489	0.0	2.0	1.0
1490	-1.0	0.0	0.0
1491	0.0	2.0	1.0
1492	0.0	2.0	1.0
1493	14.0	2.0	1.0
1494	10.0	2.0	1.0
1495	0.0	2.0	1.0
1496	-1.0	0.0	-1.0
1497	-1.0	0.0	-1.0
1498	-1.0	0.0	-1.0
1499	-1.0	0.0	-1.0
1500	-1.0	0.0	0.0
1501	0.0	2.0	1.0
1502	17.0	2.0	1.0
1503	-1.0	0.0	0.0
1504	-1.0	0.0	0.0
1505	-1.0	0.0	-1.0
1506	21.0	3.0	1.0
1507	-1.0	0.0	-1.0
1508	-1.0	0.0	-1.0
1509	-1.0	0.0	-1.0
1510	0.0	2.0	1.0
1511	-1.0	0.0	0.0
1512	-1.0	0.0	-1.0
1513	-1.0	0.0	0.0
1514	0.0	2.0	1.0
1515	-1.0	0.0	-1.0
1516	-1.0	0.0	0.0
1517	21.0	2.0	1.0
1518	0.0	2.0	1.0
1519	0.0	2.0	1.0
1520	-1.0	0.0	-1.0
1521	-1.0	0.0	-1.0
1522	-1.0	0.0	-1.0
1523	-1.0	0.0	-1.0
1524	-1.0	0.0	0.0
1525	-1.0	0.0	0.0
1526	-1.0	0.0	-1.0
1527	-1.0	0.0	-1.0
1528	-1.0	0.0	0.0
1529	-1.0	0.0	0.0
1530	-1.0	0.0	0.0
1531	-1.0	0.0	-1.0
1532	-1.0	0.0	-1.0
1533	-1.0	0.0	0.0
1534	0.0	2.0	1.0
1535	-1.0	0.0	-1.0
1536	27.0	3.0	1.0
1537	0.0	2.0	1.0
1538	-1.0	0.0	0.0
1539	-1.0	0.0	-1.0
1540	0.0	2.0	1.0
1541	-1.0	0.0	0.0
1542	-1.0	0.0	0.0
1543	25.0	3.0	1.0
1544	-1.0	0.0	-1.0
1545	-1.0	0.0	0.0
1546	12.0	2.0	1.0
1547	16.0	2.0	1.0
1548	-1.0	0.0	0.0
1549	-1.0	0.0	-1.0
1550	-1.0	0.0	0.0
1551	-1.0	0.0	0.0
1552	-1.0	0.0	-1.0
1553	0.0	2.0	1.0
1554	-1.0	0.0	0.0
1555	-1.0	0.0	-1.0
1556	-1.0	0.0	0.0
1557	-1.0	0.0	-1.0
1558	-1.0	0.0	-1.0
1559	25.0	2.0	1.0
1560	26.0	3.0	1.0
1561	-1.0	0.0	-1.0
1562	-1.0	0.0	0.0
1563	10.0	3.0	1.0
1564	25.0	2.0	1.0
1565	-1.0	0.0	0.0
1566	0.0	2.0	1.0
1567	-1.0	0.0	-1.0
1568	-1.0	0.0	-1.0
1569	20.0	3.0	1.0
1570	-1.0	0.0	0.0
1571	-1.0	0.0	-1.0
1572	25.0	3.0	1.0
1573	-1.0	0.0	-1.0
1574	13.0	3.0	1.0
1575	-1.0	0.0	-1.0
1576	-1.0	0.0	-1.0
1577	0.0	2.0	1.0
1578	-1.0	0.0	-1.0
1579	-1.0	0.0	0.0
1580	-1.0	0.0	-1.0
1581	-1.0	0.0	0.0
1582	-1.0	0.0	-1.0
1583	0.0	2.0	1.0
1584	9.0	3.0	1.0
1585	-1.0	0.0	-1.0
1586	-1.0	0.0	0.0
1587	-1.0	0.0	-1.0
1588	23.0	3.0	1.0
1589	-1.0	0.0	-1.0
1590	0.0	2.0	1.0
1591	-1.0	0.0	-1.0
1592	-1.0	0.0	0.0
1593	-1.0	0.0	-1.0
1594	-1.0	0.0	-1.0
1595	-1.0	0.0	-1.0
1596	-1.0	0.0	0.0
1597	-1.0	0.0	0.0
1598	-1.0	0.0	0.0
1599	25.0	2.0	1.0
1600	8.0	2.0	1.0
1601	-1.0	0.0	-1.0
1602	-1.0	0.0	-1.0
1603	-1.0	0.0	-1.0
1604	23.0	3.0	1.0
1605	-1.0	0.0	-1.0
1606	-1.0	0.0	-1.0
1607	-1.0	0.0	-1.0
1608	-1.0	0.0	0.0
1609	8.0	2.0	1.0
1610	-1.0	0.0	0.0
1611	-1.0	0.0	-1.0
1612	-1.0	0.0	-1.0
1613	-1.0	0.0	-1.0
1614	-1.0	0.0	0.0
1615	-1.0	0.0	-1.0
1616	-1.0	0.0	0.0
1617	-1.0	0.0	0.0
1618	-1.0	0.0	0.0
1619	-1.0	0.0	-1.0
1620	0.0	2.0	1.0
1621	15.0	2.0	1.0
1622	-1.0	0.0	0.0
1623	-1.0	0.0	-1.0
1624	-1.0	0.0	0.0
1625	-1.0	0.0	-1.0
1626	0.0	2.0	1.0
1627	-1.0	0.0	-1.0
1628	-1.0	0.0	0.0
1629	-1.0	0.0	-1.0
1630	-1.0	0.0	0.0
1631	-1.0	0.0	-1.0
1632	-1.0	0.0	-1.0
1633	0.0	2.0	1.0
1634	0.0	2.0	1.0
1635	17.0	2.0	1.0
1636	-1.0	0.0	-1.0
1637	0.0	2.0	1.0
1638	23.0	3.0	1.0
1639	26.0	3.0	1.0
1640	-1.0	0.0	-1.0
1641	-1.0	0.0	-1.0
1642	-1.0	0.0	-1.0
1643	10.0	3.0	1.0
1644	-1.0	0.0	0.0
1645	-1.0	0.0	-1.0
1646	-1.0	0.0	0.0
1647	-1.0	0.0	-1.0
1648	-1.0	0.0	0.0
1649	-1.0	0.0	-1.0
1650	0.0	0.0	0.0
