index	outport	cost	SuccessFlag
0	0.0	2.0	1.0
1	22.0	2.0	1.0
2	12.0	3.0	1.0
3	21.0	3.0	1.0
4	8.0	2.0	1.0
5	11.0	3.0	1.0
6	15.0	2.0	1.0
7	12.0	3.0	1.0
8	8.0	2.0	1.0
9	0.0	2.0	1.0
10	14.0	3.0	1.0
11	-1.0	0.0	0.0
12	12.0	3.0	1.0
13	11.0	3.0	1.0
14	15.0	2.0	1.0
15	12.0	3.0	1.0
16	0.0	2.0	1.0
17	20.0	3.0	1.0
18	20.0	3.0	1.0
19	0.0	2.0	1.0
20	20.0	3.0	1.0
21	15.0	3.0	1.0
22	16.0	2.0	1.0
23	0.0	2.0	1.0
24	23.0	3.0	1.0
25	9.0	3.0	1.0
26	17.0	2.0	1.0
27	26.0	3.0	1.0
28	28.0	3.0	1.0
29	0.0	2.0	1.0
30	14.0	3.0	1.0
31	22.0	2.0	1.0
32	8.0	2.0	1.0
33	24.0	3.0	1.0
34	23.0	3.0	1.0
35	25.0	3.0	1.0
36	25.0	3.0	1.0
37	10.0	3.0	1.0
38	19.0	3.0	1.0
39	0.0	2.0	1.0
40	8.0	2.0	1.0
41	22.0	3.0	1.0
42	0.0	2.0	1.0
43	16.0	3.0	1.0
44	8.0	2.0	1.0
45	18.0	3.0	1.0
46	15.0	2.0	1.0
47	0.0	2.0	1.0
48	25.0	3.0	1.0
49	14.0	3.0	1.0
50	27.0	3.0	1.0
51	8.0	3.0	1.0
52	20.0	3.0	1.0
53	0.0	2.0	1.0
54	16.0	2.0	1.0
55	0.0	2.0	1.0
56	28.0	3.0	1.0
57	0.0	2.0	1.0
58	0.0	2.0	1.0
59	11.0	3.0	1.0
60	0.0	2.0	1.0
61	24.0	3.0	1.0
62	28.0	3.0	1.0
63	22.0	2.0	1.0
64	0.0	2.0	1.0
65	10.0	3.0	1.0
66	0.0	2.0	1.0
67	20.0	3.0	1.0
68	0.0	2.0	1.0
69	0.0	2.0	1.0
70	18.0	3.0	1.0
71	-1.0	0.0	0.0
72	8.0	2.0	1.0
73	9.0	3.0	1.0
74	21.0	3.0	1.0
75	20.0	3.0	1.0
76	13.0	3.0	1.0
77	-1.0	0.0	0.0
78	10.0	3.0	1.0
79	-1.0	0.0	0.0
80	22.0	3.0	1.0
81	21.0	3.0	1.0
82	8.0	2.0	1.0
83	26.0	3.0	1.0
84	-1.0	0.0	-1.0
85	-1.0	0.0	-1.0
86	-1.0	0.0	-1.0
87	10.0	3.0	1.0
88	11.0	3.0	1.0
89	18.0	3.0	1.0
90	22.0	2.0	1.0
91	0.0	2.0	1.0
92	-1.0	0.0	-1.0
93	-1.0	0.0	-1.0
94	0.0	2.0	1.0
95	22.0	2.0	1.0
96	13.0	3.0	1.0
97	22.0	2.0	1.0
98	10.0	3.0	1.0
99	24.0	3.0	1.0
100	26.0	3.0	1.0
101	-1.0	0.0	-1.0
102	17.0	3.0	1.0
103	18.0	3.0	1.0
104	8.0	2.0	1.0
105	28.0	3.0	1.0
106	18.0	3.0	1.0
107	14.0	3.0	1.0
108	16.0	2.0	1.0
109	26.0	3.0	1.0
110	23.0	2.0	1.0
111	22.0	2.0	1.0
112	21.0	3.0	1.0
113	9.0	2.0	1.0
114	-1.0	0.0	0.0
115	12.0	3.0	1.0
116	22.0	2.0	1.0
117	10.0	3.0	1.0
118	15.0	2.0	1.0
119	0.0	2.0	1.0
120	0.0	2.0	1.0
121	0.0	2.0	1.0
122	-1.0	0.0	-1.0
123	22.0	2.0	1.0
124	22.0	3.0	1.0
125	27.0	3.0	1.0
126	11.0	3.0	1.0
127	0.0	2.0	1.0
128	-1.0	0.0	-1.0
129	-1.0	0.0	-1.0
130	23.0	3.0	1.0
131	17.0	3.0	1.0
132	23.0	2.0	1.0
133	17.0	3.0	1.0
134	21.0	3.0	1.0
135	9.0	3.0	1.0
136	11.0	3.0	1.0
137	22.0	2.0	1.0
138	16.0	2.0	1.0
139	0.0	2.0	1.0
140	16.0	2.0	1.0
141	24.0	3.0	1.0
142	0.0	2.0	1.0
143	0.0	2.0	1.0
144	23.0	2.0	1.0
145	28.0	3.0	1.0
146	23.0	3.0	1.0
147	0.0	2.0	1.0
148	-1.0	0.0	-1.0
149	24.0	3.0	1.0
150	-1.0	0.0	-1.0
151	0.0	2.0	1.0
152	12.0	3.0	1.0
153	19.0	3.0	1.0
154	19.0	3.0	1.0
155	-1.0	0.0	-1.0
156	17.0	3.0	1.0
157	-1.0	0.0	-1.0
158	0.0	2.0	1.0
159	-1.0	0.0	-1.0
160	-1.0	0.0	0.0
161	-1.0	0.0	-1.0
162	15.0	2.0	1.0
163	19.0	3.0	1.0
164	22.0	2.0	1.0
165	27.0	3.0	1.0
166	-1.0	0.0	-1.0
167	11.0	3.0	1.0
168	0.0	2.0	1.0
169	26.0	3.0	1.0
170	23.0	3.0	1.0
171	0.0	2.0	1.0
172	-1.0	0.0	0.0
173	-1.0	0.0	-1.0
174	9.0	2.0	1.0
175	10.0	2.0	1.0
176	18.0	3.0	1.0
177	-1.0	0.0	-1.0
178	23.0	3.0	1.0
179	-1.0	0.0	-1.0
180	0.0	2.0	1.0
181	-1.0	0.0	0.0
182	15.0	3.0	1.0
183	18.0	3.0	1.0
184	0.0	2.0	1.0
185	0.0	2.0	1.0
186	0.0	2.0	1.0
187	0.0	2.0	1.0
188	17.0	3.0	1.0
189	-1.0	0.0	-1.0
190	18.0	3.0	1.0
191	0.0	2.0	1.0
192	0.0	2.0	1.0
193	-1.0	0.0	-1.0
194	23.0	2.0	1.0
195	-1.0	0.0	-1.0
196	23.0	3.0	1.0
197	0.0	2.0	1.0
198	0.0	2.0	1.0
199	-1.0	0.0	-1.0
200	-1.0	0.0	0.0
201	9.0	2.0	1.0
202	22.0	3.0	1.0
203	24.0	2.0	1.0
204	12.0	3.0	1.0
205	16.0	2.0	1.0
206	0.0	2.0	1.0
207	-1.0	0.0	-1.0
208	26.0	3.0	1.0
209	-1.0	0.0	-1.0
210	0.0	2.0	1.0
211	9.0	2.0	1.0
212	-1.0	0.0	-1.0
213	0.0	2.0	1.0
214	10.0	3.0	1.0
215	-1.0	0.0	-1.0
216	22.0	2.0	1.0
217	-1.0	0.0	-1.0
218	11.0	3.0	1.0
219	15.0	2.0	1.0
220	9.0	3.0	1.0
221	0.0	2.0	1.0
222	24.0	2.0	1.0
223	-1.0	0.0	-1.0
224	22.0	3.0	1.0
225	25.0	3.0	1.0
226	23.0	3.0	1.0
227	0.0	2.0	1.0
228	0.0	2.0	1.0
229	0.0	2.0	1.0
230	-1.0	0.0	-1.0
231	26.0	3.0	1.0
232	-1.0	0.0	0.0
233	0.0	2.0	1.0
234	-1.0	0.0	0.0
235	-1.0	0.0	-1.0
236	8.0	2.0	1.0
237	22.0	2.0	1.0
238	23.0	2.0	1.0
239	-1.0	0.0	-1.0
240	-1.0	0.0	-1.0
241	-1.0	0.0	-1.0
242	11.0	3.0	1.0
243	-1.0	0.0	-1.0
244	15.0	2.0	1.0
245	16.0	2.0	1.0
246	-1.0	0.0	-1.0
247	18.0	3.0	1.0
248	19.0	3.0	1.0
249	15.0	2.0	1.0
250	-1.0	0.0	-1.0
251	26.0	3.0	1.0
252	25.0	2.0	1.0
253	15.0	2.0	1.0
254	-1.0	0.0	0.0
255	-1.0	0.0	-1.0
256	8.0	3.0	1.0
257	-1.0	0.0	-1.0
258	10.0	3.0	1.0
259	-1.0	0.0	0.0
260	0.0	2.0	1.0
261	9.0	2.0	1.0
262	25.0	3.0	1.0
263	18.0	2.0	1.0
264	-1.0	0.0	-1.0
265	17.0	3.0	1.0
266	0.0	2.0	1.0
267	23.0	2.0	1.0
268	8.0	2.0	1.0
269	-1.0	0.0	0.0
270	-1.0	0.0	0.0
271	-1.0	0.0	0.0
272	22.0	2.0	1.0
273	-1.0	0.0	0.0
274	18.0	2.0	1.0
275	0.0	2.0	1.0
276	22.0	2.0	1.0
277	-1.0	0.0	0.0
278	24.0	2.0	1.0
279	22.0	2.0	1.0
280	28.0	3.0	1.0
281	-1.0	0.0	-1.0
282	-1.0	0.0	0.0
283	15.0	2.0	1.0
284	23.0	2.0	1.0
285	-1.0	0.0	-1.0
286	0.0	2.0	1.0
287	-1.0	0.0	-1.0
288	-1.0	0.0	0.0
289	-1.0	0.0	-1.0
290	25.0	3.0	1.0
291	8.0	2.0	1.0
292	-1.0	0.0	-1.0
293	0.0	2.0	1.0
294	-1.0	0.0	-1.0
295	10.0	2.0	1.0
296	-1.0	0.0	-1.0
297	14.0	3.0	1.0
298	-1.0	0.0	-1.0
299	-1.0	0.0	-1.0
300	0.0	2.0	1.0
301	0.0	2.0	1.0
302	-1.0	0.0	-1.0
303	-1.0	0.0	-1.0
304	16.0	2.0	1.0
305	22.0	3.0	1.0
306	22.0	2.0	1.0
307	-1.0	0.0	-1.0
308	15.0	2.0	1.0
309	0.0	2.0	1.0
310	-1.0	0.0	-1.0
311	9.0	2.0	1.0
312	-1.0	0.0	-1.0
313	14.0	3.0	1.0
314	10.0	2.0	1.0
315	15.0	2.0	1.0
316	28.0	3.0	1.0
317	-1.0	0.0	-1.0
318	-1.0	0.0	-1.0
319	17.0	3.0	1.0
320	9.0	2.0	1.0
321	13.0	2.0	1.0
322	-1.0	0.0	-1.0
323	15.0	2.0	1.0
324	-1.0	0.0	-1.0
325	-1.0	0.0	-1.0
326	0.0	2.0	1.0
327	23.0	2.0	1.0
328	12.0	3.0	1.0
329	-1.0	0.0	-1.0
330	-1.0	0.0	-1.0
331	-1.0	0.0	-1.0
332	24.0	2.0	1.0
333	25.0	2.0	1.0
334	8.0	2.0	1.0
335	-1.0	0.0	-1.0
336	-1.0	0.0	0.0
337	-1.0	0.0	-1.0
338	12.0	3.0	1.0
339	8.0	2.0	1.0
340	-1.0	0.0	-1.0
341	22.0	3.0	1.0
342	15.0	2.0	1.0
343	19.0	2.0	1.0
344	12.0	3.0	1.0
345	25.0	2.0	1.0
346	-1.0	0.0	-1.0
347	9.0	2.0	1.0
348	-1.0	0.0	0.0
349	19.0	3.0	1.0
350	-1.0	0.0	-1.0
351	0.0	2.0	1.0
352	-1.0	0.0	-1.0
353	0.0	2.0	1.0
354	9.0	2.0	1.0
355	27.0	3.0	1.0
356	23.0	3.0	1.0
357	-1.0	0.0	-1.0
358	18.0	3.0	1.0
359	-1.0	0.0	-1.0
360	17.0	3.0	1.0
361	22.0	2.0	1.0
362	27.0	3.0	1.0
363	-1.0	0.0	-1.0
364	27.0	3.0	1.0
365	22.0	2.0	1.0
366	0.0	2.0	1.0
367	13.0	3.0	1.0
368	-1.0	0.0	-1.0
369	-1.0	0.0	-1.0
370	-1.0	0.0	-1.0
371	9.0	3.0	1.0
372	15.0	3.0	1.0
373	28.0	3.0	1.0
374	24.0	3.0	1.0
375	10.0	3.0	1.0
376	-1.0	0.0	-1.0
377	-1.0	0.0	-1.0
378	14.0	3.0	1.0
379	-1.0	0.0	-1.0
380	17.0	3.0	1.0
381	16.0	2.0	1.0
382	20.0	3.0	1.0
383	19.0	3.0	1.0
384	-1.0	0.0	-1.0
385	-1.0	0.0	-1.0
386	26.0	3.0	1.0
387	-1.0	0.0	0.0
388	-1.0	0.0	-1.0
389	-1.0	0.0	-1.0
390	-1.0	0.0	-1.0
391	0.0	2.0	1.0
392	-1.0	0.0	0.0
393	-1.0	0.0	-1.0
394	27.0	3.0	1.0
395	-1.0	0.0	-1.0
396	-1.0	0.0	0.0
397	13.0	3.0	1.0
398	-1.0	0.0	-1.0
399	-1.0	0.0	-1.0
400	-1.0	0.0	-1.0
401	24.0	3.0	1.0
402	-1.0	0.0	0.0
403	-1.0	0.0	0.0
404	23.0	2.0	1.0
405	-1.0	0.0	0.0
406	19.0	3.0	1.0
407	-1.0	0.0	-1.0
408	24.0	2.0	1.0
409	25.0	2.0	1.0
410	-1.0	0.0	-1.0
411	12.0	3.0	1.0
412	-1.0	0.0	-1.0
413	-1.0	0.0	0.0
414	0.0	2.0	1.0
415	-1.0	0.0	-1.0
416	-1.0	0.0	-1.0
417	17.0	2.0	1.0
418	0.0	2.0	1.0
419	23.0	2.0	1.0
420	25.0	2.0	1.0
421	-1.0	0.0	0.0
422	9.0	2.0	1.0
423	-1.0	0.0	0.0
424	0.0	2.0	1.0
425	-1.0	0.0	-1.0
426	27.0	3.0	1.0
427	0.0	2.0	1.0
428	26.0	3.0	1.0
429	0.0	2.0	1.0
430	0.0	2.0	1.0
431	24.0	3.0	1.0
432	-1.0	0.0	-1.0
433	26.0	3.0	1.0
434	-1.0	0.0	-1.0
435	25.0	3.0	1.0
436	-1.0	0.0	-1.0
437	-1.0	0.0	-1.0
438	-1.0	0.0	-1.0
439	23.0	2.0	1.0
440	-1.0	0.0	0.0
441	-1.0	0.0	-1.0
442	14.0	3.0	1.0
443	19.0	3.0	1.0
444	-1.0	0.0	-1.0
445	23.0	2.0	1.0
446	-1.0	0.0	-1.0
447	-1.0	0.0	-1.0
448	-1.0	0.0	0.0
449	24.0	3.0	1.0
450	-1.0	0.0	-1.0
451	-1.0	0.0	-1.0
452	19.0	3.0	1.0
453	-1.0	0.0	-1.0
454	0.0	2.0	1.0
455	21.0	3.0	1.0
456	23.0	2.0	1.0
457	-1.0	0.0	-1.0
458	-1.0	0.0	-1.0
459	-1.0	0.0	0.0
460	0.0	2.0	1.0
461	-1.0	0.0	-1.0
462	-1.0	0.0	-1.0
463	-1.0	0.0	-1.0
464	22.0	3.0	1.0
465	28.0	3.0	1.0
466	-1.0	0.0	0.0
467	17.0	2.0	1.0
468	-1.0	0.0	-1.0
469	17.0	2.0	1.0
470	-1.0	0.0	-1.0
471	11.0	3.0	1.0
472	-1.0	0.0	-1.0
473	-1.0	0.0	-1.0
474	-1.0	0.0	-1.0
475	-1.0	0.0	-1.0
476	0.0	2.0	1.0
477	-1.0	0.0	-1.0
478	-1.0	0.0	-1.0
479	-1.0	0.0	0.0
480	-1.0	0.0	-1.0
481	13.0	3.0	1.0
482	0.0	2.0	1.0
483	-1.0	0.0	-1.0
484	-1.0	0.0	-1.0
485	28.0	2.0	1.0
486	-1.0	0.0	-1.0
487	-1.0	0.0	-1.0
488	17.0	2.0	1.0
489	-1.0	0.0	-1.0
490	-1.0	0.0	-1.0
491	20.0	3.0	1.0
492	-1.0	0.0	-1.0
493	-1.0	0.0	-1.0
494	-1.0	0.0	0.0
495	0.0	2.0	1.0
496	11.0	3.0	1.0
497	10.0	2.0	1.0
498	-1.0	0.0	-1.0
499	-1.0	0.0	-1.0
500	11.0	2.0	1.0
501	0.0	2.0	1.0
502	8.0	2.0	1.0
503	23.0	3.0	1.0
504	0.0	2.0	1.0
505	16.0	2.0	1.0
506	24.0	2.0	1.0
507	0.0	2.0	1.0
508	10.0	3.0	1.0
509	27.0	3.0	1.0
510	-1.0	0.0	-1.0
511	8.0	2.0	1.0
512	24.0	2.0	1.0
513	-1.0	0.0	-1.0
514	10.0	2.0	1.0
515	11.0	3.0	1.0
516	-1.0	0.0	-1.0
517	-1.0	0.0	0.0
518	0.0	2.0	1.0
519	-1.0	0.0	-1.0
520	-1.0	0.0	0.0
521	16.0	2.0	1.0
522	-1.0	0.0	-1.0
523	-1.0	0.0	0.0
524	-1.0	0.0	-1.0
525	25.0	3.0	1.0
526	22.0	2.0	1.0
527	-1.0	0.0	-1.0
528	-1.0	0.0	-1.0
529	-1.0	0.0	-1.0
530	-1.0	0.0	-1.0
531	0.0	2.0	1.0
532	-1.0	0.0	-1.0
533	-1.0	0.0	0.0
534	-1.0	0.0	-1.0
535	-1.0	0.0	-1.0
536	12.0	2.0	1.0
537	25.0	3.0	1.0
538	-1.0	0.0	-1.0
539	16.0	2.0	1.0
540	17.0	2.0	1.0
541	0.0	2.0	1.0
542	11.0	3.0	1.0
543	-1.0	0.0	-1.0
544	-1.0	0.0	-1.0
545	0.0	2.0	1.0
546	-1.0	0.0	0.0
547	-1.0	0.0	-1.0
548	-1.0	0.0	-1.0
549	0.0	2.0	1.0
550	-1.0	0.0	0.0
551	20.0	3.0	1.0
552	25.0	3.0	1.0
553	0.0	2.0	1.0
554	-1.0	0.0	-1.0
555	-1.0	0.0	-1.0
556	-1.0	0.0	0.0
557	28.0	2.0	1.0
558	-1.0	0.0	-1.0
559	15.0	2.0	1.0
560	-1.0	0.0	-1.0
561	26.0	2.0	1.0
562	-1.0	0.0	-1.0
563	0.0	2.0	1.0
564	24.0	2.0	1.0
565	26.0	2.0	1.0
566	-1.0	0.0	-1.0
567	-1.0	0.0	-1.0
568	0.0	2.0	1.0
569	-1.0	0.0	-1.0
570	-1.0	0.0	-1.0
571	11.0	2.0	1.0
572	26.0	2.0	1.0
573	-1.0	0.0	0.0
574	22.0	2.0	1.0
575	-1.0	0.0	-1.0
576	-1.0	0.0	-1.0
577	-1.0	0.0	-1.0
578	8.0	2.0	1.0
579	15.0	3.0	1.0
580	-1.0	0.0	-1.0
581	9.0	2.0	1.0
582	-1.0	0.0	0.0
583	-1.0	0.0	-1.0
584	-1.0	0.0	0.0
585	24.0	2.0	1.0
586	-1.0	0.0	0.0
587	26.0	2.0	1.0
588	-1.0	0.0	0.0
589	-1.0	0.0	0.0
590	-1.0	0.0	-1.0
591	21.0	3.0	1.0
592	-1.0	0.0	0.0
593	0.0	2.0	1.0
594	0.0	2.0	1.0
595	0.0	2.0	1.0
596	-1.0	0.0	-1.0
597	26.0	3.0	1.0
598	12.0	2.0	1.0
599	-1.0	0.0	-1.0
600	-1.0	0.0	0.0
601	-1.0	0.0	-1.0
602	-1.0	0.0	-1.0
603	-1.0	0.0	-1.0
604	-1.0	0.0	-1.0
605	-1.0	0.0	-1.0
606	-1.0	0.0	-1.0
607	11.0	2.0	1.0
608	-1.0	0.0	-1.0
609	-1.0	0.0	-1.0
610	-1.0	0.0	-1.0
611	0.0	2.0	1.0
612	0.0	2.0	1.0
613	0.0	2.0	1.0
614	-1.0	0.0	0.0
615	0.0	2.0	1.0
616	20.0	3.0	1.0
617	-1.0	0.0	0.0
618	-1.0	0.0	-1.0
619	27.0	3.0	1.0
620	24.0	2.0	1.0
621	-1.0	0.0	-1.0
622	16.0	2.0	1.0
623	-1.0	0.0	-1.0
624	24.0	3.0	1.0
625	0.0	2.0	1.0
626	20.0	3.0	1.0
627	-1.0	0.0	-1.0
628	-1.0	0.0	-1.0
629	-1.0	0.0	-1.0
630	-1.0	0.0	0.0
631	-1.0	0.0	-1.0
632	28.0	2.0	1.0
633	-1.0	0.0	0.0
634	-1.0	0.0	-1.0
635	-1.0	0.0	-1.0
636	0.0	2.0	1.0
637	-1.0	0.0	0.0
638	0.0	2.0	1.0
639	21.0	2.0	1.0
640	-1.0	0.0	0.0
641	0.0	2.0	1.0
642	-1.0	0.0	-1.0
643	8.0	2.0	1.0
644	23.0	2.0	1.0
645	20.0	3.0	1.0
646	0.0	2.0	1.0
647	-1.0	0.0	-1.0
648	17.0	2.0	1.0
649	0.0	2.0	1.0
650	8.0	2.0	1.0
651	9.0	2.0	1.0
652	0.0	2.0	1.0
653	8.0	3.0	1.0
654	12.0	3.0	1.0
655	-1.0	0.0	-1.0
656	-1.0	0.0	0.0
657	0.0	2.0	1.0
658	-1.0	0.0	0.0
659	0.0	2.0	1.0
660	9.0	3.0	1.0
661	-1.0	0.0	-1.0
662	10.0	3.0	1.0
663	0.0	2.0	1.0
664	-1.0	0.0	-1.0
665	15.0	2.0	1.0
666	9.0	2.0	1.0
667	-1.0	0.0	-1.0
668	-1.0	0.0	-1.0
669	-1.0	0.0	-1.0
670	0.0	2.0	1.0
671	-1.0	0.0	0.0
672	-1.0	0.0	-1.0
673	19.0	2.0	1.0
674	-1.0	0.0	0.0
675	-1.0	0.0	0.0
676	-1.0	0.0	0.0
677	-1.0	0.0	0.0
678	13.0	3.0	1.0
679	-1.0	0.0	-1.0
680	-1.0	0.0	-1.0
681	-1.0	0.0	0.0
682	0.0	2.0	1.0
683	22.0	2.0	1.0
684	-1.0	0.0	0.0
685	11.0	3.0	1.0
686	17.0	2.0	1.0
687	26.0	2.0	1.0
688	-1.0	0.0	0.0
689	16.0	2.0	1.0
690	-1.0	0.0	-1.0
691	25.0	3.0	1.0
692	-1.0	0.0	0.0
693	-1.0	0.0	-1.0
694	-1.0	0.0	0.0
695	13.0	3.0	1.0
696	0.0	2.0	1.0
697	-1.0	0.0	0.0
698	-1.0	0.0	-1.0
699	0.0	2.0	1.0
700	0.0	2.0	1.0
701	10.0	2.0	1.0
702	-1.0	0.0	0.0
703	-1.0	0.0	-1.0
704	26.0	3.0	1.0
705	-1.0	0.0	0.0
706	24.0	2.0	1.0
707	-1.0	0.0	-1.0
708	-1.0	0.0	0.0
709	-1.0	0.0	-1.0
710	0.0	2.0	1.0
711	14.0	3.0	1.0
712	-1.0	0.0	-1.0
713	-1.0	0.0	0.0
714	23.0	3.0	1.0
715	-1.0	0.0	-1.0
716	25.0	2.0	1.0
717	-1.0	0.0	-1.0
718	9.0	3.0	1.0
719	-1.0	0.0	-1.0
720	18.0	3.0	1.0
721	21.0	2.0	1.0
722	-1.0	0.0	-1.0
723	-1.0	0.0	-1.0
724	0.0	2.0	1.0
725	-1.0	0.0	-1.0
726	-1.0	0.0	0.0
727	0.0	2.0	1.0
728	0.0	2.0	1.0
729	-1.0	0.0	-1.0
730	-1.0	0.0	0.0
731	-1.0	0.0	-1.0
732	-1.0	0.0	0.0
733	-1.0	0.0	-1.0
734	15.0	2.0	1.0
735	-1.0	0.0	-1.0
736	0.0	2.0	1.0
737	8.0	2.0	1.0
738	27.0	3.0	1.0
739	18.0	3.0	1.0
740	0.0	2.0	1.0
741	-1.0	0.0	0.0
742	-1.0	0.0	0.0
743	12.0	2.0	1.0
744	0.0	2.0	1.0
745	-1.0	0.0	-1.0
746	-1.0	0.0	0.0
747	13.0	3.0	1.0
748	-1.0	0.0	-1.0
749	0.0	2.0	1.0
750	-1.0	0.0	-1.0
751	-1.0	0.0	0.0
752	-1.0	0.0	-1.0
753	10.0	3.0	1.0
754	-1.0	0.0	-1.0
755	12.0	3.0	1.0
756	0.0	2.0	1.0
757	16.0	2.0	1.0
758	26.0	3.0	1.0
759	-1.0	0.0	-1.0
760	-1.0	0.0	0.0
761	-1.0	0.0	-1.0
762	-1.0	0.0	-1.0
763	14.0	2.0	1.0
764	-1.0	0.0	0.0
765	-1.0	0.0	-1.0
766	0.0	2.0	1.0
767	-1.0	0.0	-1.0
768	8.0	2.0	1.0
769	-1.0	0.0	-1.0
770	-1.0	0.0	-1.0
771	15.0	2.0	1.0
772	-1.0	0.0	-1.0
773	-1.0	0.0	-1.0
774	-1.0	0.0	0.0
775	13.0	3.0	1.0
776	-1.0	0.0	0.0
777	-1.0	0.0	-1.0
778	-1.0	0.0	-1.0
779	-1.0	0.0	0.0
780	-1.0	0.0	0.0
781	-1.0	0.0	-1.0
782	-1.0	0.0	-1.0
783	-1.0	0.0	-1.0
784	-1.0	0.0	-1.0
785	26.0	3.0	1.0
786	-1.0	0.0	0.0
787	-1.0	0.0	0.0
788	0.0	2.0	1.0
789	13.0	2.0	1.0
790	-1.0	0.0	0.0
791	20.0	3.0	1.0
792	-1.0	0.0	-1.0
793	8.0	2.0	1.0
794	-1.0	0.0	-1.0
795	-1.0	0.0	0.0
796	-1.0	0.0	0.0
797	0.0	2.0	1.0
798	0.0	2.0	1.0
799	10.0	2.0	1.0
800	15.0	2.0	1.0
801	12.0	2.0	1.0
802	13.0	3.0	1.0
803	0.0	2.0	1.0
804	23.0	2.0	1.0
805	-1.0	0.0	-1.0
806	21.0	3.0	1.0
807	-1.0	0.0	-1.0
808	9.0	2.0	1.0
809	0.0	2.0	1.0
810	18.0	2.0	1.0
811	0.0	2.0	1.0
812	-1.0	0.0	-1.0
813	9.0	2.0	1.0
814	-1.0	0.0	-1.0
815	-1.0	0.0	-1.0
816	25.0	2.0	1.0
817	27.0	2.0	1.0
818	8.0	2.0	1.0
819	-1.0	0.0	0.0
820	8.0	2.0	1.0
821	0.0	2.0	1.0
822	-1.0	0.0	0.0
823	27.0	3.0	1.0
824	0.0	2.0	1.0
825	-1.0	0.0	-1.0
826	8.0	2.0	1.0
827	8.0	2.0	1.0
828	-1.0	0.0	-1.0
829	-1.0	0.0	-1.0
830	-1.0	0.0	-1.0
831	22.0	2.0	1.0
832	-1.0	0.0	-1.0
833	11.0	2.0	1.0
834	17.0	2.0	1.0
835	8.0	2.0	1.0
836	16.0	2.0	1.0
837	-1.0	0.0	0.0
838	-1.0	0.0	-1.0
839	-1.0	0.0	-1.0
840	-1.0	0.0	-1.0
841	-1.0	0.0	0.0
842	23.0	2.0	1.0
843	-1.0	0.0	-1.0
844	-1.0	0.0	-1.0
845	-1.0	0.0	-1.0
846	-1.0	0.0	-1.0
847	17.0	2.0	1.0
848	9.0	2.0	1.0
849	19.0	2.0	1.0
850	22.0	2.0	1.0
851	-1.0	0.0	-1.0
852	-1.0	0.0	-1.0
853	0.0	2.0	1.0
854	-1.0	0.0	0.0
855	-1.0	0.0	-1.0
856	-1.0	0.0	0.0
857	0.0	2.0	1.0
858	-1.0	0.0	-1.0
859	-1.0	0.0	0.0
860	14.0	3.0	1.0
861	19.0	2.0	1.0
862	16.0	3.0	1.0
863	-1.0	0.0	-1.0
864	-1.0	0.0	-1.0
865	-1.0	0.0	-1.0
866	0.0	2.0	1.0
867	10.0	2.0	1.0
868	-1.0	0.0	-1.0
869	12.0	2.0	1.0
870	-1.0	0.0	-1.0
871	-1.0	0.0	0.0
872	23.0	2.0	1.0
873	-1.0	0.0	-1.0
874	-1.0	0.0	-1.0
875	0.0	2.0	1.0
876	-1.0	0.0	-1.0
877	-1.0	0.0	-1.0
878	-1.0	0.0	-1.0
879	0.0	2.0	1.0
880	25.0	3.0	1.0
881	-1.0	0.0	0.0
882	-1.0	0.0	-1.0
883	-1.0	0.0	0.0
884	11.0	2.0	1.0
885	-1.0	0.0	-1.0
886	-1.0	0.0	-1.0
887	23.0	3.0	1.0
888	-1.0	0.0	-1.0
889	-1.0	0.0	-1.0
890	-1.0	0.0	-1.0
891	-1.0	0.0	0.0
892	26.0	3.0	1.0
893	-1.0	0.0	0.0
894	-1.0	0.0	-1.0
895	-1.0	0.0	0.0
896	-1.0	0.0	0.0
897	-1.0	0.0	-1.0
898	-1.0	0.0	-1.0
899	-1.0	0.0	-1.0
900	20.0	2.0	1.0
901	-1.0	0.0	0.0
902	22.0	3.0	1.0
903	19.0	2.0	1.0
904	-1.0	0.0	0.0
905	-1.0	0.0	-1.0
906	-1.0	0.0	-1.0
907	-1.0	0.0	0.0
908	-1.0	0.0	-1.0
909	-1.0	0.0	0.0
910	-1.0	0.0	-1.0
911	-1.0	0.0	-1.0
912	0.0	2.0	1.0
913	-1.0	0.0	-1.0
914	-1.0	0.0	0.0
915	0.0	2.0	1.0
916	15.0	2.0	1.0
917	28.0	3.0	1.0
918	0.0	2.0	1.0
919	-1.0	0.0	0.0
920	-1.0	0.0	0.0
921	-1.0	0.0	0.0
922	-1.0	0.0	-1.0
923	26.0	2.0	1.0
924	-1.0	0.0	-1.0
925	0.0	2.0	1.0
926	-1.0	0.0	-1.0
927	-1.0	0.0	0.0
928	-1.0	0.0	0.0
929	24.0	3.0	1.0
930	0.0	2.0	1.0
931	-1.0	0.0	0.0
932	-1.0	0.0	-1.0
933	-1.0	0.0	-1.0
934	-1.0	0.0	-1.0
935	25.0	2.0	1.0
936	15.0	2.0	1.0
937	-1.0	0.0	-1.0
938	22.0	2.0	1.0
939	-1.0	0.0	-1.0
940	17.0	2.0	1.0
941	-1.0	0.0	0.0
942	-1.0	0.0	-1.0
943	0.0	2.0	1.0
944	-1.0	0.0	-1.0
945	-1.0	0.0	-1.0
946	-1.0	0.0	-1.0
947	-1.0	0.0	-1.0
948	-1.0	0.0	-1.0
949	-1.0	0.0	-1.0
950	-1.0	0.0	-1.0
951	-1.0	0.0	-1.0
952	-1.0	0.0	0.0
953	9.0	2.0	1.0
954	26.0	3.0	1.0
955	0.0	2.0	1.0
956	0.0	2.0	1.0
957	-1.0	0.0	-1.0
958	-1.0	0.0	-1.0
959	0.0	2.0	1.0
960	-1.0	0.0	-1.0
961	26.0	3.0	1.0
962	-1.0	0.0	-1.0
963	-1.0	0.0	0.0
964	-1.0	0.0	-1.0
965	-1.0	0.0	0.0
966	-1.0	0.0	0.0
967	-1.0	0.0	-1.0
968	-1.0	0.0	-1.0
969	-1.0	0.0	-1.0
970	8.0	2.0	1.0
971	-1.0	0.0	-1.0
972	-1.0	0.0	-1.0
973	-1.0	0.0	0.0
974	0.0	2.0	1.0
975	-1.0	0.0	-1.0
976	16.0	2.0	1.0
977	-1.0	0.0	0.0
978	-1.0	0.0	0.0
979	-1.0	0.0	-1.0
980	-1.0	0.0	-1.0
981	0.0	2.0	1.0
982	24.0	2.0	1.0
983	0.0	2.0	1.0
984	-1.0	0.0	0.0
985	8.0	2.0	1.0
986	-1.0	0.0	-1.0
987	-1.0	0.0	-1.0
988	-1.0	0.0	0.0
989	13.0	3.0	1.0
990	9.0	3.0	1.0
991	11.0	2.0	1.0
992	28.0	2.0	1.0
993	-1.0	0.0	-1.0
994	-1.0	0.0	-1.0
995	15.0	3.0	1.0
996	0.0	2.0	1.0
997	-1.0	0.0	-1.0
998	9.0	2.0	1.0
999	-1.0	0.0	-1.0
1000	-1.0	0.0	-1.0
1001	-1.0	0.0	-1.0
1002	-1.0	0.0	0.0
1003	11.0	2.0	1.0
1004	-1.0	0.0	0.0
1005	-1.0	0.0	-1.0
1006	-1.0	0.0	-1.0
1007	-1.0	0.0	-1.0
1008	-1.0	0.0	-1.0
1009	-1.0	0.0	0.0
1010	-1.0	0.0	-1.0
1011	-1.0	0.0	-1.0
1012	-1.0	0.0	0.0
1013	-1.0	0.0	0.0
1014	-1.0	0.0	0.0
1015	-1.0	0.0	-1.0
1016	-1.0	0.0	0.0
1017	0.0	2.0	1.0
1018	-1.0	0.0	-1.0
1019	13.0	3.0	1.0
1020	-1.0	0.0	0.0
1021	-1.0	0.0	-1.0
1022	-1.0	0.0	-1.0
1023	-1.0	0.0	-1.0
1024	-1.0	0.0	0.0
1025	-1.0	0.0	0.0
1026	-1.0	0.0	-1.0
1027	-1.0	0.0	0.0
1028	-1.0	0.0	-1.0
1029	-1.0	0.0	-1.0
1030	-1.0	0.0	0.0
1031	-1.0	0.0	-1.0
1032	-1.0	0.0	0.0
1033	-1.0	0.0	-1.0
1034	16.0	2.0	1.0
1035	-1.0	0.0	-1.0
1036	-1.0	0.0	0.0
1037	20.0	2.0	1.0
1038	-1.0	0.0	-1.0
1039	-1.0	0.0	-1.0
1040	-1.0	0.0	-1.0
1041	17.0	2.0	1.0
1042	0.0	2.0	1.0
1043	10.0	2.0	1.0
1044	0.0	2.0	1.0
1045	-1.0	0.0	-1.0
1046	-1.0	0.0	0.0
1047	19.0	3.0	1.0
1048	-1.0	0.0	0.0
1049	12.0	2.0	1.0
1050	-1.0	0.0	-1.0
1051	9.0	2.0	1.0
1052	-1.0	0.0	0.0
1053	18.0	2.0	1.0
1054	-1.0	0.0	-1.0
1055	-1.0	0.0	-1.0
1056	-1.0	0.0	-1.0
1057	-1.0	0.0	-1.0
1058	18.0	2.0	1.0
1059	-1.0	0.0	-1.0
1060	22.0	2.0	1.0
1061	-1.0	0.0	-1.0
1062	-1.0	0.0	0.0
1063	-1.0	0.0	-1.0
1064	-1.0	0.0	-1.0
1065	28.0	3.0	1.0
1066	-1.0	0.0	-1.0
1067	0.0	2.0	1.0
1068	-1.0	0.0	-1.0
1069	23.0	3.0	1.0
1070	-1.0	0.0	0.0
1071	-1.0	0.0	-1.0
1072	-1.0	0.0	0.0
1073	19.0	3.0	1.0
1074	12.0	2.0	1.0
1075	-1.0	0.0	0.0
1076	-1.0	0.0	0.0
1077	18.0	3.0	1.0
1078	21.0	3.0	1.0
1079	0.0	2.0	1.0
1080	-1.0	0.0	0.0
1081	0.0	2.0	1.0
1082	11.0	3.0	1.0
1083	-1.0	0.0	0.0
1084	-1.0	0.0	0.0
1085	23.0	3.0	1.0
1086	-1.0	0.0	-1.0
1087	23.0	3.0	1.0
1088	10.0	2.0	1.0
1089	-1.0	0.0	-1.0
1090	-1.0	0.0	-1.0
1091	-1.0	0.0	-1.0
1092	-1.0	0.0	-1.0
1093	-1.0	0.0	-1.0
1094	0.0	2.0	1.0
1095	-1.0	0.0	0.0
1096	9.0	2.0	1.0
1097	-1.0	0.0	-1.0
1098	0.0	2.0	1.0
1099	9.0	3.0	1.0
1100	15.0	2.0	1.0
1101	22.0	3.0	1.0
1102	-1.0	0.0	-1.0
1103	11.0	2.0	1.0
1104	-1.0	0.0	0.0
1105	-1.0	0.0	0.0
1106	-1.0	0.0	0.0
1107	-1.0	0.0	-1.0
1108	-1.0	0.0	-1.0
1109	-1.0	0.0	0.0
1110	-1.0	0.0	-1.0
1111	-1.0	0.0	0.0
1112	-1.0	0.0	-1.0
1113	0.0	2.0	1.0
1114	24.0	2.0	1.0
1115	-1.0	0.0	-1.0
1116	-1.0	0.0	-1.0
1117	-1.0	0.0	0.0
1118	0.0	2.0	1.0
1119	-1.0	0.0	-1.0
1120	-1.0	0.0	0.0
1121	-1.0	0.0	-1.0
1122	-1.0	0.0	-1.0
1123	27.0	2.0	1.0
1124	-1.0	0.0	0.0
1125	-1.0	0.0	-1.0
1126	-1.0	0.0	0.0
1127	-1.0	0.0	0.0
1128	0.0	2.0	1.0
1129	-1.0	0.0	0.0
1130	-1.0	0.0	-1.0
1131	-1.0	0.0	-1.0
1132	-1.0	0.0	-1.0
1133	-1.0	0.0	0.0
1134	-1.0	0.0	0.0
1135	-1.0	0.0	-1.0
1136	12.0	2.0	1.0
1137	23.0	2.0	1.0
1138	-1.0	0.0	-1.0
1139	-1.0	0.0	0.0
1140	-1.0	0.0	0.0
1141	-1.0	0.0	-1.0
1142	-1.0	0.0	0.0
1143	-1.0	0.0	0.0
1144	9.0	2.0	1.0
1145	0.0	2.0	1.0
1146	-1.0	0.0	-1.0
1147	-1.0	0.0	-1.0
1148	-1.0	0.0	0.0
1149	13.0	3.0	1.0
1150	-1.0	0.0	0.0
1151	-1.0	0.0	-1.0
1152	-1.0	0.0	0.0
1153	-1.0	0.0	0.0
1154	-1.0	0.0	-1.0
1155	-1.0	0.0	-1.0
1156	-1.0	0.0	0.0
1157	-1.0	0.0	-1.0
1158	-1.0	0.0	0.0
1159	-1.0	0.0	0.0
1160	27.0	2.0	1.0
1161	-1.0	0.0	-1.0
1162	-1.0	0.0	-1.0
1163	-1.0	0.0	-1.0
1164	-1.0	0.0	0.0
1165	-1.0	0.0	0.0
1166	-1.0	0.0	-1.0
1167	0.0	2.0	1.0
1168	-1.0	0.0	-1.0
1169	-1.0	0.0	0.0
1170	-1.0	0.0	0.0
1171	-1.0	0.0	0.0
1172	0.0	2.0	1.0
1173	-1.0	0.0	0.0
1174	-1.0	0.0	-1.0
1175	25.0	2.0	1.0
1176	14.0	3.0	1.0
1177	0.0	2.0	1.0
1178	-1.0	0.0	-1.0
1179	23.0	2.0	1.0
1180	-1.0	0.0	-1.0
1181	21.0	3.0	1.0
1182	13.0	3.0	1.0
1183	-1.0	0.0	-1.0
1184	-1.0	0.0	-1.0
1185	-1.0	0.0	-1.0
1186	10.0	2.0	1.0
1187	10.0	2.0	1.0
1188	-1.0	0.0	-1.0
1189	-1.0	0.0	-1.0
1190	-1.0	0.0	-1.0
1191	-1.0	0.0	-1.0
1192	-1.0	0.0	-1.0
1193	0.0	2.0	1.0
1194	-1.0	0.0	-1.0
1195	26.0	3.0	1.0
1196	-1.0	0.0	-1.0
1197	-1.0	0.0	-1.0
1198	0.0	2.0	1.0
1199	-1.0	0.0	-1.0
1200	-1.0	0.0	-1.0
1201	23.0	3.0	1.0
1202	-1.0	0.0	-1.0
1203	9.0	2.0	1.0
1204	0.0	2.0	1.0
1205	8.0	2.0	1.0
1206	-1.0	0.0	0.0
1207	-1.0	0.0	0.0
1208	-1.0	0.0	-1.0
1209	-1.0	0.0	0.0
1210	-1.0	0.0	0.0
1211	-1.0	0.0	-1.0
1212	0.0	2.0	1.0
1213	9.0	3.0	1.0
1214	-1.0	0.0	0.0
1215	-1.0	0.0	-1.0
1216	17.0	2.0	1.0
1217	-1.0	0.0	0.0
1218	-1.0	0.0	-1.0
1219	-1.0	0.0	-1.0
1220	13.0	3.0	1.0
1221	-1.0	0.0	-1.0
1222	-1.0	0.0	0.0
1223	-1.0	0.0	0.0
1224	-1.0	0.0	-1.0
1225	-1.0	0.0	-1.0
1226	-1.0	0.0	-1.0
1227	26.0	3.0	1.0
1228	-1.0	0.0	-1.0
1229	28.0	2.0	1.0
1230	-1.0	0.0	-1.0
1231	21.0	2.0	1.0
1232	-1.0	0.0	-1.0
1233	0.0	2.0	1.0
1234	-1.0	0.0	-1.0
1235	-1.0	0.0	0.0
1236	-1.0	0.0	-1.0
1237	-1.0	0.0	-1.0
1238	-1.0	0.0	-1.0
1239	15.0	2.0	1.0
1240	0.0	2.0	1.0
1241	-1.0	0.0	-1.0
1242	-1.0	0.0	-1.0
1243	0.0	2.0	1.0
1244	-1.0	0.0	-1.0
1245	19.0	2.0	1.0
1246	0.0	2.0	1.0
1247	20.0	2.0	1.0
1248	-1.0	0.0	0.0
1249	-1.0	0.0	0.0
1250	13.0	2.0	1.0
1251	-1.0	0.0	-1.0
1252	-1.0	0.0	-1.0
1253	18.0	2.0	1.0
1254	-1.0	0.0	-1.0
1255	-1.0	0.0	-1.0
1256	21.0	3.0	1.0
1257	-1.0	0.0	-1.0
1258	-1.0	0.0	0.0
1259	-1.0	0.0	0.0
1260	11.0	2.0	1.0
1261	0.0	2.0	1.0
1262	-1.0	0.0	-1.0
1263	8.0	2.0	1.0
1264	11.0	2.0	1.0
1265	-1.0	0.0	0.0
1266	-1.0	0.0	-1.0
1267	-1.0	0.0	0.0
1268	-1.0	0.0	0.0
1269	-1.0	0.0	0.0
1270	-1.0	0.0	-1.0
1271	-1.0	0.0	-1.0
1272	18.0	3.0	1.0
1273	-1.0	0.0	0.0
1274	-1.0	0.0	-1.0
1275	0.0	2.0	1.0
1276	9.0	2.0	1.0
1277	22.0	2.0	1.0
1278	-1.0	0.0	-1.0
1279	-1.0	0.0	-1.0
1280	16.0	3.0	1.0
1281	-1.0	0.0	0.0
1282	0.0	2.0	1.0
1283	-1.0	0.0	-1.0
1284	19.0	2.0	1.0
1285	22.0	3.0	1.0
1286	0.0	2.0	1.0
1287	-1.0	0.0	-1.0
1288	-1.0	0.0	-1.0
1289	-1.0	0.0	-1.0
1290	24.0	2.0	1.0
1291	9.0	2.0	1.0
1292	-1.0	0.0	-1.0
1293	-1.0	0.0	-1.0
1294	-1.0	0.0	0.0
1295	0.0	2.0	1.0
1296	-1.0	0.0	-1.0
1297	-1.0	0.0	-1.0
1298	0.0	2.0	1.0
1299	16.0	2.0	1.0
1300	-1.0	0.0	-1.0
1301	-1.0	0.0	0.0
1302	0.0	2.0	1.0
1303	-1.0	0.0	-1.0
1304	-1.0	0.0	-1.0
1305	11.0	2.0	1.0
1306	-1.0	0.0	-1.0
1307	-1.0	0.0	0.0
1308	-1.0	0.0	-1.0
1309	-1.0	0.0	-1.0
1310	-1.0	0.0	-1.0
1311	-1.0	0.0	0.0
1312	-1.0	0.0	-1.0
1313	-1.0	0.0	-1.0
1314	-1.0	0.0	-1.0
1315	-1.0	0.0	0.0
1316	-1.0	0.0	0.0
1317	-1.0	0.0	-1.0
1318	-1.0	0.0	0.0
1319	27.0	3.0	1.0
1320	0.0	2.0	1.0
1321	-1.0	0.0	-1.0
1322	-1.0	0.0	0.0
1323	-1.0	0.0	-1.0
1324	-1.0	0.0	-1.0
1325	-1.0	0.0	-1.0
1326	-1.0	0.0	0.0
1327	-1.0	0.0	-1.0
1328	-1.0	0.0	-1.0
1329	10.0	2.0	1.0
1330	-1.0	0.0	-1.0
1331	0.0	2.0	1.0
1332	-1.0	0.0	0.0
1333	-1.0	0.0	-1.0
1334	-1.0	0.0	-1.0
1335	-1.0	0.0	-1.0
1336	-1.0	0.0	-1.0
1337	-1.0	0.0	-1.0
1338	13.0	2.0	1.0
1339	15.0	2.0	1.0
1340	0.0	2.0	1.0
1341	13.0	3.0	1.0
1342	-1.0	0.0	-1.0
1343	-1.0	0.0	-1.0
1344	-1.0	0.0	-1.0
1345	28.0	3.0	1.0
1346	-1.0	0.0	-1.0
1347	-1.0	0.0	-1.0
1348	-1.0	0.0	-1.0
1349	-1.0	0.0	-1.0
1350	-1.0	0.0	-1.0
1351	27.0	2.0	1.0
1352	-1.0	0.0	0.0
1353	-1.0	0.0	-1.0
1354	-1.0	0.0	-1.0
1355	-1.0	0.0	0.0
1356	20.0	2.0	1.0
1357	23.0	2.0	1.0
1358	-1.0	0.0	-1.0
1359	0.0	2.0	1.0
1360	14.0	2.0	1.0
1361	-1.0	0.0	-1.0
1362	-1.0	0.0	-1.0
1363	-1.0	0.0	0.0
1364	-1.0	0.0	-1.0
1365	23.0	3.0	1.0
1366	-1.0	0.0	0.0
1367	-1.0	0.0	0.0
1368	-1.0	0.0	-1.0
1369	-1.0	0.0	-1.0
1370	-1.0	0.0	-1.0
1371	-1.0	0.0	-1.0
1372	-1.0	0.0	-1.0
1373	17.0	3.0	1.0
1374	-1.0	0.0	0.0
1375	-1.0	0.0	0.0
1376	-1.0	0.0	-1.0
1377	25.0	2.0	1.0
1378	-1.0	0.0	-1.0
1379	-1.0	0.0	0.0
1380	-1.0	0.0	-1.0
1381	-1.0	0.0	0.0
1382	-1.0	0.0	-1.0
1383	-1.0	0.0	-1.0
1384	-1.0	0.0	0.0
1385	-1.0	0.0	-1.0
1386	25.0	3.0	1.0
1387	-1.0	0.0	-1.0
1388	18.0	2.0	1.0
1389	-1.0	0.0	0.0
1390	-1.0	0.0	-1.0
1391	-1.0	0.0	0.0
1392	-1.0	0.0	-1.0
1393	-1.0	0.0	-1.0
1394	20.0	2.0	1.0
1395	-1.0	0.0	-1.0
1396	-1.0	0.0	0.0
1397	19.0	3.0	1.0
1398	-1.0	0.0	0.0
1399	-1.0	0.0	-1.0
1400	-1.0	0.0	0.0
1401	-1.0	0.0	-1.0
1402	-1.0	0.0	-1.0
1403	-1.0	0.0	-1.0
1404	-1.0	0.0	0.0
1405	-1.0	0.0	-1.0
1406	0.0	2.0	1.0
1407	-1.0	0.0	0.0
1408	-1.0	0.0	-1.0
1409	-1.0	0.0	-1.0
1410	24.0	3.0	1.0
1411	-1.0	0.0	-1.0
1412	-1.0	0.0	-1.0
1413	-1.0	0.0	0.0
1414	-1.0	0.0	-1.0
1415	-1.0	0.0	-1.0
1416	0.0	2.0	1.0
1417	-1.0	0.0	-1.0
1418	-1.0	0.0	0.0
1419	0.0	2.0	1.0
1420	-1.0	0.0	-1.0
1421	-1.0	0.0	0.0
1422	18.0	2.0	1.0
1423	-1.0	0.0	-1.0
1424	-1.0	0.0	-1.0
1425	-1.0	0.0	-1.0
1426	-1.0	0.0	-1.0
1427	-1.0	0.0	0.0
1428	-1.0	0.0	-1.0
1429	10.0	2.0	1.0
1430	-1.0	0.0	-1.0
1431	15.0	2.0	1.0
1432	0.0	2.0	1.0
1433	19.0	2.0	1.0
1434	0.0	2.0	1.0
1435	-1.0	0.0	0.0
1436	9.0	2.0	1.0
1437	0.0	2.0	1.0
1438	0.0	2.0	1.0
1439	-1.0	0.0	-1.0
1440	-1.0	0.0	0.0
1441	-1.0	0.0	0.0
1442	-1.0	0.0	0.0
1443	-1.0	0.0	-1.0
1444	-1.0	0.0	-1.0
1445	-1.0	0.0	-1.0
1446	-1.0	0.0	-1.0
1447	17.0	2.0	1.0
1448	-1.0	0.0	-1.0
1449	21.0	3.0	1.0
1450	0.0	2.0	1.0
1451	-1.0	0.0	-1.0
1452	-1.0	0.0	-1.0
1453	0.0	2.0	1.0
1454	-1.0	0.0	-1.0
1455	-1.0	0.0	-1.0
1456	-1.0	0.0	0.0
1457	-1.0	0.0	0.0
1458	0.0	2.0	1.0
1459	-1.0	0.0	-1.0
1460	-1.0	0.0	0.0
1461	20.0	2.0	1.0
1462	-1.0	0.0	-1.0
1463	-1.0	0.0	-1.0
1464	17.0	2.0	1.0
1465	-1.0	0.0	-1.0
1466	17.0	3.0	1.0
1467	-1.0	0.0	-1.0
1468	-1.0	0.0	0.0
1469	-1.0	0.0	0.0
1470	17.0	2.0	1.0
1471	-1.0	0.0	0.0
1472	-1.0	0.0	-1.0
1473	0.0	2.0	1.0
1474	-1.0	0.0	0.0
1475	-1.0	0.0	0.0
1476	-1.0	0.0	-1.0
1477	-1.0	0.0	-1.0
1478	18.0	2.0	1.0
1479	24.0	2.0	1.0
1480	-1.0	0.0	0.0
1481	-1.0	0.0	-1.0
1482	23.0	2.0	1.0
1483	-1.0	0.0	-1.0
1484	-1.0	0.0	-1.0
1485	25.0	2.0	1.0
1486	-1.0	0.0	0.0
1487	-1.0	0.0	-1.0
1488	28.0	2.0	1.0
1489	-1.0	0.0	0.0
1490	-1.0	0.0	-1.0
1491	0.0	2.0	1.0
1492	-1.0	0.0	0.0
1493	0.0	2.0	1.0
1494	14.0	2.0	1.0
1495	-1.0	0.0	0.0
1496	-1.0	0.0	0.0
1497	-1.0	0.0	-1.0
1498	0.0	2.0	1.0
1499	25.0	2.0	1.0
1500	-1.0	0.0	0.0
1501	0.0	2.0	1.0
1502	13.0	3.0	1.0
1503	-1.0	0.0	-1.0
1504	-1.0	0.0	0.0
1505	0.0	2.0	1.0
1506	-1.0	0.0	-1.0
1507	-1.0	0.0	0.0
1508	-1.0	0.0	-1.0
1509	-1.0	0.0	-1.0
1510	-1.0	0.0	-1.0
1511	-1.0	0.0	-1.0
1512	-1.0	0.0	-1.0
1513	-1.0	0.0	0.0
1514	-1.0	0.0	-1.0
1515	-1.0	0.0	0.0
1516	0.0	2.0	1.0
1517	15.0	2.0	1.0
1518	-1.0	0.0	-1.0
1519	27.0	2.0	1.0
1520	-1.0	0.0	0.0
1521	27.0	3.0	1.0
1522	23.0	2.0	1.0
1523	-1.0	0.0	0.0
1524	-1.0	0.0	-1.0
1525	0.0	2.0	1.0
1526	-1.0	0.0	-1.0
1527	-1.0	0.0	-1.0
1528	26.0	3.0	1.0
1529	-1.0	0.0	-1.0
1530	12.0	2.0	1.0
1531	25.0	3.0	1.0
1532	-1.0	0.0	-1.0
1533	0.0	2.0	1.0
1534	-1.0	0.0	0.0
1535	0.0	2.0	1.0
1536	-1.0	0.0	-1.0
1537	-1.0	0.0	-1.0
1538	-1.0	0.0	-1.0
1539	-1.0	0.0	-1.0
1540	-1.0	0.0	0.0
1541	-1.0	0.0	0.0
1542	17.0	2.0	1.0
1543	0.0	2.0	1.0
1544	-1.0	0.0	0.0
1545	-1.0	0.0	-1.0
1546	12.0	2.0	1.0
1547	-1.0	0.0	0.0
1548	-1.0	0.0	-1.0
1549	-1.0	0.0	-1.0
1550	-1.0	0.0	-1.0
1551	-1.0	0.0	-1.0
1552	-1.0	0.0	-1.0
1553	-1.0	0.0	0.0
1554	-1.0	0.0	-1.0
1555	19.0	2.0	1.0
1556	-1.0	0.0	-1.0
1557	-1.0	0.0	-1.0
1558	-1.0	0.0	0.0
1559	-1.0	0.0	-1.0
1560	-1.0	0.0	0.0
1561	8.0	2.0	1.0
1562	-1.0	0.0	-1.0
1563	8.0	2.0	1.0
1564	-1.0	0.0	-1.0
1565	-1.0	0.0	-1.0
1566	-1.0	0.0	-1.0
1567	-1.0	0.0	-1.0
1568	-1.0	0.0	-1.0
1569	-1.0	0.0	-1.0
1570	-1.0	0.0	-1.0
1571	-1.0	0.0	-1.0
1572	-1.0	0.0	-1.0
1573	-1.0	0.0	-1.0
1574	-1.0	0.0	0.0
1575	-1.0	0.0	-1.0
1576	-1.0	0.0	-1.0
1577	0.0	2.0	1.0
1578	22.0	2.0	1.0
1579	0.0	2.0	1.0
1580	-1.0	0.0	-1.0
1581	-1.0	0.0	-1.0
1582	-1.0	0.0	0.0
1583	-1.0	0.0	-1.0
1584	-1.0	0.0	-1.0
1585	-1.0	0.0	0.0
1586	-1.0	0.0	-1.0
1587	-1.0	0.0	0.0
1588	-1.0	0.0	0.0
1589	25.0	2.0	1.0
1590	0.0	2.0	1.0
1591	-1.0	0.0	0.0
1592	-1.0	0.0	-1.0
1593	-1.0	0.0	0.0
1594	-1.0	0.0	-1.0
1595	-1.0	0.0	-1.0
1596	28.0	3.0	1.0
1597	-1.0	0.0	-1.0
1598	-1.0	0.0	0.0
1599	-1.0	0.0	-1.0
1600	-1.0	0.0	0.0
1601	-1.0	0.0	-1.0
1602	-1.0	0.0	-1.0
1603	-1.0	0.0	-1.0
1604	-1.0	0.0	0.0
1605	-1.0	0.0	-1.0
1606	0.0	2.0	1.0
1607	-1.0	0.0	-1.0
1608	-1.0	0.0	0.0
1609	11.0	2.0	1.0
1610	-1.0	0.0	-1.0
1611	-1.0	0.0	0.0
1612	16.0	2.0	1.0
1613	9.0	2.0	1.0
1614	26.0	2.0	1.0
1615	-1.0	0.0	0.0
1616	-1.0	0.0	-1.0
1617	0.0	2.0	1.0
1618	-1.0	0.0	-1.0
1619	-1.0	0.0	-1.0
1620	-1.0	0.0	-1.0
1621	-1.0	0.0	0.0
1622	0.0	2.0	1.0
1623	-1.0	0.0	-1.0
1624	-1.0	0.0	0.0
1625	-1.0	0.0	-1.0
1626	-1.0	0.0	0.0
1627	-1.0	0.0	-1.0
1628	-1.0	0.0	-1.0
1629	-1.0	0.0	-1.0
1630	-1.0	0.0	-1.0
1631	-1.0	0.0	-1.0
1632	-1.0	0.0	-1.0
1633	-1.0	0.0	-1.0
1634	-1.0	0.0	-1.0
1635	-1.0	0.0	0.0
1636	-1.0	0.0	0.0
1637	10.0	2.0	1.0
1638	27.0	3.0	1.0
1639	-1.0	0.0	0.0
1640	0.0	2.0	1.0
1641	-1.0	0.0	0.0
1642	-1.0	0.0	-1.0
1643	-1.0	0.0	0.0
1644	-1.0	0.0	0.0
1645	-1.0	0.0	-1.0
1646	-1.0	0.0	-1.0
1647	14.0	2.0	1.0
1648	-1.0	0.0	0.0
1649	-1.0	0.0	0.0
1650	-1.0	0.0	-1.0
1651	-1.0	0.0	-1.0
1652	-1.0	0.0	-1.0
1653	0.0	2.0	1.0
1654	-1.0	0.0	-1.0
1655	-1.0	0.0	0.0
1656	-1.0	0.0	-1.0
1657	-1.0	0.0	0.0
1658	25.0	3.0	1.0
1659	-1.0	0.0	-1.0
1660	-1.0	0.0	-1.0
1661	-1.0	0.0	-1.0
1662	-1.0	0.0	0.0
1663	-1.0	0.0	-1.0
1664	-1.0	0.0	0.0
1665	15.0	2.0	1.0
1666	-1.0	0.0	-1.0
1667	-1.0	0.0	0.0
1668	-1.0	0.0	-1.0
1669	-1.0	0.0	-1.0
1670	-1.0	0.0	-1.0
1671	-1.0	0.0	-1.0
1672	-1.0	0.0	0.0
1673	-1.0	0.0	0.0
1674	-1.0	0.0	0.0
1675	24.0	3.0	1.0
1676	-1.0	0.0	-1.0
1677	12.0	2.0	1.0
1678	0.0	2.0	1.0
1679	-1.0	0.0	-1.0
1680	-1.0	0.0	-1.0
1681	-1.0	0.0	-1.0
1682	28.0	2.0	1.0
1683	24.0	2.0	1.0
1684	-1.0	0.0	0.0
1685	-1.0	0.0	0.0
1686	-1.0	0.0	0.0
1687	-1.0	0.0	-1.0
1688	0.0	2.0	1.0
1689	0.0	2.0	1.0
1690	-1.0	0.0	-1.0
1691	-1.0	0.0	0.0
1692	18.0	2.0	1.0
1693	-1.0	0.0	-1.0
1694	-1.0	0.0	0.0
1695	-1.0	0.0	-1.0
1696	17.0	3.0	1.0
1697	-1.0	0.0	-1.0
1698	-1.0	0.0	-1.0
1699	-1.0	0.0	-1.0
1700	-1.0	0.0	-1.0
1701	-1.0	0.0	-1.0
1702	-1.0	0.0	0.0
1703	25.0	2.0	1.0
1704	21.0	3.0	1.0
1705	-1.0	0.0	0.0
1706	-1.0	0.0	-1.0
1707	-1.0	0.0	-1.0
1708	11.0	2.0	1.0
1709	-1.0	0.0	-1.0
1710	-1.0	0.0	-1.0
1711	-1.0	0.0	-1.0
1712	-1.0	0.0	-1.0
1713	26.0	2.0	1.0
1714	10.0	2.0	1.0
1715	-1.0	0.0	0.0
1716	26.0	2.0	1.0
1717	-1.0	0.0	0.0
1718	-1.0	0.0	-1.0
1719	-1.0	0.0	-1.0
1720	0.0	2.0	1.0
1721	-1.0	0.0	0.0
1722	14.0	3.0	1.0
1723	-1.0	0.0	0.0
1724	-1.0	0.0	-1.0
1725	-1.0	0.0	-1.0
1726	24.0	2.0	1.0
1727	-1.0	0.0	-1.0
1728	23.0	2.0	1.0
1729	-1.0	0.0	-1.0
1730	-1.0	0.0	-1.0
1731	8.0	2.0	1.0
1732	24.0	2.0	1.0
1733	-1.0	0.0	0.0
1734	0.0	2.0	1.0
1735	0.0	2.0	1.0
1736	-1.0	0.0	0.0
1737	-1.0	0.0	-1.0
1738	-1.0	0.0	0.0
1739	-1.0	0.0	0.0
1740	0.0	2.0	1.0
1741	-1.0	0.0	-1.0
1742	-1.0	0.0	0.0
1743	-1.0	0.0	-1.0
1744	14.0	2.0	1.0
1745	-1.0	0.0	-1.0
1746	-1.0	0.0	0.0
1747	12.0	3.0	1.0
1748	0.0	2.0	1.0
1749	-1.0	0.0	0.0
1750	-1.0	0.0	-1.0
1751	-1.0	0.0	-1.0
1752	26.0	3.0	1.0
1753	-1.0	0.0	-1.0
1754	11.0	2.0	1.0
1755	-1.0	0.0	-1.0
1756	-1.0	0.0	-1.0
1757	-1.0	0.0	0.0
1758	-1.0	0.0	0.0
1759	-1.0	0.0	-1.0
1760	-1.0	0.0	-1.0
1761	-1.0	0.0	-1.0
1762	-1.0	0.0	0.0
1763	-1.0	0.0	-1.0
1764	-1.0	0.0	-1.0
1765	-1.0	0.0	-1.0
1766	-1.0	0.0	-1.0
1767	-1.0	0.0	-1.0
1768	25.0	3.0	1.0
1769	18.0	2.0	1.0
1770	-1.0	0.0	-1.0
1771	-1.0	0.0	-1.0
1772	-1.0	0.0	-1.0
1773	-1.0	0.0	0.0
1774	0.0	2.0	1.0
1775	28.0	2.0	1.0
1776	-1.0	0.0	-1.0
1777	9.0	2.0	1.0
1778	-1.0	0.0	-1.0
1779	-1.0	0.0	0.0
1780	24.0	3.0	1.0
1781	0.0	2.0	1.0
1782	0.0	2.0	1.0
1783	-1.0	0.0	0.0
1784	-1.0	0.0	0.0
1785	-1.0	0.0	-1.0
1786	-1.0	0.0	0.0
1787	26.0	3.0	1.0
1788	-1.0	0.0	0.0
1789	-1.0	0.0	-1.0
1790	18.0	3.0	1.0
1791	0.0	2.0	1.0
1792	-1.0	0.0	-1.0
1793	-1.0	0.0	-1.0
1794	-1.0	0.0	-1.0
1795	21.0	3.0	1.0
1796	0.0	2.0	1.0
1797	-1.0	0.0	-1.0
1798	25.0	2.0	1.0
1799	25.0	3.0	1.0
1800	-1.0	0.0	-1.0
1801	-1.0	0.0	-1.0
1802	-1.0	0.0	0.0
1803	-1.0	0.0	-1.0
1804	-1.0	0.0	-1.0
1805	-1.0	0.0	-1.0
1806	-1.0	0.0	0.0
1807	-1.0	0.0	-1.0
1808	0.0	2.0	1.0
1809	-1.0	0.0	-1.0
1810	-1.0	0.0	-1.0
1811	-1.0	0.0	0.0
1812	-1.0	0.0	-1.0
1813	-1.0	0.0	-1.0
1814	9.0	2.0	1.0
1815	-1.0	0.0	-1.0
1816	-1.0	0.0	-1.0
1817	-1.0	0.0	-1.0
1818	0.0	2.0	1.0
1819	-1.0	0.0	-1.0
1820	23.0	2.0	1.0
1821	-1.0	0.0	-1.0
1822	0.0	2.0	1.0
1823	-1.0	0.0	-1.0
1824	-1.0	0.0	-1.0
1825	-1.0	0.0	0.0
1826	-1.0	0.0	-1.0
1827	17.0	3.0	1.0
1828	0.0	2.0	1.0
1829	-1.0	0.0	-1.0
1830	15.0	2.0	1.0
1831	10.0	2.0	1.0
1832	-1.0	0.0	0.0
1833	-1.0	0.0	-1.0
1834	-1.0	0.0	0.0
1835	-1.0	0.0	0.0
1836	-1.0	0.0	0.0
1837	-1.0	0.0	-1.0
1838	-1.0	0.0	0.0
1839	-1.0	0.0	-1.0
1840	-1.0	0.0	-1.0
1841	-1.0	0.0	-1.0
1842	-1.0	0.0	-1.0
1843	-1.0	0.0	-1.0
1844	0.0	2.0	1.0
1845	-1.0	0.0	-1.0
1846	0.0	2.0	1.0
1847	-1.0	0.0	-1.0
1848	-1.0	0.0	0.0
1849	-1.0	0.0	-1.0
1850	-1.0	0.0	0.0
1851	14.0	2.0	1.0
1852	-1.0	0.0	0.0
1853	-1.0	0.0	0.0
1854	13.0	2.0	1.0
1855	-1.0	0.0	-1.0
1856	-1.0	0.0	-1.0
1857	-1.0	0.0	-1.0
1858	-1.0	0.0	0.0
1859	-1.0	0.0	-1.0
1860	-1.0	0.0	0.0
1861	-1.0	0.0	-1.0
1862	-1.0	0.0	-1.0
1863	-1.0	0.0	-1.0
1864	-1.0	0.0	-1.0
1865	-1.0	0.0	-1.0
1866	-1.0	0.0	-1.0
1867	18.0	2.0	1.0
1868	-1.0	0.0	-1.0
1869	-1.0	0.0	-1.0
1870	9.0	2.0	1.0
1871	23.0	2.0	1.0
1872	-1.0	0.0	-1.0
1873	-1.0	0.0	-1.0
1874	-1.0	0.0	0.0
1875	-1.0	0.0	-1.0
1876	-1.0	0.0	-1.0
1877	-1.0	0.0	-1.0
1878	-1.0	0.0	-1.0
1879	-1.0	0.0	-1.0
1880	27.0	2.0	1.0
1881	-1.0	0.0	0.0
1882	-1.0	0.0	-1.0
1883	-1.0	0.0	0.0
1884	-1.0	0.0	-1.0
1885	-1.0	0.0	-1.0
1886	-1.0	0.0	0.0
1887	-1.0	0.0	-1.0
1888	-1.0	0.0	-1.0
1889	0.0	2.0	1.0
1890	-1.0	0.0	-1.0
1891	-1.0	0.0	-1.0
1892	-1.0	0.0	-1.0
1893	-1.0	0.0	0.0
1894	-1.0	0.0	-1.0
1895	8.0	2.0	1.0
1896	-1.0	0.0	-1.0
1897	-1.0	0.0	-1.0
1898	17.0	2.0	1.0
1899	14.0	2.0	1.0
1900	-1.0	0.0	-1.0
1901	16.0	2.0	1.0
1902	-1.0	0.0	-1.0
1903	-1.0	0.0	0.0
1904	-1.0	0.0	-1.0
1905	-1.0	0.0	-1.0
1906	-1.0	0.0	-1.0
1907	-1.0	0.0	-1.0
1908	-1.0	0.0	-1.0
1909	-1.0	0.0	-1.0
1910	-1.0	0.0	-1.0
1911	-1.0	0.0	0.0
1912	-1.0	0.0	0.0
1913	-1.0	0.0	-1.0
1914	0.0	2.0	1.0
1915	-1.0	0.0	-1.0
1916	-1.0	0.0	-1.0
1917	-1.0	0.0	-1.0
1918	-1.0	0.0	0.0
1919	-1.0	0.0	0.0
1920	-1.0	0.0	-1.0
1921	-1.0	0.0	-1.0
1922	-1.0	0.0	0.0
1923	-1.0	0.0	-1.0
1924	-1.0	0.0	-1.0
1925	-1.0	0.0	0.0
1926	-1.0	0.0	-1.0
1927	-1.0	0.0	0.0
1928	-1.0	0.0	0.0
1929	-1.0	0.0	0.0
1930	-1.0	0.0	-1.0
1931	-1.0	0.0	0.0
1932	0.0	2.0	1.0
1933	0.0	2.0	1.0
1934	-1.0	0.0	-1.0
1935	-1.0	0.0	-1.0
1936	-1.0	0.0	-1.0
1937	-1.0	0.0	0.0
1938	-1.0	0.0	-1.0
1939	-1.0	0.0	-1.0
1940	-1.0	0.0	-1.0
1941	-1.0	0.0	-1.0
1942	-1.0	0.0	0.0
1943	-1.0	0.0	-1.0
1944	-1.0	0.0	-1.0
1945	28.0	3.0	1.0
1946	0.0	2.0	1.0
1947	-1.0	0.0	-1.0
1948	0.0	2.0	1.0
1949	-1.0	0.0	-1.0
1950	-1.0	0.0	-1.0
1951	0.0	2.0	1.0
1952	9.0	2.0	1.0
1953	19.0	2.0	1.0
1954	-1.0	0.0	-1.0
1955	-1.0	0.0	-1.0
1956	-1.0	0.0	0.0
1957	11.0	2.0	1.0
1958	11.0	3.0	1.0
1959	-1.0	0.0	0.0
1960	-1.0	0.0	0.0
1961	-1.0	0.0	0.0
1962	-1.0	0.0	-1.0
1963	19.0	2.0	1.0
1964	-1.0	0.0	-1.0
1965	-1.0	0.0	-1.0
1966	-1.0	0.0	-1.0
1967	-1.0	0.0	-1.0
1968	-1.0	0.0	0.0
1969	11.0	2.0	1.0
1970	25.0	2.0	1.0
1971	-1.0	0.0	-1.0
1972	-1.0	0.0	0.0
1973	-1.0	0.0	-1.0
1974	-1.0	0.0	0.0
1975	-1.0	0.0	-1.0
1976	-1.0	0.0	-1.0
1977	-1.0	0.0	-1.0
1978	-1.0	0.0	-1.0
1979	-1.0	0.0	0.0
1980	-1.0	0.0	0.0
1981	-1.0	0.0	-1.0
1982	-1.0	0.0	-1.0
1983	-1.0	0.0	-1.0
1984	-1.0	0.0	-1.0
1985	-1.0	0.0	-1.0
1986	-1.0	0.0	-1.0
1987	-1.0	0.0	-1.0
1988	-1.0	0.0	0.0
1989	-1.0	0.0	0.0
1990	-1.0	0.0	0.0
1991	-1.0	0.0	-1.0
1992	-1.0	0.0	-1.0
1993	-1.0	0.0	0.0
1994	-1.0	0.0	-1.0
1995	-1.0	0.0	-1.0
1996	-1.0	0.0	0.0
1997	10.0	2.0	1.0
1998	-1.0	0.0	-1.0
1999	-1.0	0.0	-1.0
2000	16.0	2.0	1.0
2001	22.0	3.0	1.0
2002	-1.0	0.0	0.0
2003	-1.0	0.0	0.0
2004	-1.0	0.0	-1.0
2005	-1.0	0.0	-1.0
2006	18.0	2.0	1.0
2007	-1.0	0.0	-1.0
2008	-1.0	0.0	0.0
2009	-1.0	0.0	-1.0
2010	-1.0	0.0	0.0
2011	-1.0	0.0	-1.0
2012	-1.0	0.0	-1.0
2013	-1.0	0.0	0.0
2014	10.0	2.0	1.0
2015	-1.0	0.0	0.0
2016	-1.0	0.0	-1.0
2017	-1.0	0.0	0.0
2018	-1.0	0.0	-1.0
2019	10.0	2.0	1.0
2020	0.0	2.0	1.0
2021	0.0	2.0	1.0
2022	-1.0	0.0	-1.0
2023	-1.0	0.0	-1.0
2024	-1.0	0.0	-1.0
2025	0.0	2.0	1.0
2026	-1.0	0.0	-1.0
2027	-1.0	0.0	0.0
2028	-1.0	0.0	-1.0
2029	8.0	2.0	1.0
2030	0.0	2.0	1.0
2031	24.0	2.0	1.0
2032	-1.0	0.0	-1.0
2033	-1.0	0.0	-1.0
2034	-1.0	0.0	0.0
2035	-1.0	0.0	0.0
2036	-1.0	0.0	-1.0
2037	-1.0	0.0	-1.0
2038	-1.0	0.0	0.0
2039	-1.0	0.0	-1.0
2040	-1.0	0.0	-1.0
2041	28.0	2.0	1.0
2042	0.0	2.0	1.0
2043	-1.0	0.0	-1.0
2044	-1.0	0.0	0.0
2045	-1.0	0.0	0.0
2046	-1.0	0.0	-1.0
2047	-1.0	0.0	-1.0
2048	-1.0	0.0	-1.0
2049	19.0	2.0	1.0
2050	-1.0	0.0	0.0
2051	-1.0	0.0	-1.0
2052	0.0	2.0	1.0
2053	-1.0	0.0	-1.0
2054	-1.0	0.0	0.0
2055	0.0	2.0	1.0
2056	12.0	2.0	1.0
2057	0.0	2.0	1.0
2058	-1.0	0.0	-1.0
2059	-1.0	0.0	0.0
2060	27.0	2.0	1.0
2061	-1.0	0.0	0.0
2062	-1.0	0.0	-1.0
2063	-1.0	0.0	0.0
2064	15.0	2.0	1.0
2065	-1.0	0.0	0.0
2066	24.0	2.0	1.0
2067	23.0	2.0	1.0
2068	-1.0	0.0	-1.0
2069	-1.0	0.0	-1.0
2070	-1.0	0.0	0.0
2071	-1.0	0.0	-1.0
2072	-1.0	0.0	-1.0
2073	-1.0	0.0	-1.0
2074	-1.0	0.0	-1.0
2075	-1.0	0.0	-1.0
2076	-1.0	0.0	0.0
2077	-1.0	0.0	-1.0
2078	21.0	3.0	1.0
2079	17.0	2.0	1.0
2080	-1.0	0.0	-1.0
2081	9.0	2.0	1.0
2082	-1.0	0.0	-1.0
2083	-1.0	0.0	0.0
2084	26.0	2.0	1.0
2085	-1.0	0.0	-1.0
2086	0.0	2.0	1.0
2087	0.0	2.0	1.0
2088	22.0	2.0	1.0
2089	-1.0	0.0	-1.0
2090	18.0	2.0	1.0
2091	25.0	2.0	1.0
2092	-1.0	0.0	0.0
2093	-1.0	0.0	-1.0
2094	-1.0	0.0	-1.0
2095	-1.0	0.0	0.0
2096	-1.0	0.0	-1.0
2097	-1.0	0.0	0.0
2098	-1.0	0.0	-1.0
2099	-1.0	0.0	0.0
2100	-1.0	0.0	-1.0
2101	-1.0	0.0	-1.0
2102	15.0	2.0	1.0
2103	-1.0	0.0	0.0
2104	11.0	2.0	1.0
2105	-1.0	0.0	-1.0
2106	-1.0	0.0	-1.0
2107	-1.0	0.0	-1.0
2108	-1.0	0.0	0.0
2109	21.0	2.0	1.0
2110	14.0	3.0	1.0
2111	0.0	2.0	1.0
2112	-1.0	0.0	-1.0
2113	-1.0	0.0	-1.0
2114	25.0	3.0	1.0
2115	23.0	2.0	1.0
2116	-1.0	0.0	-1.0
2117	-1.0	0.0	-1.0
2118	-1.0	0.0	-1.0
2119	-1.0	0.0	0.0
2120	-1.0	0.0	-1.0
2121	-1.0	0.0	0.0
2122	-1.0	0.0	-1.0
2123	-1.0	0.0	0.0
2124	-1.0	0.0	-1.0
2125	-1.0	0.0	-1.0
2126	-1.0	0.0	0.0
2127	-1.0	0.0	0.0
2128	-1.0	0.0	0.0
2129	-1.0	0.0	-1.0
2130	-1.0	0.0	-1.0
2131	-1.0	0.0	0.0
2132	23.0	2.0	1.0
2133	22.0	2.0	1.0
2134	-1.0	0.0	0.0
2135	-1.0	0.0	-1.0
2136	-1.0	0.0	-1.0
2137	9.0	2.0	1.0
2138	-1.0	0.0	-1.0
2139	-1.0	0.0	-1.0
2140	-1.0	0.0	-1.0
2141	-1.0	0.0	-1.0
2142	-1.0	0.0	-1.0
2143	-1.0	0.0	-1.0
2144	-1.0	0.0	-1.0
2145	-1.0	0.0	-1.0
2146	-1.0	0.0	-1.0
2147	-1.0	0.0	-1.0
2148	-1.0	0.0	-1.0
2149	-1.0	0.0	0.0
2150	0.0	0.0	0.0
