index	outport	cost	SuccessFlag
0	0.0	2.0	1.0
1	10.0	3.0	1.0
2	0.0	2.0	1.0
3	10.0	3.0	1.0
4	25.0	3.0	1.0
5	27.0	3.0	1.0
6	13.0	3.0	1.0
7	14.0	3.0	1.0
8	8.0	3.0	1.0
9	0.0	2.0	1.0
10	19.0	3.0	1.0
11	0.0	2.0	1.0
12	17.0	3.0	1.0
13	0.0	2.0	1.0
14	24.0	3.0	1.0
15	-1.0	0.0	-1.0
16	11.0	3.0	1.0
17	24.0	3.0	1.0
18	22.0	2.0	1.0
19	22.0	3.0	1.0
20	15.0	2.0	1.0
21	0.0	2.0	1.0
22	8.0	3.0	1.0
23	27.0	3.0	1.0
24	15.0	3.0	1.0
25	0.0	2.0	1.0
26	0.0	2.0	1.0
27	0.0	2.0	1.0
28	0.0	2.0	1.0
29	-1.0	0.0	-1.0
30	24.0	3.0	1.0
31	13.0	3.0	1.0
32	8.0	2.0	1.0
33	26.0	3.0	1.0
34	0.0	2.0	1.0
35	24.0	3.0	1.0
36	15.0	2.0	1.0
37	23.0	2.0	1.0
38	0.0	2.0	1.0
39	8.0	2.0	1.0
40	21.0	3.0	1.0
41	8.0	2.0	1.0
42	-1.0	0.0	-1.0
43	16.0	3.0	1.0
44	23.0	3.0	1.0
45	8.0	2.0	1.0
46	16.0	3.0	1.0
47	0.0	2.0	1.0
48	15.0	2.0	1.0
49	15.0	2.0	1.0
50	0.0	2.0	1.0
51	0.0	2.0	1.0
52	9.0	3.0	1.0
53	-1.0	0.0	-1.0
54	22.0	3.0	1.0
55	-1.0	0.0	-1.0
56	0.0	2.0	1.0
57	8.0	2.0	1.0
58	0.0	2.0	1.0
59	8.0	2.0	1.0
60	15.0	2.0	1.0
61	0.0	2.0	1.0
62	8.0	2.0	1.0
63	22.0	2.0	1.0
64	0.0	2.0	1.0
65	0.0	2.0	1.0
66	-1.0	0.0	-1.0
67	0.0	2.0	1.0
68	15.0	3.0	1.0
69	0.0	2.0	1.0
70	21.0	3.0	1.0
71	22.0	2.0	1.0
72	16.0	2.0	1.0
73	-1.0	0.0	-1.0
74	8.0	3.0	1.0
75	28.0	3.0	1.0
76	-1.0	0.0	-1.0
77	-1.0	0.0	-1.0
78	17.0	3.0	1.0
79	26.0	3.0	1.0
80	-1.0	0.0	-1.0
81	15.0	2.0	1.0
82	-1.0	0.0	-1.0
83	0.0	2.0	1.0
84	-1.0	0.0	0.0
85	0.0	2.0	1.0
86	0.0	2.0	1.0
87	0.0	2.0	1.0
88	8.0	3.0	1.0
89	13.0	3.0	1.0
90	8.0	2.0	1.0
91	-1.0	0.0	0.0
92	11.0	3.0	1.0
93	-1.0	0.0	0.0
94	0.0	2.0	1.0
95	26.0	3.0	1.0
96	12.0	3.0	1.0
97	8.0	2.0	1.0
98	17.0	2.0	1.0
99	0.0	2.0	1.0
100	-1.0	0.0	-1.0
101	-1.0	0.0	-1.0
102	11.0	3.0	1.0
103	10.0	3.0	1.0
104	22.0	2.0	1.0
105	16.0	3.0	1.0
106	22.0	2.0	1.0
107	0.0	2.0	1.0
108	21.0	3.0	1.0
109	21.0	3.0	1.0
110	28.0	3.0	1.0
111	0.0	2.0	1.0
112	18.0	2.0	1.0
113	0.0	2.0	1.0
114	0.0	2.0	1.0
115	19.0	3.0	1.0
116	-1.0	0.0	-1.0
117	24.0	3.0	1.0
118	22.0	2.0	1.0
119	12.0	3.0	1.0
120	25.0	3.0	1.0
121	9.0	2.0	1.0
122	0.0	2.0	1.0
123	9.0	3.0	1.0
124	10.0	2.0	1.0
125	15.0	3.0	1.0
126	23.0	3.0	1.0
127	-1.0	0.0	0.0
128	18.0	3.0	1.0
129	-1.0	0.0	-1.0
130	0.0	2.0	1.0
131	15.0	2.0	1.0
132	-1.0	0.0	-1.0
133	8.0	2.0	1.0
134	-1.0	0.0	-1.0
135	24.0	3.0	1.0
136	9.0	3.0	1.0
137	25.0	3.0	1.0
138	-1.0	0.0	-1.0
139	0.0	2.0	1.0
140	9.0	3.0	1.0
141	17.0	2.0	1.0
142	17.0	2.0	1.0
143	-1.0	0.0	-1.0
144	-1.0	0.0	-1.0
145	15.0	2.0	1.0
146	24.0	2.0	1.0
147	-1.0	0.0	-1.0
148	-1.0	0.0	0.0
149	-1.0	0.0	-1.0
150	24.0	3.0	1.0
151	8.0	2.0	1.0
152	-1.0	0.0	-1.0
153	-1.0	0.0	-1.0
154	-1.0	0.0	-1.0
155	18.0	3.0	1.0
156	-1.0	0.0	-1.0
157	15.0	2.0	1.0
158	0.0	2.0	1.0
159	0.0	2.0	1.0
160	12.0	3.0	1.0
161	0.0	2.0	1.0
162	15.0	2.0	1.0
163	16.0	3.0	1.0
164	-1.0	0.0	-1.0
165	15.0	2.0	1.0
166	26.0	2.0	1.0
167	-1.0	0.0	-1.0
168	17.0	3.0	1.0
169	21.0	3.0	1.0
170	-1.0	0.0	-1.0
171	0.0	2.0	1.0
172	18.0	3.0	1.0
173	20.0	3.0	1.0
174	22.0	3.0	1.0
175	22.0	2.0	1.0
176	-1.0	0.0	-1.0
177	19.0	3.0	1.0
178	23.0	2.0	1.0
179	-1.0	0.0	-1.0
180	16.0	2.0	1.0
181	9.0	3.0	1.0
182	-1.0	0.0	-1.0
183	-1.0	0.0	-1.0
184	15.0	3.0	1.0
185	22.0	2.0	1.0
186	9.0	2.0	1.0
187	25.0	3.0	1.0
188	20.0	3.0	1.0
189	-1.0	0.0	-1.0
190	28.0	3.0	1.0
191	19.0	2.0	1.0
192	22.0	2.0	1.0
193	0.0	2.0	1.0
194	-1.0	0.0	0.0
195	15.0	2.0	1.0
196	-1.0	0.0	-1.0
197	15.0	2.0	1.0
198	0.0	2.0	1.0
199	-1.0	0.0	-1.0
200	-1.0	0.0	0.0
201	0.0	2.0	1.0
202	0.0	2.0	1.0
203	-1.0	0.0	0.0
204	0.0	2.0	1.0
205	-1.0	0.0	-1.0
206	22.0	2.0	1.0
207	-1.0	0.0	0.0
208	23.0	2.0	1.0
209	13.0	3.0	1.0
210	0.0	2.0	1.0
211	20.0	3.0	1.0
212	-1.0	0.0	0.0
213	27.0	3.0	1.0
214	11.0	3.0	1.0
215	0.0	2.0	1.0
216	-1.0	0.0	-1.0
217	8.0	3.0	1.0
218	18.0	3.0	1.0
219	0.0	2.0	1.0
220	23.0	3.0	1.0
221	-1.0	0.0	-1.0
222	0.0	2.0	1.0
223	-1.0	0.0	-1.0
224	16.0	2.0	1.0
225	-1.0	0.0	-1.0
226	27.0	3.0	1.0
227	-1.0	0.0	-1.0
228	11.0	2.0	1.0
229	-1.0	0.0	0.0
230	-1.0	0.0	-1.0
231	16.0	3.0	1.0
232	24.0	3.0	1.0
233	23.0	3.0	1.0
234	12.0	3.0	1.0
235	-1.0	0.0	-1.0
236	0.0	2.0	1.0
237	17.0	3.0	1.0
238	-1.0	0.0	0.0
239	11.0	3.0	1.0
240	8.0	2.0	1.0
241	22.0	2.0	1.0
242	10.0	3.0	1.0
243	15.0	2.0	1.0
244	-1.0	0.0	-1.0
245	-1.0	0.0	-1.0
246	-1.0	0.0	-1.0
247	-1.0	0.0	-1.0
248	-1.0	0.0	-1.0
249	27.0	3.0	1.0
250	8.0	2.0	1.0
251	28.0	3.0	1.0
252	20.0	3.0	1.0
253	-1.0	0.0	-1.0
254	22.0	2.0	1.0
255	28.0	3.0	1.0
256	22.0	2.0	1.0
257	-1.0	0.0	-1.0
258	0.0	2.0	1.0
259	-1.0	0.0	-1.0
260	-1.0	0.0	-1.0
261	11.0	2.0	1.0
262	25.0	2.0	1.0
263	-1.0	0.0	0.0
264	-1.0	0.0	-1.0
265	-1.0	0.0	0.0
266	22.0	2.0	1.0
267	-1.0	0.0	0.0
268	23.0	2.0	1.0
269	-1.0	0.0	-1.0
270	9.0	3.0	1.0
271	-1.0	0.0	0.0
272	-1.0	0.0	-1.0
273	17.0	3.0	1.0
274	0.0	2.0	1.0
275	0.0	2.0	1.0
276	-1.0	0.0	-1.0
277	23.0	2.0	1.0
278	-1.0	0.0	-1.0
279	15.0	2.0	1.0
280	12.0	3.0	1.0
281	26.0	3.0	1.0
282	-1.0	0.0	0.0
283	0.0	2.0	1.0
284	25.0	3.0	1.0
285	8.0	2.0	1.0
286	18.0	3.0	1.0
287	0.0	2.0	1.0
288	-1.0	0.0	-1.0
289	-1.0	0.0	0.0
290	-1.0	0.0	-1.0
291	0.0	2.0	1.0
292	0.0	2.0	1.0
293	-1.0	0.0	0.0
294	0.0	2.0	1.0
295	0.0	2.0	1.0
296	-1.0	0.0	0.0
297	11.0	3.0	1.0
298	10.0	2.0	1.0
299	0.0	2.0	1.0
300	0.0	2.0	1.0
301	0.0	2.0	1.0
302	28.0	3.0	1.0
303	20.0	2.0	1.0
304	19.0	2.0	1.0
305	-1.0	0.0	0.0
306	0.0	2.0	1.0
307	12.0	3.0	1.0
308	0.0	2.0	1.0
309	-1.0	0.0	-1.0
310	0.0	2.0	1.0
311	-1.0	0.0	-1.0
312	27.0	3.0	1.0
313	-1.0	0.0	-1.0
314	11.0	3.0	1.0
315	-1.0	0.0	-1.0
316	0.0	2.0	1.0
317	26.0	2.0	1.0
318	8.0	2.0	1.0
319	15.0	2.0	1.0
320	0.0	2.0	1.0
321	13.0	3.0	1.0
322	-1.0	0.0	-1.0
323	0.0	2.0	1.0
324	-1.0	0.0	-1.0
325	8.0	2.0	1.0
326	23.0	2.0	1.0
327	-1.0	0.0	0.0
328	13.0	3.0	1.0
329	-1.0	0.0	-1.0
330	-1.0	0.0	-1.0
331	13.0	3.0	1.0
332	17.0	2.0	1.0
333	0.0	2.0	1.0
334	-1.0	0.0	-1.0
335	12.0	2.0	1.0
336	20.0	2.0	1.0
337	-1.0	0.0	-1.0
338	0.0	2.0	1.0
339	15.0	3.0	1.0
340	-1.0	0.0	0.0
341	-1.0	0.0	-1.0
342	12.0	3.0	1.0
343	0.0	2.0	1.0
344	-1.0	0.0	-1.0
345	9.0	2.0	1.0
346	16.0	2.0	1.0
347	0.0	2.0	1.0
348	-1.0	0.0	-1.0
349	18.0	2.0	1.0
350	-1.0	0.0	-1.0
351	-1.0	0.0	0.0
352	-1.0	0.0	-1.0
353	-1.0	0.0	-1.0
354	25.0	3.0	1.0
355	27.0	3.0	1.0
356	8.0	2.0	1.0
357	-1.0	0.0	-1.0
358	19.0	2.0	1.0
359	8.0	2.0	1.0
360	22.0	2.0	1.0
361	19.0	2.0	1.0
362	22.0	2.0	1.0
363	8.0	2.0	1.0
364	15.0	2.0	1.0
365	14.0	3.0	1.0
366	-1.0	0.0	-1.0
367	-1.0	0.0	0.0
368	16.0	3.0	1.0
369	15.0	2.0	1.0
370	-1.0	0.0	0.0
371	22.0	2.0	1.0
372	-1.0	0.0	-1.0
373	-1.0	0.0	-1.0
374	14.0	2.0	1.0
375	27.0	3.0	1.0
376	25.0	2.0	1.0
377	-1.0	0.0	0.0
378	-1.0	0.0	-1.0
379	25.0	3.0	1.0
380	-1.0	0.0	-1.0
381	-1.0	0.0	0.0
382	-1.0	0.0	-1.0
383	13.0	2.0	1.0
384	0.0	2.0	1.0
385	-1.0	0.0	-1.0
386	-1.0	0.0	0.0
387	-1.0	0.0	0.0
388	20.0	3.0	1.0
389	-1.0	0.0	-1.0
390	15.0	3.0	1.0
391	-1.0	0.0	-1.0
392	-1.0	0.0	0.0
393	-1.0	0.0	-1.0
394	22.0	3.0	1.0
395	12.0	3.0	1.0
396	22.0	2.0	1.0
397	-1.0	0.0	0.0
398	-1.0	0.0	-1.0
399	-1.0	0.0	-1.0
400	-1.0	0.0	-1.0
401	-1.0	0.0	-1.0
402	18.0	3.0	1.0
403	-1.0	0.0	-1.0
404	22.0	2.0	1.0
405	0.0	2.0	1.0
406	-1.0	0.0	-1.0
407	16.0	3.0	1.0
408	-1.0	0.0	-1.0
409	-1.0	0.0	-1.0
410	-1.0	0.0	-1.0
411	-1.0	0.0	-1.0
412	-1.0	0.0	-1.0
413	26.0	2.0	1.0
414	0.0	2.0	1.0
415	0.0	2.0	1.0
416	-1.0	0.0	0.0
417	14.0	3.0	1.0
418	-1.0	0.0	-1.0
419	9.0	3.0	1.0
420	0.0	2.0	1.0
421	-1.0	0.0	-1.0
422	-1.0	0.0	-1.0
423	-1.0	0.0	-1.0
424	14.0	3.0	1.0
425	-1.0	0.0	-1.0
426	10.0	2.0	1.0
427	10.0	3.0	1.0
428	23.0	2.0	1.0
429	-1.0	0.0	-1.0
430	28.0	3.0	1.0
431	0.0	2.0	1.0
432	0.0	2.0	1.0
433	-1.0	0.0	-1.0
434	-1.0	0.0	0.0
435	-1.0	0.0	-1.0
436	-1.0	0.0	-1.0
437	27.0	3.0	1.0
438	12.0	2.0	1.0
439	-1.0	0.0	-1.0
440	15.0	2.0	1.0
441	0.0	2.0	1.0
442	-1.0	0.0	-1.0
443	-1.0	0.0	-1.0
444	-1.0	0.0	0.0
445	-1.0	0.0	0.0
446	-1.0	0.0	-1.0
447	25.0	2.0	1.0
448	-1.0	0.0	0.0
449	0.0	2.0	1.0
450	-1.0	0.0	0.0
451	-1.0	0.0	0.0
452	19.0	2.0	1.0
453	21.0	3.0	1.0
454	-1.0	0.0	-1.0
455	-1.0	0.0	0.0
456	-1.0	0.0	-1.0
457	27.0	2.0	1.0
458	-1.0	0.0	-1.0
459	0.0	2.0	1.0
460	8.0	2.0	1.0
461	-1.0	0.0	-1.0
462	0.0	2.0	1.0
463	11.0	3.0	1.0
464	22.0	3.0	1.0
465	-1.0	0.0	0.0
466	-1.0	0.0	0.0
467	-1.0	0.0	-1.0
468	-1.0	0.0	0.0
469	24.0	2.0	1.0
470	26.0	2.0	1.0
471	-1.0	0.0	-1.0
472	0.0	2.0	1.0
473	16.0	3.0	1.0
474	16.0	3.0	1.0
475	-1.0	0.0	-1.0
476	-1.0	0.0	-1.0
477	-1.0	0.0	-1.0
478	9.0	2.0	1.0
479	14.0	3.0	1.0
480	17.0	3.0	1.0
481	-1.0	0.0	-1.0
482	-1.0	0.0	-1.0
483	-1.0	0.0	0.0
484	-1.0	0.0	0.0
485	-1.0	0.0	-1.0
486	-1.0	0.0	0.0
487	16.0	2.0	1.0
488	-1.0	0.0	0.0
489	-1.0	0.0	-1.0
490	17.0	3.0	1.0
491	-1.0	0.0	0.0
492	18.0	2.0	1.0
493	-1.0	0.0	-1.0
494	-1.0	0.0	0.0
495	15.0	2.0	1.0
496	-1.0	0.0	-1.0
497	-1.0	0.0	-1.0
498	18.0	3.0	1.0
499	11.0	3.0	1.0
500	-1.0	0.0	-1.0
501	-1.0	0.0	-1.0
502	-1.0	0.0	0.0
503	-1.0	0.0	0.0
504	13.0	3.0	1.0
505	15.0	2.0	1.0
506	0.0	2.0	1.0
507	20.0	2.0	1.0
508	16.0	2.0	1.0
509	23.0	2.0	1.0
510	-1.0	0.0	-1.0
511	-1.0	0.0	-1.0
512	-1.0	0.0	0.0
513	8.0	2.0	1.0
514	-1.0	0.0	0.0
515	-1.0	0.0	-1.0
516	14.0	3.0	1.0
517	-1.0	0.0	-1.0
518	28.0	3.0	1.0
519	0.0	2.0	1.0
520	-1.0	0.0	-1.0
521	23.0	2.0	1.0
522	-1.0	0.0	-1.0
523	-1.0	0.0	-1.0
524	-1.0	0.0	0.0
525	0.0	2.0	1.0
526	-1.0	0.0	-1.0
527	15.0	2.0	1.0
528	18.0	3.0	1.0
529	-1.0	0.0	-1.0
530	-1.0	0.0	0.0
531	22.0	2.0	1.0
532	0.0	2.0	1.0
533	-1.0	0.0	-1.0
534	12.0	2.0	1.0
535	-1.0	0.0	-1.0
536	12.0	3.0	1.0
537	10.0	2.0	1.0
538	22.0	2.0	1.0
539	0.0	2.0	1.0
540	-1.0	0.0	-1.0
541	16.0	2.0	1.0
542	23.0	2.0	1.0
543	21.0	3.0	1.0
544	-1.0	0.0	-1.0
545	23.0	2.0	1.0
546	-1.0	0.0	0.0
547	10.0	2.0	1.0
548	9.0	2.0	1.0
549	-1.0	0.0	0.0
550	-1.0	0.0	0.0
551	-1.0	0.0	0.0
552	0.0	2.0	1.0
553	-1.0	0.0	-1.0
554	-1.0	0.0	0.0
555	-1.0	0.0	0.0
556	-1.0	0.0	0.0
557	-1.0	0.0	-1.0
558	13.0	3.0	1.0
559	22.0	2.0	1.0
560	-1.0	0.0	-1.0
561	-1.0	0.0	-1.0
562	-1.0	0.0	-1.0
563	-1.0	0.0	0.0
564	-1.0	0.0	0.0
565	-1.0	0.0	-1.0
566	-1.0	0.0	-1.0
567	24.0	2.0	1.0
568	10.0	3.0	1.0
569	9.0	3.0	1.0
570	-1.0	0.0	-1.0
571	23.0	3.0	1.0
572	-1.0	0.0	-1.0
573	-1.0	0.0	-1.0
574	-1.0	0.0	0.0
575	-1.0	0.0	0.0
576	20.0	2.0	1.0
577	-1.0	0.0	0.0
578	-1.0	0.0	0.0
579	-1.0	0.0	-1.0
580	8.0	2.0	1.0
581	-1.0	0.0	0.0
582	23.0	2.0	1.0
583	-1.0	0.0	-1.0
584	-1.0	0.0	0.0
585	-1.0	0.0	-1.0
586	-1.0	0.0	-1.0
587	13.0	2.0	1.0
588	-1.0	0.0	-1.0
589	0.0	2.0	1.0
590	17.0	2.0	1.0
591	-1.0	0.0	0.0
592	0.0	2.0	1.0
593	0.0	2.0	1.0
594	25.0	2.0	1.0
595	-1.0	0.0	0.0
596	20.0	3.0	1.0
597	-1.0	0.0	0.0
598	9.0	2.0	1.0
599	-1.0	0.0	0.0
600	0.0	2.0	1.0
601	-1.0	0.0	-1.0
602	9.0	2.0	1.0
603	10.0	2.0	1.0
604	8.0	2.0	1.0
605	0.0	2.0	1.0
606	-1.0	0.0	-1.0
607	-1.0	0.0	-1.0
608	18.0	2.0	1.0
609	27.0	2.0	1.0
610	-1.0	0.0	0.0
611	-1.0	0.0	0.0
612	-1.0	0.0	-1.0
613	-1.0	0.0	0.0
614	-1.0	0.0	0.0
615	-1.0	0.0	-1.0
616	-1.0	0.0	0.0
617	0.0	2.0	1.0
618	-1.0	0.0	-1.0
619	-1.0	0.0	-1.0
620	8.0	2.0	1.0
621	-1.0	0.0	-1.0
622	-1.0	0.0	-1.0
623	14.0	3.0	1.0
624	-1.0	0.0	0.0
625	-1.0	0.0	-1.0
626	19.0	2.0	1.0
627	15.0	2.0	1.0
628	0.0	2.0	1.0
629	16.0	2.0	1.0
630	-1.0	0.0	0.0
631	-1.0	0.0	-1.0
632	-1.0	0.0	0.0
633	-1.0	0.0	-1.0
634	-1.0	0.0	-1.0
635	-1.0	0.0	-1.0
636	-1.0	0.0	-1.0
637	-1.0	0.0	-1.0
638	13.0	2.0	1.0
639	-1.0	0.0	-1.0
640	24.0	2.0	1.0
641	-1.0	0.0	0.0
642	-1.0	0.0	0.0
643	-1.0	0.0	-1.0
644	15.0	2.0	1.0
645	24.0	2.0	1.0
646	-1.0	0.0	-1.0
647	10.0	2.0	1.0
648	0.0	2.0	1.0
649	-1.0	0.0	-1.0
650	0.0	2.0	1.0
651	22.0	2.0	1.0
652	0.0	2.0	1.0
653	-1.0	0.0	0.0
654	15.0	2.0	1.0
655	-1.0	0.0	0.0
656	-1.0	0.0	-1.0
657	-1.0	0.0	0.0
658	-1.0	0.0	0.0
659	-1.0	0.0	0.0
660	11.0	2.0	1.0
661	-1.0	0.0	0.0
662	18.0	3.0	1.0
663	-1.0	0.0	-1.0
664	0.0	2.0	1.0
665	-1.0	0.0	-1.0
666	-1.0	0.0	-1.0
667	-1.0	0.0	0.0
668	18.0	2.0	1.0
669	-1.0	0.0	-1.0
670	-1.0	0.0	-1.0
671	-1.0	0.0	0.0
672	-1.0	0.0	0.0
673	0.0	2.0	1.0
674	9.0	2.0	1.0
675	28.0	3.0	1.0
676	23.0	2.0	1.0
677	16.0	2.0	1.0
678	18.0	3.0	1.0
679	-1.0	0.0	-1.0
680	0.0	2.0	1.0
681	-1.0	0.0	0.0
682	22.0	2.0	1.0
683	-1.0	0.0	0.0
684	-1.0	0.0	0.0
685	9.0	2.0	1.0
686	-1.0	0.0	-1.0
687	0.0	2.0	1.0
688	-1.0	0.0	-1.0
689	-1.0	0.0	-1.0
690	25.0	2.0	1.0
691	-1.0	0.0	-1.0
692	23.0	2.0	1.0
693	-1.0	0.0	0.0
694	-1.0	0.0	-1.0
695	-1.0	0.0	-1.0
696	-1.0	0.0	-1.0
697	-1.0	0.0	0.0
698	-1.0	0.0	-1.0
699	21.0	3.0	1.0
700	-1.0	0.0	0.0
701	-1.0	0.0	-1.0
702	23.0	2.0	1.0
703	15.0	2.0	1.0
704	21.0	3.0	1.0
705	15.0	3.0	1.0
706	15.0	2.0	1.0
707	-1.0	0.0	-1.0
708	-1.0	0.0	-1.0
709	0.0	2.0	1.0
710	24.0	2.0	1.0
711	-1.0	0.0	-1.0
712	-1.0	0.0	-1.0
713	9.0	2.0	1.0
714	10.0	2.0	1.0
715	11.0	2.0	1.0
716	-1.0	0.0	0.0
717	0.0	2.0	1.0
718	16.0	3.0	1.0
719	-1.0	0.0	-1.0
720	-1.0	0.0	-1.0
721	-1.0	0.0	0.0
722	-1.0	0.0	-1.0
723	-1.0	0.0	-1.0
724	-1.0	0.0	0.0
725	-1.0	0.0	0.0
726	-1.0	0.0	0.0
727	27.0	2.0	1.0
728	-1.0	0.0	-1.0
729	0.0	2.0	1.0
730	25.0	3.0	1.0
731	0.0	2.0	1.0
732	-1.0	0.0	0.0
733	-1.0	0.0	-1.0
734	0.0	2.0	1.0
735	-1.0	0.0	-1.0
736	0.0	2.0	1.0
737	-1.0	0.0	-1.0
738	-1.0	0.0	0.0
739	0.0	2.0	1.0
740	-1.0	0.0	0.0
741	-1.0	0.0	-1.0
742	-1.0	0.0	0.0
743	-1.0	0.0	0.0
744	25.0	2.0	1.0
745	-1.0	0.0	0.0
746	0.0	2.0	1.0
747	-1.0	0.0	-1.0
748	16.0	3.0	1.0
749	-1.0	0.0	-1.0
750	8.0	2.0	1.0
751	-1.0	0.0	0.0
752	16.0	3.0	1.0
753	-1.0	0.0	-1.0
754	-1.0	0.0	-1.0
755	19.0	2.0	1.0
756	21.0	3.0	1.0
757	-1.0	0.0	-1.0
758	-1.0	0.0	0.0
759	-1.0	0.0	-1.0
760	-1.0	0.0	-1.0
761	-1.0	0.0	0.0
762	-1.0	0.0	0.0
763	-1.0	0.0	-1.0
764	20.0	2.0	1.0
765	-1.0	0.0	-1.0
766	-1.0	0.0	-1.0
767	0.0	2.0	1.0
768	28.0	2.0	1.0
769	-1.0	0.0	0.0
770	-1.0	0.0	-1.0
771	27.0	3.0	1.0
772	-1.0	0.0	-1.0
773	-1.0	0.0	-1.0
774	-1.0	0.0	0.0
775	-1.0	0.0	-1.0
776	-1.0	0.0	-1.0
777	-1.0	0.0	0.0
778	13.0	2.0	1.0
779	17.0	2.0	1.0
780	12.0	3.0	1.0
781	22.0	2.0	1.0
782	25.0	2.0	1.0
783	21.0	2.0	1.0
784	0.0	2.0	1.0
785	-1.0	0.0	-1.0
786	-1.0	0.0	-1.0
787	9.0	2.0	1.0
788	-1.0	0.0	-1.0
789	-1.0	0.0	-1.0
790	-1.0	0.0	0.0
791	-1.0	0.0	-1.0
792	-1.0	0.0	-1.0
793	-1.0	0.0	-1.0
794	22.0	3.0	1.0
795	8.0	2.0	1.0
796	0.0	2.0	1.0
797	0.0	2.0	1.0
798	15.0	2.0	1.0
799	-1.0	0.0	-1.0
800	10.0	2.0	1.0
801	-1.0	0.0	-1.0
802	0.0	2.0	1.0
803	-1.0	0.0	-1.0
804	-1.0	0.0	0.0
805	-1.0	0.0	-1.0
806	-1.0	0.0	-1.0
807	-1.0	0.0	-1.0
808	-1.0	0.0	-1.0
809	-1.0	0.0	-1.0
810	20.0	3.0	1.0
811	-1.0	0.0	-1.0
812	-1.0	0.0	-1.0
813	-1.0	0.0	-1.0
814	-1.0	0.0	-1.0
815	0.0	2.0	1.0
816	-1.0	0.0	-1.0
817	-1.0	0.0	-1.0
818	18.0	2.0	1.0
819	-1.0	0.0	-1.0
820	-1.0	0.0	0.0
821	-1.0	0.0	-1.0
822	17.0	2.0	1.0
823	-1.0	0.0	-1.0
824	-1.0	0.0	-1.0
825	-1.0	0.0	-1.0
826	18.0	2.0	1.0
827	-1.0	0.0	0.0
828	0.0	2.0	1.0
829	-1.0	0.0	-1.0
830	-1.0	0.0	0.0
831	8.0	2.0	1.0
832	25.0	2.0	1.0
833	-1.0	0.0	0.0
834	-1.0	0.0	0.0
835	28.0	2.0	1.0
836	-1.0	0.0	-1.0
837	-1.0	0.0	-1.0
838	18.0	2.0	1.0
839	-1.0	0.0	0.0
840	16.0	2.0	1.0
841	0.0	2.0	1.0
842	0.0	2.0	1.0
843	-1.0	0.0	0.0
844	25.0	2.0	1.0
845	11.0	3.0	1.0
846	28.0	3.0	1.0
847	-1.0	0.0	-1.0
848	0.0	2.0	1.0
849	0.0	2.0	1.0
850	-1.0	0.0	-1.0
851	-1.0	0.0	-1.0
852	-1.0	0.0	0.0
853	-1.0	0.0	0.0
854	-1.0	0.0	0.0
855	-1.0	0.0	-1.0
856	-1.0	0.0	-1.0
857	10.0	2.0	1.0
858	26.0	2.0	1.0
859	19.0	3.0	1.0
860	25.0	2.0	1.0
861	24.0	2.0	1.0
862	-1.0	0.0	-1.0
863	8.0	2.0	1.0
864	0.0	2.0	1.0
865	14.0	3.0	1.0
866	-1.0	0.0	0.0
867	-1.0	0.0	-1.0
868	21.0	2.0	1.0
869	19.0	2.0	1.0
870	-1.0	0.0	0.0
871	0.0	2.0	1.0
872	-1.0	0.0	0.0
873	-1.0	0.0	-1.0
874	0.0	2.0	1.0
875	-1.0	0.0	-1.0
876	25.0	3.0	1.0
877	0.0	2.0	1.0
878	22.0	3.0	1.0
879	24.0	2.0	1.0
880	-1.0	0.0	-1.0
881	23.0	2.0	1.0
882	-1.0	0.0	0.0
883	-1.0	0.0	-1.0
884	0.0	2.0	1.0
885	-1.0	0.0	0.0
886	-1.0	0.0	-1.0
887	-1.0	0.0	-1.0
888	-1.0	0.0	-1.0
889	-1.0	0.0	-1.0
890	16.0	2.0	1.0
891	-1.0	0.0	-1.0
892	-1.0	0.0	0.0
893	-1.0	0.0	0.0
894	-1.0	0.0	0.0
895	0.0	2.0	1.0
896	18.0	3.0	1.0
897	0.0	2.0	1.0
898	-1.0	0.0	-1.0
899	-1.0	0.0	-1.0
900	19.0	2.0	1.0
901	-1.0	0.0	0.0
902	-1.0	0.0	-1.0
903	0.0	2.0	1.0
904	0.0	2.0	1.0
905	-1.0	0.0	0.0
906	17.0	2.0	1.0
907	28.0	3.0	1.0
908	-1.0	0.0	-1.0
909	-1.0	0.0	-1.0
910	-1.0	0.0	-1.0
911	25.0	3.0	1.0
912	-1.0	0.0	0.0
913	-1.0	0.0	-1.0
914	-1.0	0.0	-1.0
915	-1.0	0.0	-1.0
916	18.0	3.0	1.0
917	-1.0	0.0	0.0
918	12.0	3.0	1.0
919	-1.0	0.0	-1.0
920	24.0	2.0	1.0
921	-1.0	0.0	-1.0
922	-1.0	0.0	-1.0
923	-1.0	0.0	-1.0
924	0.0	2.0	1.0
925	-1.0	0.0	0.0
926	-1.0	0.0	0.0
927	19.0	2.0	1.0
928	-1.0	0.0	0.0
929	-1.0	0.0	-1.0
930	14.0	2.0	1.0
931	14.0	3.0	1.0
932	0.0	2.0	1.0
933	-1.0	0.0	0.0
934	0.0	2.0	1.0
935	-1.0	0.0	-1.0
936	16.0	3.0	1.0
937	-1.0	0.0	-1.0
938	12.0	3.0	1.0
939	-1.0	0.0	-1.0
940	-1.0	0.0	0.0
941	12.0	2.0	1.0
942	-1.0	0.0	-1.0
943	25.0	3.0	1.0
944	-1.0	0.0	0.0
945	-1.0	0.0	-1.0
946	13.0	3.0	1.0
947	-1.0	0.0	-1.0
948	-1.0	0.0	-1.0
949	0.0	2.0	1.0
950	0.0	2.0	1.0
951	-1.0	0.0	0.0
952	28.0	3.0	1.0
953	-1.0	0.0	-1.0
954	15.0	2.0	1.0
955	-1.0	0.0	-1.0
956	-1.0	0.0	0.0
957	-1.0	0.0	-1.0
958	-1.0	0.0	0.0
959	-1.0	0.0	-1.0
960	9.0	3.0	1.0
961	-1.0	0.0	-1.0
962	22.0	2.0	1.0
963	-1.0	0.0	0.0
964	0.0	2.0	1.0
965	-1.0	0.0	0.0
966	-1.0	0.0	0.0
967	0.0	2.0	1.0
968	-1.0	0.0	0.0
969	-1.0	0.0	-1.0
970	15.0	2.0	1.0
971	-1.0	0.0	-1.0
972	17.0	2.0	1.0
973	0.0	2.0	1.0
974	-1.0	0.0	-1.0
975	8.0	2.0	1.0
976	-1.0	0.0	-1.0
977	0.0	2.0	1.0
978	-1.0	0.0	-1.0
979	27.0	3.0	1.0
980	-1.0	0.0	-1.0
981	-1.0	0.0	-1.0
982	0.0	2.0	1.0
983	-1.0	0.0	-1.0
984	-1.0	0.0	-1.0
985	-1.0	0.0	-1.0
986	-1.0	0.0	0.0
987	-1.0	0.0	-1.0
988	-1.0	0.0	-1.0
989	-1.0	0.0	-1.0
990	-1.0	0.0	-1.0
991	-1.0	0.0	-1.0
992	9.0	2.0	1.0
993	-1.0	0.0	-1.0
994	24.0	3.0	1.0
995	-1.0	0.0	0.0
996	-1.0	0.0	-1.0
997	-1.0	0.0	0.0
998	-1.0	0.0	-1.0
999	-1.0	0.0	-1.0
1000	-1.0	0.0	0.0
1001	24.0	3.0	1.0
1002	-1.0	0.0	-1.0
1003	-1.0	0.0	0.0
1004	23.0	2.0	1.0
1005	-1.0	0.0	0.0
1006	-1.0	0.0	-1.0
1007	21.0	3.0	1.0
1008	-1.0	0.0	-1.0
1009	0.0	2.0	1.0
1010	-1.0	0.0	-1.0
1011	-1.0	0.0	-1.0
1012	-1.0	0.0	-1.0
1013	-1.0	0.0	-1.0
1014	-1.0	0.0	0.0
1015	8.0	3.0	1.0
1016	8.0	3.0	1.0
1017	-1.0	0.0	-1.0
1018	17.0	3.0	1.0
1019	24.0	2.0	1.0
1020	-1.0	0.0	-1.0
1021	-1.0	0.0	-1.0
1022	-1.0	0.0	-1.0
1023	-1.0	0.0	-1.0
1024	-1.0	0.0	0.0
1025	-1.0	0.0	0.0
1026	-1.0	0.0	0.0
1027	-1.0	0.0	-1.0
1028	-1.0	0.0	0.0
1029	-1.0	0.0	-1.0
1030	13.0	3.0	1.0
1031	9.0	2.0	1.0
1032	-1.0	0.0	-1.0
1033	14.0	3.0	1.0
1034	-1.0	0.0	0.0
1035	18.0	3.0	1.0
1036	0.0	2.0	1.0
1037	-1.0	0.0	0.0
1038	8.0	2.0	1.0
1039	-1.0	0.0	-1.0
1040	-1.0	0.0	0.0
1041	-1.0	0.0	-1.0
1042	-1.0	0.0	0.0
1043	0.0	2.0	1.0
1044	26.0	2.0	1.0
1045	-1.0	0.0	0.0
1046	9.0	2.0	1.0
1047	-1.0	0.0	-1.0
1048	-1.0	0.0	-1.0
1049	0.0	2.0	1.0
1050	-1.0	0.0	-1.0
1051	9.0	2.0	1.0
1052	10.0	2.0	1.0
1053	12.0	3.0	1.0
1054	20.0	3.0	1.0
1055	-1.0	0.0	-1.0
1056	17.0	2.0	1.0
1057	14.0	2.0	1.0
1058	22.0	2.0	1.0
1059	-1.0	0.0	0.0
1060	24.0	2.0	1.0
1061	-1.0	0.0	-1.0
1062	-1.0	0.0	0.0
1063	17.0	2.0	1.0
1064	-1.0	0.0	-1.0
1065	-1.0	0.0	0.0
1066	12.0	2.0	1.0
1067	0.0	2.0	1.0
1068	-1.0	0.0	-1.0
1069	-1.0	0.0	-1.0
1070	-1.0	0.0	0.0
1071	-1.0	0.0	0.0
1072	-1.0	0.0	-1.0
1073	-1.0	0.0	0.0
1074	-1.0	0.0	0.0
1075	-1.0	0.0	-1.0
1076	-1.0	0.0	-1.0
1077	-1.0	0.0	-1.0
1078	-1.0	0.0	-1.0
1079	-1.0	0.0	-1.0
1080	-1.0	0.0	0.0
1081	0.0	2.0	1.0
1082	-1.0	0.0	0.0
1083	-1.0	0.0	0.0
1084	-1.0	0.0	0.0
1085	0.0	2.0	1.0
1086	10.0	3.0	1.0
1087	12.0	2.0	1.0
1088	25.0	2.0	1.0
1089	-1.0	0.0	-1.0
1090	-1.0	0.0	0.0
1091	11.0	2.0	1.0
1092	0.0	2.0	1.0
1093	-1.0	0.0	-1.0
1094	-1.0	0.0	0.0
1095	-1.0	0.0	-1.0
1096	-1.0	0.0	-1.0
1097	11.0	3.0	1.0
1098	-1.0	0.0	-1.0
1099	-1.0	0.0	-1.0
1100	-1.0	0.0	0.0
1101	17.0	2.0	1.0
1102	-1.0	0.0	-1.0
1103	-1.0	0.0	-1.0
1104	-1.0	0.0	0.0
1105	0.0	2.0	1.0
1106	0.0	2.0	1.0
1107	-1.0	0.0	-1.0
1108	23.0	2.0	1.0
1109	-1.0	0.0	-1.0
1110	-1.0	0.0	-1.0
1111	11.0	2.0	1.0
1112	-1.0	0.0	0.0
1113	-1.0	0.0	0.0
1114	-1.0	0.0	-1.0
1115	-1.0	0.0	-1.0
1116	-1.0	0.0	0.0
1117	0.0	2.0	1.0
1118	-1.0	0.0	-1.0
1119	25.0	2.0	1.0
1120	-1.0	0.0	-1.0
1121	-1.0	0.0	0.0
1122	12.0	2.0	1.0
1123	0.0	2.0	1.0
1124	-1.0	0.0	-1.0
1125	-1.0	0.0	-1.0
1126	-1.0	0.0	0.0
1127	12.0	2.0	1.0
1128	-1.0	0.0	0.0
1129	-1.0	0.0	0.0
1130	-1.0	0.0	-1.0
1131	0.0	2.0	1.0
1132	-1.0	0.0	-1.0
1133	-1.0	0.0	0.0
1134	-1.0	0.0	-1.0
1135	-1.0	0.0	-1.0
1136	15.0	2.0	1.0
1137	-1.0	0.0	-1.0
1138	0.0	2.0	1.0
1139	-1.0	0.0	0.0
1140	-1.0	0.0	-1.0
1141	-1.0	0.0	-1.0
1142	-1.0	0.0	-1.0
1143	0.0	2.0	1.0
1144	-1.0	0.0	-1.0
1145	-1.0	0.0	-1.0
1146	0.0	2.0	1.0
1147	28.0	3.0	1.0
1148	10.0	3.0	1.0
1149	0.0	2.0	1.0
1150	21.0	3.0	1.0
1151	-1.0	0.0	0.0
1152	-1.0	0.0	0.0
1153	0.0	2.0	1.0
1154	-1.0	0.0	-1.0
1155	-1.0	0.0	-1.0
1156	-1.0	0.0	-1.0
1157	-1.0	0.0	0.0
1158	-1.0	0.0	-1.0
1159	-1.0	0.0	-1.0
1160	-1.0	0.0	0.0
1161	10.0	3.0	1.0
1162	15.0	2.0	1.0
1163	26.0	2.0	1.0
1164	0.0	2.0	1.0
1165	0.0	2.0	1.0
1166	25.0	2.0	1.0
1167	13.0	2.0	1.0
1168	-1.0	0.0	0.0
1169	11.0	2.0	1.0
1170	-1.0	0.0	-1.0
1171	-1.0	0.0	-1.0
1172	-1.0	0.0	0.0
1173	-1.0	0.0	-1.0
1174	0.0	2.0	1.0
1175	0.0	2.0	1.0
1176	-1.0	0.0	0.0
1177	-1.0	0.0	0.0
1178	-1.0	0.0	-1.0
1179	26.0	2.0	1.0
1180	-1.0	0.0	-1.0
1181	14.0	2.0	1.0
1182	-1.0	0.0	-1.0
1183	-1.0	0.0	-1.0
1184	-1.0	0.0	-1.0
1185	-1.0	0.0	0.0
1186	-1.0	0.0	-1.0
1187	25.0	2.0	1.0
1188	28.0	2.0	1.0
1189	-1.0	0.0	0.0
1190	23.0	3.0	1.0
1191	25.0	3.0	1.0
1192	24.0	3.0	1.0
1193	8.0	2.0	1.0
1194	-1.0	0.0	-1.0
1195	-1.0	0.0	-1.0
1196	-1.0	0.0	-1.0
1197	-1.0	0.0	0.0
1198	-1.0	0.0	0.0
1199	-1.0	0.0	-1.0
1200	22.0	2.0	1.0
1201	-1.0	0.0	0.0
1202	-1.0	0.0	-1.0
1203	-1.0	0.0	0.0
1204	-1.0	0.0	-1.0
1205	-1.0	0.0	0.0
1206	-1.0	0.0	-1.0
1207	-1.0	0.0	-1.0
1208	-1.0	0.0	-1.0
1209	0.0	2.0	1.0
1210	-1.0	0.0	0.0
1211	-1.0	0.0	-1.0
1212	9.0	2.0	1.0
1213	-1.0	0.0	-1.0
1214	-1.0	0.0	-1.0
1215	-1.0	0.0	-1.0
1216	-1.0	0.0	-1.0
1217	-1.0	0.0	0.0
1218	17.0	3.0	1.0
1219	-1.0	0.0	0.0
1220	-1.0	0.0	0.0
1221	-1.0	0.0	0.0
1222	18.0	2.0	1.0
1223	-1.0	0.0	0.0
1224	-1.0	0.0	-1.0
1225	-1.0	0.0	0.0
1226	27.0	3.0	1.0
1227	-1.0	0.0	-1.0
1228	11.0	3.0	1.0
1229	16.0	3.0	1.0
1230	9.0	3.0	1.0
1231	-1.0	0.0	-1.0
1232	-1.0	0.0	-1.0
1233	0.0	2.0	1.0
1234	9.0	3.0	1.0
1235	-1.0	0.0	0.0
1236	13.0	2.0	1.0
1237	-1.0	0.0	0.0
1238	-1.0	0.0	0.0
1239	25.0	2.0	1.0
1240	-1.0	0.0	0.0
1241	-1.0	0.0	0.0
1242	-1.0	0.0	-1.0
1243	-1.0	0.0	0.0
1244	-1.0	0.0	0.0
1245	-1.0	0.0	0.0
1246	0.0	2.0	1.0
1247	0.0	2.0	1.0
1248	26.0	2.0	1.0
1249	28.0	3.0	1.0
1250	12.0	3.0	1.0
1251	0.0	2.0	1.0
1252	-1.0	0.0	-1.0
1253	0.0	2.0	1.0
1254	19.0	2.0	1.0
1255	22.0	2.0	1.0
1256	-1.0	0.0	0.0
1257	0.0	2.0	1.0
1258	17.0	2.0	1.0
1259	-1.0	0.0	-1.0
1260	-1.0	0.0	-1.0
1261	20.0	3.0	1.0
1262	-1.0	0.0	-1.0
1263	-1.0	0.0	-1.0
1264	-1.0	0.0	-1.0
1265	-1.0	0.0	-1.0
1266	-1.0	0.0	-1.0
1267	-1.0	0.0	0.0
1268	0.0	2.0	1.0
1269	-1.0	0.0	0.0
1270	10.0	2.0	1.0
1271	10.0	2.0	1.0
1272	-1.0	0.0	-1.0
1273	0.0	2.0	1.0
1274	19.0	2.0	1.0
1275	-1.0	0.0	-1.0
1276	-1.0	0.0	-1.0
1277	-1.0	0.0	0.0
1278	-1.0	0.0	-1.0
1279	18.0	2.0	1.0
1280	-1.0	0.0	-1.0
1281	-1.0	0.0	-1.0
1282	-1.0	0.0	0.0
1283	27.0	3.0	1.0
1284	-1.0	0.0	-1.0
1285	23.0	2.0	1.0
1286	-1.0	0.0	0.0
1287	-1.0	0.0	-1.0
1288	0.0	2.0	1.0
1289	-1.0	0.0	-1.0
1290	-1.0	0.0	-1.0
1291	26.0	2.0	1.0
1292	0.0	2.0	1.0
1293	21.0	2.0	1.0
1294	0.0	2.0	1.0
1295	-1.0	0.0	-1.0
1296	-1.0	0.0	-1.0
1297	-1.0	0.0	0.0
1298	10.0	3.0	1.0
1299	-1.0	0.0	0.0
1300	-1.0	0.0	-1.0
1301	-1.0	0.0	-1.0
1302	0.0	2.0	1.0
1303	-1.0	0.0	0.0
1304	-1.0	0.0	-1.0
1305	17.0	3.0	1.0
1306	-1.0	0.0	-1.0
1307	26.0	3.0	1.0
1308	24.0	2.0	1.0
1309	24.0	2.0	1.0
1310	-1.0	0.0	-1.0
1311	-1.0	0.0	-1.0
1312	-1.0	0.0	0.0
1313	27.0	2.0	1.0
1314	-1.0	0.0	0.0
1315	-1.0	0.0	-1.0
1316	-1.0	0.0	0.0
1317	15.0	2.0	1.0
1318	-1.0	0.0	0.0
1319	19.0	3.0	1.0
1320	17.0	2.0	1.0
1321	-1.0	0.0	-1.0
1322	-1.0	0.0	-1.0
1323	-1.0	0.0	-1.0
1324	15.0	2.0	1.0
1325	-1.0	0.0	-1.0
1326	-1.0	0.0	0.0
1327	-1.0	0.0	0.0
1328	-1.0	0.0	-1.0
1329	-1.0	0.0	0.0
1330	-1.0	0.0	0.0
1331	12.0	2.0	1.0
1332	0.0	2.0	1.0
1333	-1.0	0.0	0.0
1334	0.0	2.0	1.0
1335	-1.0	0.0	0.0
1336	-1.0	0.0	-1.0
1337	-1.0	0.0	-1.0
1338	-1.0	0.0	-1.0
1339	16.0	2.0	1.0
1340	0.0	2.0	1.0
1341	-1.0	0.0	0.0
1342	9.0	3.0	1.0
1343	-1.0	0.0	0.0
1344	-1.0	0.0	0.0
1345	-1.0	0.0	0.0
1346	-1.0	0.0	-1.0
1347	-1.0	0.0	0.0
1348	15.0	2.0	1.0
1349	-1.0	0.0	-1.0
1350	24.0	2.0	1.0
1351	9.0	2.0	1.0
1352	-1.0	0.0	0.0
1353	0.0	2.0	1.0
1354	-1.0	0.0	-1.0
1355	-1.0	0.0	0.0
1356	-1.0	0.0	-1.0
1357	-1.0	0.0	0.0
1358	-1.0	0.0	-1.0
1359	-1.0	0.0	-1.0
1360	-1.0	0.0	0.0
1361	-1.0	0.0	-1.0
1362	0.0	2.0	1.0
1363	-1.0	0.0	-1.0
1364	-1.0	0.0	0.0
1365	13.0	3.0	1.0
1366	-1.0	0.0	0.0
1367	10.0	2.0	1.0
1368	-1.0	0.0	-1.0
1369	14.0	3.0	1.0
1370	-1.0	0.0	0.0
1371	-1.0	0.0	0.0
1372	0.0	2.0	1.0
1373	0.0	2.0	1.0
1374	-1.0	0.0	0.0
1375	-1.0	0.0	-1.0
1376	0.0	2.0	1.0
1377	-1.0	0.0	0.0
1378	-1.0	0.0	-1.0
1379	9.0	2.0	1.0
1380	13.0	2.0	1.0
1381	-1.0	0.0	-1.0
1382	-1.0	0.0	0.0
1383	-1.0	0.0	0.0
1384	11.0	3.0	1.0
1385	-1.0	0.0	0.0
1386	-1.0	0.0	-1.0
1387	-1.0	0.0	-1.0
1388	-1.0	0.0	0.0
1389	-1.0	0.0	0.0
1390	-1.0	0.0	-1.0
1391	-1.0	0.0	-1.0
1392	16.0	2.0	1.0
1393	-1.0	0.0	-1.0
1394	14.0	2.0	1.0
1395	-1.0	0.0	0.0
1396	-1.0	0.0	0.0
1397	-1.0	0.0	-1.0
1398	26.0	3.0	1.0
1399	-1.0	0.0	-1.0
1400	-1.0	0.0	0.0
1401	0.0	2.0	1.0
1402	-1.0	0.0	0.0
1403	-1.0	0.0	-1.0
1404	16.0	2.0	1.0
1405	-1.0	0.0	-1.0
1406	-1.0	0.0	0.0
1407	-1.0	0.0	0.0
1408	-1.0	0.0	-1.0
1409	-1.0	0.0	0.0
1410	0.0	2.0	1.0
1411	17.0	2.0	1.0
1412	21.0	3.0	1.0
1413	-1.0	0.0	-1.0
1414	0.0	2.0	1.0
1415	13.0	2.0	1.0
1416	-1.0	0.0	0.0
1417	-1.0	0.0	-1.0
1418	-1.0	0.0	0.0
1419	-1.0	0.0	-1.0
1420	-1.0	0.0	0.0
1421	24.0	2.0	1.0
1422	10.0	2.0	1.0
1423	0.0	2.0	1.0
1424	-1.0	0.0	-1.0
1425	-1.0	0.0	-1.0
1426	0.0	2.0	1.0
1427	0.0	2.0	1.0
1428	-1.0	0.0	-1.0
1429	-1.0	0.0	0.0
1430	0.0	2.0	1.0
1431	-1.0	0.0	0.0
1432	-1.0	0.0	-1.0
1433	-1.0	0.0	-1.0
1434	0.0	2.0	1.0
1435	-1.0	0.0	-1.0
1436	-1.0	0.0	-1.0
1437	-1.0	0.0	-1.0
1438	-1.0	0.0	0.0
1439	-1.0	0.0	-1.0
1440	-1.0	0.0	-1.0
1441	-1.0	0.0	0.0
1442	-1.0	0.0	-1.0
1443	-1.0	0.0	-1.0
1444	-1.0	0.0	-1.0
1445	-1.0	0.0	0.0
1446	17.0	2.0	1.0
1447	-1.0	0.0	0.0
1448	-1.0	0.0	-1.0
1449	-1.0	0.0	-1.0
1450	-1.0	0.0	0.0
1451	-1.0	0.0	-1.0
1452	9.0	2.0	1.0
1453	-1.0	0.0	-1.0
1454	16.0	2.0	1.0
1455	-1.0	0.0	-1.0
1456	-1.0	0.0	0.0
1457	24.0	2.0	1.0
1458	-1.0	0.0	0.0
1459	-1.0	0.0	0.0
1460	-1.0	0.0	-1.0
1461	-1.0	0.0	0.0
1462	-1.0	0.0	-1.0
1463	0.0	2.0	1.0
1464	-1.0	0.0	-1.0
1465	-1.0	0.0	-1.0
1466	-1.0	0.0	-1.0
1467	-1.0	0.0	0.0
1468	-1.0	0.0	-1.0
1469	-1.0	0.0	-1.0
1470	-1.0	0.0	0.0
1471	-1.0	0.0	0.0
1472	0.0	2.0	1.0
1473	14.0	2.0	1.0
1474	13.0	2.0	1.0
1475	19.0	2.0	1.0
1476	9.0	2.0	1.0
1477	-1.0	0.0	0.0
1478	-1.0	0.0	-1.0
1479	-1.0	0.0	-1.0
1480	0.0	2.0	1.0
1481	-1.0	0.0	0.0
1482	-1.0	0.0	0.0
1483	-1.0	0.0	0.0
1484	13.0	3.0	1.0
1485	-1.0	0.0	-1.0
1486	24.0	2.0	1.0
1487	-1.0	0.0	-1.0
1488	-1.0	0.0	0.0
1489	18.0	2.0	1.0
1490	-1.0	0.0	0.0
1491	-1.0	0.0	-1.0
1492	0.0	2.0	1.0
1493	0.0	2.0	1.0
1494	14.0	3.0	1.0
1495	-1.0	0.0	-1.0
1496	-1.0	0.0	-1.0
1497	-1.0	0.0	-1.0
1498	18.0	2.0	1.0
1499	-1.0	0.0	0.0
1500	-1.0	0.0	0.0
1501	-1.0	0.0	-1.0
1502	-1.0	0.0	-1.0
1503	26.0	2.0	1.0
1504	-1.0	0.0	0.0
1505	-1.0	0.0	0.0
1506	-1.0	0.0	-1.0
1507	-1.0	0.0	-1.0
1508	-1.0	0.0	-1.0
1509	-1.0	0.0	0.0
1510	-1.0	0.0	-1.0
1511	13.0	2.0	1.0
1512	-1.0	0.0	0.0
1513	-1.0	0.0	-1.0
1514	-1.0	0.0	0.0
1515	25.0	2.0	1.0
1516	12.0	3.0	1.0
1517	19.0	2.0	1.0
1518	-1.0	0.0	0.0
1519	-1.0	0.0	-1.0
1520	-1.0	0.0	-1.0
1521	-1.0	0.0	-1.0
1522	9.0	3.0	1.0
1523	-1.0	0.0	0.0
1524	14.0	2.0	1.0
1525	-1.0	0.0	-1.0
1526	-1.0	0.0	0.0
1527	-1.0	0.0	-1.0
1528	11.0	2.0	1.0
1529	-1.0	0.0	-1.0
1530	-1.0	0.0	-1.0
1531	0.0	2.0	1.0
1532	-1.0	0.0	-1.0
1533	-1.0	0.0	-1.0
1534	27.0	3.0	1.0
1535	-1.0	0.0	-1.0
1536	-1.0	0.0	0.0
1537	0.0	2.0	1.0
1538	-1.0	0.0	0.0
1539	13.0	3.0	1.0
1540	-1.0	0.0	0.0
1541	-1.0	0.0	-1.0
1542	-1.0	0.0	-1.0
1543	-1.0	0.0	0.0
1544	-1.0	0.0	0.0
1545	-1.0	0.0	-1.0
1546	25.0	2.0	1.0
1547	-1.0	0.0	-1.0
1548	-1.0	0.0	-1.0
1549	-1.0	0.0	-1.0
1550	16.0	2.0	1.0
1551	-1.0	0.0	0.0
1552	-1.0	0.0	-1.0
1553	-1.0	0.0	-1.0
1554	-1.0	0.0	0.0
1555	-1.0	0.0	0.0
1556	-1.0	0.0	-1.0
1557	-1.0	0.0	-1.0
1558	-1.0	0.0	0.0
1559	10.0	2.0	1.0
1560	-1.0	0.0	0.0
1561	-1.0	0.0	-1.0
1562	-1.0	0.0	0.0
1563	-1.0	0.0	-1.0
1564	0.0	2.0	1.0
1565	-1.0	0.0	-1.0
1566	-1.0	0.0	-1.0
1567	-1.0	0.0	0.0
1568	-1.0	0.0	0.0
1569	-1.0	0.0	-1.0
1570	-1.0	0.0	-1.0
1571	-1.0	0.0	0.0
1572	24.0	2.0	1.0
1573	-1.0	0.0	-1.0
1574	-1.0	0.0	0.0
1575	-1.0	0.0	-1.0
1576	-1.0	0.0	0.0
1577	-1.0	0.0	0.0
1578	0.0	2.0	1.0
1579	-1.0	0.0	0.0
1580	11.0	3.0	1.0
1581	-1.0	0.0	-1.0
1582	-1.0	0.0	0.0
1583	-1.0	0.0	0.0
1584	9.0	2.0	1.0
1585	-1.0	0.0	-1.0
1586	-1.0	0.0	0.0
1587	-1.0	0.0	-1.0
1588	18.0	3.0	1.0
1589	-1.0	0.0	0.0
1590	-1.0	0.0	-1.0
1591	-1.0	0.0	-1.0
1592	-1.0	0.0	-1.0
1593	-1.0	0.0	0.0
1594	23.0	2.0	1.0
1595	-1.0	0.0	0.0
1596	-1.0	0.0	-1.0
1597	-1.0	0.0	-1.0
1598	20.0	3.0	1.0
1599	-1.0	0.0	-1.0
1600	-1.0	0.0	-1.0
1601	13.0	3.0	1.0
1602	-1.0	0.0	0.0
1603	18.0	2.0	1.0
1604	-1.0	0.0	0.0
1605	-1.0	0.0	-1.0
1606	-1.0	0.0	0.0
1607	-1.0	0.0	-1.0
1608	-1.0	0.0	0.0
1609	-1.0	0.0	-1.0
1610	-1.0	0.0	-1.0
1611	0.0	2.0	1.0
1612	12.0	3.0	1.0
1613	15.0	2.0	1.0
1614	15.0	2.0	1.0
1615	-1.0	0.0	-1.0
1616	0.0	2.0	1.0
1617	-1.0	0.0	-1.0
1618	-1.0	0.0	0.0
1619	-1.0	0.0	0.0
1620	-1.0	0.0	-1.0
1621	-1.0	0.0	-1.0
1622	-1.0	0.0	0.0
1623	-1.0	0.0	0.0
1624	-1.0	0.0	0.0
1625	-1.0	0.0	0.0
1626	0.0	2.0	1.0
1627	-1.0	0.0	-1.0
1628	-1.0	0.0	-1.0
1629	-1.0	0.0	-1.0
1630	8.0	2.0	1.0
1631	-1.0	0.0	0.0
1632	-1.0	0.0	-1.0
1633	-1.0	0.0	-1.0
1634	-1.0	0.0	-1.0
1635	-1.0	0.0	0.0
1636	-1.0	0.0	0.0
1637	-1.0	0.0	-1.0
1638	0.0	2.0	1.0
1639	21.0	2.0	1.0
1640	0.0	2.0	1.0
1641	-1.0	0.0	-1.0
1642	0.0	2.0	1.0
1643	-1.0	0.0	0.0
1644	-1.0	0.0	0.0
1645	-1.0	0.0	0.0
1646	-1.0	0.0	-1.0
1647	11.0	2.0	1.0
1648	-1.0	0.0	0.0
1649	-1.0	0.0	0.0
1650	8.0	2.0	1.0
1651	17.0	2.0	1.0
1652	-1.0	0.0	-1.0
1653	9.0	2.0	1.0
1654	8.0	2.0	1.0
1655	0.0	2.0	1.0
1656	-1.0	0.0	-1.0
1657	-1.0	0.0	-1.0
1658	-1.0	0.0	-1.0
1659	-1.0	0.0	-1.0
1660	20.0	3.0	1.0
1661	-1.0	0.0	-1.0
1662	-1.0	0.0	0.0
1663	-1.0	0.0	-1.0
1664	15.0	2.0	1.0
1665	-1.0	0.0	-1.0
1666	-1.0	0.0	0.0
1667	-1.0	0.0	-1.0
1668	0.0	2.0	1.0
1669	-1.0	0.0	0.0
1670	-1.0	0.0	0.0
1671	25.0	2.0	1.0
1672	-1.0	0.0	0.0
1673	-1.0	0.0	-1.0
1674	-1.0	0.0	-1.0
1675	-1.0	0.0	0.0
1676	-1.0	0.0	0.0
1677	0.0	2.0	1.0
1678	-1.0	0.0	-1.0
1679	-1.0	0.0	0.0
1680	-1.0	0.0	-1.0
1681	26.0	2.0	1.0
1682	-1.0	0.0	0.0
1683	-1.0	0.0	-1.0
1684	-1.0	0.0	0.0
1685	0.0	2.0	1.0
1686	16.0	2.0	1.0
1687	-1.0	0.0	-1.0
1688	-1.0	0.0	0.0
1689	-1.0	0.0	-1.0
1690	-1.0	0.0	0.0
1691	14.0	2.0	1.0
1692	-1.0	0.0	0.0
1693	-1.0	0.0	-1.0
1694	-1.0	0.0	0.0
1695	-1.0	0.0	-1.0
1696	-1.0	0.0	0.0
1697	10.0	2.0	1.0
1698	0.0	2.0	1.0
1699	-1.0	0.0	-1.0
1700	26.0	2.0	1.0
1701	-1.0	0.0	0.0
1702	-1.0	0.0	-1.0
1703	-1.0	0.0	-1.0
1704	-1.0	0.0	-1.0
1705	-1.0	0.0	0.0
1706	-1.0	0.0	-1.0
1707	-1.0	0.0	0.0
1708	-1.0	0.0	0.0
1709	-1.0	0.0	0.0
1710	24.0	2.0	1.0
1711	-1.0	0.0	-1.0
1712	-1.0	0.0	-1.0
1713	-1.0	0.0	-1.0
1714	-1.0	0.0	0.0
1715	-1.0	0.0	0.0
1716	-1.0	0.0	-1.0
1717	-1.0	0.0	-1.0
1718	-1.0	0.0	-1.0
1719	17.0	2.0	1.0
1720	-1.0	0.0	-1.0
1721	-1.0	0.0	-1.0
1722	-1.0	0.0	-1.0
1723	-1.0	0.0	-1.0
1724	-1.0	0.0	0.0
1725	-1.0	0.0	-1.0
1726	-1.0	0.0	0.0
1727	-1.0	0.0	-1.0
1728	0.0	2.0	1.0
1729	21.0	2.0	1.0
1730	-1.0	0.0	-1.0
1731	17.0	2.0	1.0
1732	-1.0	0.0	-1.0
1733	-1.0	0.0	-1.0
1734	-1.0	0.0	-1.0
1735	-1.0	0.0	-1.0
1736	-1.0	0.0	-1.0
1737	-1.0	0.0	-1.0
1738	-1.0	0.0	-1.0
1739	-1.0	0.0	-1.0
1740	-1.0	0.0	0.0
1741	-1.0	0.0	0.0
1742	-1.0	0.0	0.0
1743	-1.0	0.0	-1.0
1744	28.0	3.0	1.0
1745	-1.0	0.0	-1.0
1746	14.0	2.0	1.0
1747	13.0	2.0	1.0
1748	-1.0	0.0	-1.0
1749	-1.0	0.0	0.0
1750	-1.0	0.0	-1.0
1751	-1.0	0.0	-1.0
1752	11.0	2.0	1.0
1753	-1.0	0.0	-1.0
1754	-1.0	0.0	-1.0
1755	-1.0	0.0	-1.0
1756	20.0	2.0	1.0
1757	17.0	3.0	1.0
1758	-1.0	0.0	-1.0
1759	-1.0	0.0	-1.0
1760	-1.0	0.0	0.0
1761	-1.0	0.0	0.0
1762	-1.0	0.0	-1.0
1763	-1.0	0.0	-1.0
1764	-1.0	0.0	-1.0
1765	-1.0	0.0	0.0
1766	-1.0	0.0	0.0
1767	0.0	2.0	1.0
1768	0.0	2.0	1.0
1769	-1.0	0.0	-1.0
1770	-1.0	0.0	-1.0
1771	-1.0	0.0	-1.0
1772	-1.0	0.0	0.0
1773	-1.0	0.0	0.0
1774	-1.0	0.0	-1.0
1775	-1.0	0.0	-1.0
1776	-1.0	0.0	0.0
1777	-1.0	0.0	0.0
1778	18.0	2.0	1.0
1779	13.0	2.0	1.0
1780	-1.0	0.0	-1.0
1781	-1.0	0.0	-1.0
1782	21.0	2.0	1.0
1783	23.0	2.0	1.0
1784	-1.0	0.0	-1.0
1785	-1.0	0.0	0.0
1786	-1.0	0.0	-1.0
1787	-1.0	0.0	-1.0
1788	13.0	2.0	1.0
1789	-1.0	0.0	-1.0
1790	-1.0	0.0	-1.0
1791	-1.0	0.0	-1.0
1792	0.0	2.0	1.0
1793	-1.0	0.0	-1.0
1794	11.0	2.0	1.0
1795	0.0	2.0	1.0
1796	-1.0	0.0	-1.0
1797	-1.0	0.0	-1.0
1798	0.0	2.0	1.0
1799	-1.0	0.0	0.0
1800	-1.0	0.0	0.0
1801	-1.0	0.0	0.0
1802	-1.0	0.0	-1.0
1803	-1.0	0.0	-1.0
1804	-1.0	0.0	0.0
1805	9.0	2.0	1.0
1806	-1.0	0.0	-1.0
1807	-1.0	0.0	-1.0
1808	16.0	2.0	1.0
1809	0.0	2.0	1.0
1810	-1.0	0.0	0.0
1811	-1.0	0.0	0.0
1812	-1.0	0.0	0.0
1813	-1.0	0.0	-1.0
1814	-1.0	0.0	-1.0
1815	0.0	2.0	1.0
1816	-1.0	0.0	0.0
1817	-1.0	0.0	-1.0
1818	24.0	2.0	1.0
1819	-1.0	0.0	-1.0
1820	0.0	2.0	1.0
1821	-1.0	0.0	0.0
1822	-1.0	0.0	0.0
1823	0.0	2.0	1.0
1824	10.0	2.0	1.0
1825	9.0	2.0	1.0
1826	27.0	2.0	1.0
1827	24.0	2.0	1.0
1828	-1.0	0.0	-1.0
1829	-1.0	0.0	0.0
1830	-1.0	0.0	-1.0
1831	11.0	2.0	1.0
1832	-1.0	0.0	-1.0
1833	0.0	2.0	1.0
1834	-1.0	0.0	-1.0
1835	0.0	2.0	1.0
1836	-1.0	0.0	-1.0
1837	-1.0	0.0	-1.0
1838	-1.0	0.0	-1.0
1839	-1.0	0.0	0.0
1840	-1.0	0.0	0.0
1841	24.0	2.0	1.0
1842	-1.0	0.0	0.0
1843	20.0	2.0	1.0
1844	-1.0	0.0	-1.0
1845	0.0	2.0	1.0
1846	-1.0	0.0	-1.0
1847	-1.0	0.0	-1.0
1848	-1.0	0.0	-1.0
1849	-1.0	0.0	-1.0
1850	-1.0	0.0	-1.0
1851	-1.0	0.0	-1.0
1852	0.0	2.0	1.0
1853	-1.0	0.0	0.0
1854	-1.0	0.0	-1.0
1855	-1.0	0.0	-1.0
1856	-1.0	0.0	-1.0
1857	-1.0	0.0	-1.0
1858	-1.0	0.0	-1.0
1859	-1.0	0.0	-1.0
1860	12.0	2.0	1.0
1861	-1.0	0.0	0.0
1862	28.0	2.0	1.0
1863	0.0	2.0	1.0
1864	0.0	2.0	1.0
1865	-1.0	0.0	-1.0
1866	-1.0	0.0	-1.0
1867	0.0	2.0	1.0
1868	-1.0	0.0	-1.0
1869	-1.0	0.0	-1.0
1870	24.0	3.0	1.0
1871	-1.0	0.0	-1.0
1872	-1.0	0.0	-1.0
1873	-1.0	0.0	-1.0
1874	-1.0	0.0	-1.0
1875	0.0	2.0	1.0
1876	-1.0	0.0	-1.0
1877	0.0	2.0	1.0
1878	-1.0	0.0	-1.0
1879	-1.0	0.0	0.0
1880	24.0	2.0	1.0
1881	-1.0	0.0	-1.0
1882	0.0	2.0	1.0
1883	-1.0	0.0	-1.0
1884	-1.0	0.0	0.0
1885	-1.0	0.0	-1.0
1886	-1.0	0.0	0.0
1887	-1.0	0.0	-1.0
1888	20.0	2.0	1.0
1889	0.0	2.0	1.0
1890	-1.0	0.0	-1.0
1891	-1.0	0.0	0.0
1892	-1.0	0.0	-1.0
1893	-1.0	0.0	-1.0
1894	-1.0	0.0	-1.0
1895	-1.0	0.0	-1.0
1896	-1.0	0.0	-1.0
1897	-1.0	0.0	-1.0
1898	-1.0	0.0	-1.0
1899	-1.0	0.0	-1.0
1900	0.0	0.0	0.0
