index	outport	cost	SuccessFlag
0	0.0	2.0	1.0
1	0.0	2.0	1.0
2	15.0	3.0	1.0
3	26.0	3.0	1.0
4	8.0	3.0	1.0
5	0.0	2.0	1.0
6	11.0	3.0	1.0
7	14.0	3.0	1.0
8	13.0	3.0	1.0
9	25.0	3.0	1.0
10	15.0	2.0	1.0
11	8.0	2.0	1.0
12	10.0	3.0	1.0
13	27.0	3.0	1.0
14	10.0	3.0	1.0
15	0.0	2.0	1.0
16	23.0	3.0	1.0
17	0.0	2.0	1.0
18	0.0	2.0	1.0
19	0.0	2.0	1.0
20	0.0	2.0	1.0
21	0.0	2.0	1.0
22	9.0	2.0	1.0
23	9.0	3.0	1.0
24	-1.0	0.0	0.0
25	24.0	3.0	1.0
26	8.0	2.0	1.0
27	14.0	3.0	1.0
28	0.0	2.0	1.0
29	0.0	2.0	1.0
30	15.0	3.0	1.0
31	22.0	2.0	1.0
32	21.0	3.0	1.0
33	19.0	3.0	1.0
34	0.0	2.0	1.0
35	0.0	2.0	1.0
36	18.0	3.0	1.0
37	22.0	2.0	1.0
38	12.0	3.0	1.0
39	0.0	2.0	1.0
40	-1.0	0.0	-1.0
41	9.0	3.0	1.0
42	20.0	3.0	1.0
43	22.0	2.0	1.0
44	15.0	2.0	1.0
45	22.0	3.0	1.0
46	18.0	3.0	1.0
47	20.0	3.0	1.0
48	13.0	3.0	1.0
49	27.0	3.0	1.0
50	0.0	2.0	1.0
51	-1.0	0.0	-1.0
52	16.0	2.0	1.0
53	24.0	3.0	1.0
54	0.0	2.0	1.0
55	10.0	3.0	1.0
56	26.0	3.0	1.0
57	8.0	2.0	1.0
58	0.0	2.0	1.0
59	8.0	2.0	1.0
60	8.0	3.0	1.0
61	11.0	3.0	1.0
62	22.0	2.0	1.0
63	0.0	2.0	1.0
64	8.0	3.0	1.0
65	15.0	2.0	1.0
66	15.0	3.0	1.0
67	-1.0	0.0	-1.0
68	0.0	2.0	1.0
69	-1.0	0.0	0.0
70	0.0	2.0	1.0
71	-1.0	0.0	-1.0
72	-1.0	0.0	-1.0
73	19.0	3.0	1.0
74	9.0	2.0	1.0
75	15.0	2.0	1.0
76	-1.0	0.0	-1.0
77	22.0	2.0	1.0
78	21.0	3.0	1.0
79	0.0	2.0	1.0
80	16.0	3.0	1.0
81	0.0	2.0	1.0
82	-1.0	0.0	-1.0
83	14.0	3.0	1.0
84	13.0	3.0	1.0
85	15.0	2.0	1.0
86	28.0	3.0	1.0
87	15.0	3.0	1.0
88	-1.0	0.0	-1.0
89	0.0	2.0	1.0
90	26.0	3.0	1.0
91	20.0	3.0	1.0
92	0.0	2.0	1.0
93	15.0	3.0	1.0
94	18.0	3.0	1.0
95	14.0	3.0	1.0
96	0.0	2.0	1.0
97	0.0	2.0	1.0
98	14.0	3.0	1.0
99	28.0	3.0	1.0
100	17.0	3.0	1.0
101	16.0	2.0	1.0
102	15.0	2.0	1.0
103	-1.0	0.0	0.0
104	0.0	2.0	1.0
105	0.0	2.0	1.0
106	18.0	3.0	1.0
107	8.0	2.0	1.0
108	-1.0	0.0	-1.0
109	16.0	2.0	1.0
110	-1.0	0.0	0.0
111	22.0	2.0	1.0
112	13.0	3.0	1.0
113	19.0	3.0	1.0
114	22.0	2.0	1.0
115	0.0	2.0	1.0
116	0.0	2.0	1.0
117	-1.0	0.0	-1.0
118	0.0	2.0	1.0
119	26.0	3.0	1.0
120	-1.0	0.0	-1.0
121	17.0	2.0	1.0
122	0.0	2.0	1.0
123	19.0	3.0	1.0
124	8.0	2.0	1.0
125	16.0	2.0	1.0
126	15.0	2.0	1.0
127	9.0	3.0	1.0
128	28.0	3.0	1.0
129	15.0	3.0	1.0
130	23.0	2.0	1.0
131	12.0	3.0	1.0
132	23.0	3.0	1.0
133	-1.0	0.0	-1.0
134	19.0	3.0	1.0
135	0.0	2.0	1.0
136	0.0	2.0	1.0
137	-1.0	0.0	0.0
138	8.0	2.0	1.0
139	12.0	3.0	1.0
140	0.0	2.0	1.0
141	0.0	2.0	1.0
142	15.0	2.0	1.0
143	-1.0	0.0	0.0
144	0.0	2.0	1.0
145	0.0	2.0	1.0
146	15.0	2.0	1.0
147	17.0	2.0	1.0
148	0.0	2.0	1.0
149	26.0	3.0	1.0
150	-1.0	0.0	0.0
151	23.0	3.0	1.0
152	0.0	2.0	1.0
153	0.0	2.0	1.0
154	12.0	3.0	1.0
155	26.0	3.0	1.0
156	9.0	2.0	1.0
157	0.0	2.0	1.0
158	23.0	3.0	1.0
159	0.0	2.0	1.0
160	15.0	2.0	1.0
161	0.0	2.0	1.0
162	27.0	3.0	1.0
163	27.0	3.0	1.0
164	8.0	2.0	1.0
165	12.0	3.0	1.0
166	16.0	3.0	1.0
167	-1.0	0.0	-1.0
168	-1.0	0.0	0.0
169	0.0	2.0	1.0
170	-1.0	0.0	-1.0
171	18.0	2.0	1.0
172	-1.0	0.0	-1.0
173	-1.0	0.0	0.0
174	15.0	3.0	1.0
175	0.0	2.0	1.0
176	10.0	2.0	1.0
177	22.0	2.0	1.0
178	-1.0	0.0	-1.0
179	27.0	3.0	1.0
180	-1.0	0.0	0.0
181	28.0	3.0	1.0
182	27.0	3.0	1.0
183	0.0	2.0	1.0
184	-1.0	0.0	-1.0
185	18.0	2.0	1.0
186	-1.0	0.0	-1.0
187	16.0	3.0	1.0
188	-1.0	0.0	0.0
189	25.0	3.0	1.0
190	-1.0	0.0	-1.0
191	8.0	2.0	1.0
192	-1.0	0.0	0.0
193	20.0	3.0	1.0
194	-1.0	0.0	-1.0
195	25.0	3.0	1.0
196	0.0	2.0	1.0
197	0.0	2.0	1.0
198	-1.0	0.0	-1.0
199	0.0	2.0	1.0
200	0.0	2.0	1.0
201	14.0	3.0	1.0
202	11.0	3.0	1.0
203	13.0	3.0	1.0
204	11.0	3.0	1.0
205	-1.0	0.0	-1.0
206	-1.0	0.0	-1.0
207	26.0	3.0	1.0
208	-1.0	0.0	0.0
209	-1.0	0.0	-1.0
210	16.0	2.0	1.0
211	16.0	2.0	1.0
212	0.0	2.0	1.0
213	23.0	2.0	1.0
214	22.0	2.0	1.0
215	11.0	3.0	1.0
216	0.0	2.0	1.0
217	19.0	2.0	1.0
218	-1.0	0.0	-1.0
219	-1.0	0.0	0.0
220	0.0	2.0	1.0
221	-1.0	0.0	-1.0
222	-1.0	0.0	-1.0
223	9.0	3.0	1.0
224	8.0	2.0	1.0
225	17.0	2.0	1.0
226	-1.0	0.0	-1.0
227	-1.0	0.0	-1.0
228	-1.0	0.0	-1.0
229	-1.0	0.0	-1.0
230	24.0	2.0	1.0
231	0.0	2.0	1.0
232	11.0	3.0	1.0
233	22.0	3.0	1.0
234	0.0	2.0	1.0
235	14.0	3.0	1.0
236	-1.0	0.0	-1.0
237	19.0	3.0	1.0
238	15.0	2.0	1.0
239	25.0	3.0	1.0
240	0.0	2.0	1.0
241	0.0	2.0	1.0
242	-1.0	0.0	0.0
243	0.0	2.0	1.0
244	-1.0	0.0	-1.0
245	-1.0	0.0	0.0
246	-1.0	0.0	-1.0
247	0.0	2.0	1.0
248	0.0	2.0	1.0
249	0.0	2.0	1.0
250	-1.0	0.0	-1.0
251	10.0	3.0	1.0
252	0.0	2.0	1.0
253	11.0	3.0	1.0
254	-1.0	0.0	-1.0
255	-1.0	0.0	-1.0
256	-1.0	0.0	-1.0
257	-1.0	0.0	-1.0
258	15.0	3.0	1.0
259	23.0	3.0	1.0
260	0.0	2.0	1.0
261	0.0	2.0	1.0
262	0.0	2.0	1.0
263	20.0	2.0	1.0
264	-1.0	0.0	-1.0
265	17.0	3.0	1.0
266	-1.0	0.0	-1.0
267	16.0	2.0	1.0
268	-1.0	0.0	-1.0
269	16.0	2.0	1.0
270	0.0	2.0	1.0
271	22.0	2.0	1.0
272	25.0	2.0	1.0
273	11.0	3.0	1.0
274	0.0	2.0	1.0
275	9.0	3.0	1.0
276	24.0	2.0	1.0
277	22.0	2.0	1.0
278	-1.0	0.0	0.0
279	10.0	2.0	1.0
280	23.0	2.0	1.0
281	0.0	2.0	1.0
282	17.0	2.0	1.0
283	-1.0	0.0	-1.0
284	0.0	2.0	1.0
285	19.0	3.0	1.0
286	24.0	2.0	1.0
287	-1.0	0.0	-1.0
288	0.0	2.0	1.0
289	0.0	2.0	1.0
290	16.0	2.0	1.0
291	-1.0	0.0	-1.0
292	24.0	3.0	1.0
293	-1.0	0.0	-1.0
294	28.0	3.0	1.0
295	22.0	3.0	1.0
296	-1.0	0.0	-1.0
297	-1.0	0.0	0.0
298	-1.0	0.0	-1.0
299	19.0	3.0	1.0
300	-1.0	0.0	-1.0
301	22.0	2.0	1.0
302	15.0	2.0	1.0
303	-1.0	0.0	-1.0
304	-1.0	0.0	0.0
305	-1.0	0.0	-1.0
306	-1.0	0.0	-1.0
307	0.0	2.0	1.0
308	8.0	2.0	1.0
309	12.0	3.0	1.0
310	8.0	2.0	1.0
311	-1.0	0.0	-1.0
312	11.0	3.0	1.0
313	-1.0	0.0	0.0
314	-1.0	0.0	-1.0
315	25.0	3.0	1.0
316	10.0	2.0	1.0
317	15.0	3.0	1.0
318	18.0	3.0	1.0
319	20.0	2.0	1.0
320	-1.0	0.0	0.0
321	-1.0	0.0	-1.0
322	8.0	2.0	1.0
323	-1.0	0.0	-1.0
324	21.0	3.0	1.0
325	13.0	3.0	1.0
326	22.0	2.0	1.0
327	-1.0	0.0	-1.0
328	-1.0	0.0	0.0
329	25.0	2.0	1.0
330	-1.0	0.0	0.0
331	-1.0	0.0	-1.0
332	-1.0	0.0	-1.0
333	12.0	3.0	1.0
334	8.0	2.0	1.0
335	24.0	2.0	1.0
336	25.0	3.0	1.0
337	-1.0	0.0	-1.0
338	-1.0	0.0	-1.0
339	8.0	2.0	1.0
340	10.0	2.0	1.0
341	8.0	2.0	1.0
342	27.0	3.0	1.0
343	25.0	3.0	1.0
344	18.0	3.0	1.0
345	26.0	2.0	1.0
346	9.0	3.0	1.0
347	-1.0	0.0	0.0
348	11.0	3.0	1.0
349	27.0	3.0	1.0
350	26.0	2.0	1.0
351	0.0	2.0	1.0
352	28.0	3.0	1.0
353	-1.0	0.0	-1.0
354	12.0	3.0	1.0
355	-1.0	0.0	-1.0
356	9.0	2.0	1.0
357	-1.0	0.0	-1.0
358	0.0	2.0	1.0
359	-1.0	0.0	0.0
360	0.0	2.0	1.0
361	28.0	3.0	1.0
362	27.0	2.0	1.0
363	18.0	3.0	1.0
364	-1.0	0.0	-1.0
365	0.0	2.0	1.0
366	-1.0	0.0	-1.0
367	22.0	2.0	1.0
368	23.0	3.0	1.0
369	9.0	2.0	1.0
370	-1.0	0.0	-1.0
371	-1.0	0.0	0.0
372	-1.0	0.0	-1.0
373	14.0	3.0	1.0
374	-1.0	0.0	0.0
375	21.0	3.0	1.0
376	22.0	2.0	1.0
377	0.0	2.0	1.0
378	19.0	3.0	1.0
379	-1.0	0.0	-1.0
380	21.0	2.0	1.0
381	25.0	3.0	1.0
382	-1.0	0.0	0.0
383	-1.0	0.0	-1.0
384	-1.0	0.0	-1.0
385	0.0	2.0	1.0
386	0.0	2.0	1.0
387	0.0	2.0	1.0
388	0.0	2.0	1.0
389	-1.0	0.0	-1.0
390	13.0	3.0	1.0
391	22.0	2.0	1.0
392	-1.0	0.0	-1.0
393	-1.0	0.0	-1.0
394	-1.0	0.0	-1.0
395	-1.0	0.0	0.0
396	-1.0	0.0	0.0
397	-1.0	0.0	-1.0
398	-1.0	0.0	-1.0
399	8.0	2.0	1.0
400	0.0	2.0	1.0
401	27.0	2.0	1.0
402	-1.0	0.0	-1.0
403	24.0	3.0	1.0
404	-1.0	0.0	-1.0
405	22.0	2.0	1.0
406	22.0	3.0	1.0
407	-1.0	0.0	-1.0
408	11.0	2.0	1.0
409	0.0	2.0	1.0
410	0.0	2.0	1.0
411	20.0	3.0	1.0
412	17.0	2.0	1.0
413	15.0	2.0	1.0
414	8.0	2.0	1.0
415	25.0	2.0	1.0
416	16.0	2.0	1.0
417	27.0	3.0	1.0
418	-1.0	0.0	-1.0
419	8.0	2.0	1.0
420	9.0	2.0	1.0
421	-1.0	0.0	-1.0
422	-1.0	0.0	-1.0
423	21.0	3.0	1.0
424	-1.0	0.0	0.0
425	-1.0	0.0	-1.0
426	0.0	2.0	1.0
427	-1.0	0.0	0.0
428	-1.0	0.0	-1.0
429	-1.0	0.0	0.0
430	16.0	2.0	1.0
431	-1.0	0.0	-1.0
432	25.0	3.0	1.0
433	14.0	3.0	1.0
434	-1.0	0.0	-1.0
435	14.0	3.0	1.0
436	9.0	2.0	1.0
437	28.0	3.0	1.0
438	8.0	2.0	1.0
439	-1.0	0.0	0.0
440	-1.0	0.0	-1.0
441	-1.0	0.0	0.0
442	-1.0	0.0	-1.0
443	-1.0	0.0	-1.0
444	-1.0	0.0	-1.0
445	25.0	3.0	1.0
446	-1.0	0.0	-1.0
447	22.0	2.0	1.0
448	16.0	2.0	1.0
449	-1.0	0.0	0.0
450	-1.0	0.0	0.0
451	25.0	2.0	1.0
452	26.0	3.0	1.0
453	0.0	2.0	1.0
454	0.0	2.0	1.0
455	9.0	2.0	1.0
456	-1.0	0.0	0.0
457	-1.0	0.0	-1.0
458	8.0	2.0	1.0
459	0.0	2.0	1.0
460	0.0	2.0	1.0
461	28.0	2.0	1.0
462	-1.0	0.0	-1.0
463	-1.0	0.0	-1.0
464	-1.0	0.0	0.0
465	15.0	2.0	1.0
466	15.0	2.0	1.0
467	0.0	2.0	1.0
468	17.0	2.0	1.0
469	-1.0	0.0	-1.0
470	-1.0	0.0	-1.0
471	-1.0	0.0	0.0
472	20.0	3.0	1.0
473	-1.0	0.0	-1.0
474	26.0	2.0	1.0
475	-1.0	0.0	-1.0
476	10.0	3.0	1.0
477	19.0	3.0	1.0
478	19.0	3.0	1.0
479	-1.0	0.0	-1.0
480	8.0	2.0	1.0
481	17.0	2.0	1.0
482	22.0	2.0	1.0
483	23.0	2.0	1.0
484	-1.0	0.0	-1.0
485	0.0	2.0	1.0
486	-1.0	0.0	0.0
487	27.0	3.0	1.0
488	14.0	2.0	1.0
489	-1.0	0.0	-1.0
490	15.0	2.0	1.0
491	-1.0	0.0	0.0
492	-1.0	0.0	-1.0
493	8.0	2.0	1.0
494	-1.0	0.0	0.0
495	-1.0	0.0	0.0
496	0.0	2.0	1.0
497	21.0	3.0	1.0
498	0.0	2.0	1.0
499	-1.0	0.0	-1.0
500	0.0	2.0	1.0
501	0.0	2.0	1.0
502	-1.0	0.0	-1.0
503	-1.0	0.0	-1.0
504	-1.0	0.0	0.0
505	-1.0	0.0	-1.0
506	-1.0	0.0	0.0
507	8.0	2.0	1.0
508	16.0	3.0	1.0
509	20.0	2.0	1.0
510	-1.0	0.0	-1.0
511	24.0	2.0	1.0
512	8.0	2.0	1.0
513	0.0	2.0	1.0
514	10.0	2.0	1.0
515	9.0	2.0	1.0
516	0.0	2.0	1.0
517	24.0	2.0	1.0
518	-1.0	0.0	0.0
519	-1.0	0.0	0.0
520	-1.0	0.0	0.0
521	16.0	2.0	1.0
522	0.0	2.0	1.0
523	-1.0	0.0	-1.0
524	24.0	3.0	1.0
525	-1.0	0.0	-1.0
526	25.0	3.0	1.0
527	-1.0	0.0	-1.0
528	-1.0	0.0	0.0
529	0.0	2.0	1.0
530	-1.0	0.0	-1.0
531	0.0	2.0	1.0
532	10.0	3.0	1.0
533	25.0	3.0	1.0
534	11.0	3.0	1.0
535	-1.0	0.0	-1.0
536	0.0	2.0	1.0
537	10.0	2.0	1.0
538	-1.0	0.0	0.0
539	-1.0	0.0	-1.0
540	-1.0	0.0	-1.0
541	0.0	2.0	1.0
542	18.0	3.0	1.0
543	-1.0	0.0	-1.0
544	8.0	3.0	1.0
545	8.0	2.0	1.0
546	16.0	2.0	1.0
547	-1.0	0.0	0.0
548	0.0	2.0	1.0
549	-1.0	0.0	-1.0
550	-1.0	0.0	-1.0
551	-1.0	0.0	-1.0
552	17.0	2.0	1.0
553	-1.0	0.0	0.0
554	15.0	2.0	1.0
555	-1.0	0.0	-1.0
556	22.0	2.0	1.0
557	-1.0	0.0	0.0
558	-1.0	0.0	-1.0
559	-1.0	0.0	-1.0
560	11.0	2.0	1.0
561	8.0	2.0	1.0
562	-1.0	0.0	0.0
563	-1.0	0.0	-1.0
564	25.0	2.0	1.0
565	-1.0	0.0	-1.0
566	0.0	2.0	1.0
567	-1.0	0.0	0.0
568	-1.0	0.0	-1.0
569	20.0	3.0	1.0
570	-1.0	0.0	-1.0
571	17.0	2.0	1.0
572	-1.0	0.0	-1.0
573	-1.0	0.0	0.0
574	-1.0	0.0	-1.0
575	-1.0	0.0	0.0
576	13.0	3.0	1.0
577	0.0	2.0	1.0
578	-1.0	0.0	0.0
579	22.0	2.0	1.0
580	-1.0	0.0	-1.0
581	-1.0	0.0	0.0
582	-1.0	0.0	0.0
583	-1.0	0.0	-1.0
584	0.0	2.0	1.0
585	0.0	2.0	1.0
586	-1.0	0.0	-1.0
587	8.0	3.0	1.0
588	-1.0	0.0	-1.0
589	21.0	3.0	1.0
590	-1.0	0.0	-1.0
591	26.0	3.0	1.0
592	28.0	3.0	1.0
593	-1.0	0.0	-1.0
594	22.0	2.0	1.0
595	0.0	2.0	1.0
596	-1.0	0.0	-1.0
597	-1.0	0.0	-1.0
598	8.0	2.0	1.0
599	24.0	2.0	1.0
600	-1.0	0.0	-1.0
601	-1.0	0.0	0.0
602	-1.0	0.0	-1.0
603	0.0	2.0	1.0
604	15.0	2.0	1.0
605	-1.0	0.0	-1.0
606	-1.0	0.0	0.0
607	0.0	2.0	1.0
608	-1.0	0.0	0.0
609	0.0	2.0	1.0
610	-1.0	0.0	-1.0
611	-1.0	0.0	-1.0
612	-1.0	0.0	0.0
613	26.0	3.0	1.0
614	-1.0	0.0	-1.0
615	-1.0	0.0	-1.0
616	-1.0	0.0	0.0
617	16.0	2.0	1.0
618	0.0	2.0	1.0
619	24.0	2.0	1.0
620	13.0	3.0	1.0
621	-1.0	0.0	0.0
622	20.0	3.0	1.0
623	-1.0	0.0	-1.0
624	-1.0	0.0	-1.0
625	0.0	2.0	1.0
626	13.0	2.0	1.0
627	10.0	2.0	1.0
628	8.0	2.0	1.0
629	22.0	3.0	1.0
630	-1.0	0.0	0.0
631	-1.0	0.0	-1.0
632	-1.0	0.0	-1.0
633	20.0	3.0	1.0
634	-1.0	0.0	-1.0
635	-1.0	0.0	-1.0
636	-1.0	0.0	-1.0
637	0.0	2.0	1.0
638	27.0	3.0	1.0
639	-1.0	0.0	0.0
640	0.0	2.0	1.0
641	0.0	2.0	1.0
642	11.0	3.0	1.0
643	-1.0	0.0	-1.0
644	23.0	3.0	1.0
645	-1.0	0.0	-1.0
646	-1.0	0.0	-1.0
647	-1.0	0.0	0.0
648	-1.0	0.0	-1.0
649	-1.0	0.0	-1.0
650	-1.0	0.0	0.0
651	-1.0	0.0	-1.0
652	-1.0	0.0	-1.0
653	18.0	2.0	1.0
654	22.0	2.0	1.0
655	15.0	2.0	1.0
656	-1.0	0.0	0.0
657	-1.0	0.0	-1.0
658	-1.0	0.0	0.0
659	0.0	2.0	1.0
660	17.0	2.0	1.0
661	15.0	2.0	1.0
662	17.0	2.0	1.0
663	22.0	3.0	1.0
664	0.0	2.0	1.0
665	-1.0	0.0	0.0
666	25.0	2.0	1.0
667	0.0	2.0	1.0
668	-1.0	0.0	0.0
669	-1.0	0.0	-1.0
670	21.0	3.0	1.0
671	9.0	3.0	1.0
672	-1.0	0.0	-1.0
673	19.0	3.0	1.0
674	13.0	2.0	1.0
675	-1.0	0.0	0.0
676	-1.0	0.0	-1.0
677	15.0	2.0	1.0
678	-1.0	0.0	-1.0
679	-1.0	0.0	-1.0
680	0.0	2.0	1.0
681	-1.0	0.0	0.0
682	-1.0	0.0	0.0
683	-1.0	0.0	-1.0
684	0.0	2.0	1.0
685	0.0	2.0	1.0
686	-1.0	0.0	-1.0
687	-1.0	0.0	0.0
688	-1.0	0.0	-1.0
689	9.0	2.0	1.0
690	-1.0	0.0	-1.0
691	-1.0	0.0	-1.0
692	28.0	3.0	1.0
693	20.0	3.0	1.0
694	12.0	2.0	1.0
695	-1.0	0.0	-1.0
696	18.0	2.0	1.0
697	16.0	2.0	1.0
698	-1.0	0.0	-1.0
699	-1.0	0.0	0.0
700	-1.0	0.0	0.0
701	22.0	2.0	1.0
702	-1.0	0.0	-1.0
703	0.0	2.0	1.0
704	21.0	3.0	1.0
705	18.0	3.0	1.0
706	-1.0	0.0	-1.0
707	-1.0	0.0	0.0
708	-1.0	0.0	-1.0
709	10.0	2.0	1.0
710	19.0	2.0	1.0
711	19.0	2.0	1.0
712	-1.0	0.0	-1.0
713	-1.0	0.0	-1.0
714	-1.0	0.0	-1.0
715	-1.0	0.0	0.0
716	-1.0	0.0	0.0
717	24.0	3.0	1.0
718	25.0	2.0	1.0
719	-1.0	0.0	-1.0
720	-1.0	0.0	0.0
721	14.0	3.0	1.0
722	-1.0	0.0	-1.0
723	10.0	2.0	1.0
724	16.0	2.0	1.0
725	-1.0	0.0	0.0
726	-1.0	0.0	-1.0
727	-1.0	0.0	0.0
728	22.0	2.0	1.0
729	-1.0	0.0	-1.0
730	28.0	3.0	1.0
731	0.0	2.0	1.0
732	-1.0	0.0	-1.0
733	0.0	2.0	1.0
734	27.0	2.0	1.0
735	-1.0	0.0	-1.0
736	-1.0	0.0	-1.0
737	-1.0	0.0	0.0
738	-1.0	0.0	-1.0
739	19.0	3.0	1.0
740	10.0	2.0	1.0
741	17.0	2.0	1.0
742	-1.0	0.0	-1.0
743	-1.0	0.0	-1.0
744	15.0	2.0	1.0
745	0.0	2.0	1.0
746	-1.0	0.0	0.0
747	-1.0	0.0	-1.0
748	-1.0	0.0	-1.0
749	-1.0	0.0	-1.0
750	-1.0	0.0	-1.0
751	0.0	2.0	1.0
752	-1.0	0.0	-1.0
753	-1.0	0.0	0.0
754	0.0	2.0	1.0
755	-1.0	0.0	0.0
756	13.0	2.0	1.0
757	-1.0	0.0	0.0
758	12.0	2.0	1.0
759	18.0	2.0	1.0
760	-1.0	0.0	-1.0
761	-1.0	0.0	-1.0
762	-1.0	0.0	-1.0
763	0.0	2.0	1.0
764	-1.0	0.0	-1.0
765	-1.0	0.0	0.0
766	-1.0	0.0	0.0
767	-1.0	0.0	-1.0
768	22.0	2.0	1.0
769	-1.0	0.0	-1.0
770	-1.0	0.0	-1.0
771	22.0	2.0	1.0
772	-1.0	0.0	-1.0
773	28.0	2.0	1.0
774	19.0	3.0	1.0
775	-1.0	0.0	-1.0
776	-1.0	0.0	-1.0
777	-1.0	0.0	-1.0
778	16.0	2.0	1.0
779	-1.0	0.0	-1.0
780	-1.0	0.0	-1.0
781	0.0	2.0	1.0
782	-1.0	0.0	0.0
783	-1.0	0.0	0.0
784	-1.0	0.0	-1.0
785	-1.0	0.0	0.0
786	-1.0	0.0	-1.0
787	0.0	2.0	1.0
788	-1.0	0.0	-1.0
789	0.0	2.0	1.0
790	-1.0	0.0	-1.0
791	17.0	3.0	1.0
792	-1.0	0.0	-1.0
793	25.0	3.0	1.0
794	-1.0	0.0	0.0
795	-1.0	0.0	0.0
796	25.0	2.0	1.0
797	-1.0	0.0	-1.0
798	-1.0	0.0	-1.0
799	-1.0	0.0	0.0
800	28.0	3.0	1.0
801	-1.0	0.0	0.0
802	-1.0	0.0	0.0
803	-1.0	0.0	0.0
804	-1.0	0.0	-1.0
805	23.0	2.0	1.0
806	-1.0	0.0	-1.0
807	19.0	3.0	1.0
808	-1.0	0.0	-1.0
809	15.0	2.0	1.0
810	-1.0	0.0	0.0
811	-1.0	0.0	-1.0
812	8.0	2.0	1.0
813	-1.0	0.0	-1.0
814	-1.0	0.0	-1.0
815	-1.0	0.0	0.0
816	-1.0	0.0	-1.0
817	-1.0	0.0	0.0
818	9.0	2.0	1.0
819	-1.0	0.0	-1.0
820	13.0	3.0	1.0
821	11.0	2.0	1.0
822	-1.0	0.0	-1.0
823	-1.0	0.0	-1.0
824	-1.0	0.0	0.0
825	23.0	2.0	1.0
826	13.0	3.0	1.0
827	-1.0	0.0	0.0
828	0.0	2.0	1.0
829	-1.0	0.0	-1.0
830	-1.0	0.0	-1.0
831	8.0	2.0	1.0
832	15.0	2.0	1.0
833	0.0	2.0	1.0
834	-1.0	0.0	0.0
835	12.0	3.0	1.0
836	-1.0	0.0	-1.0
837	22.0	2.0	1.0
838	-1.0	0.0	-1.0
839	24.0	2.0	1.0
840	-1.0	0.0	0.0
841	8.0	2.0	1.0
842	-1.0	0.0	0.0
843	-1.0	0.0	-1.0
844	-1.0	0.0	0.0
845	-1.0	0.0	0.0
846	-1.0	0.0	-1.0
847	-1.0	0.0	-1.0
848	-1.0	0.0	-1.0
849	17.0	2.0	1.0
850	-1.0	0.0	0.0
851	-1.0	0.0	-1.0
852	-1.0	0.0	0.0
853	-1.0	0.0	-1.0
854	-1.0	0.0	-1.0
855	11.0	3.0	1.0
856	-1.0	0.0	-1.0
857	0.0	2.0	1.0
858	-1.0	0.0	-1.0
859	-1.0	0.0	-1.0
860	21.0	2.0	1.0
861	-1.0	0.0	-1.0
862	-1.0	0.0	0.0
863	-1.0	0.0	-1.0
864	-1.0	0.0	0.0
865	-1.0	0.0	-1.0
866	-1.0	0.0	-1.0
867	-1.0	0.0	-1.0
868	-1.0	0.0	-1.0
869	-1.0	0.0	-1.0
870	18.0	2.0	1.0
871	-1.0	0.0	0.0
872	25.0	3.0	1.0
873	-1.0	0.0	-1.0
874	-1.0	0.0	0.0
875	-1.0	0.0	-1.0
876	-1.0	0.0	-1.0
877	-1.0	0.0	-1.0
878	14.0	3.0	1.0
879	25.0	2.0	1.0
880	-1.0	0.0	-1.0
881	0.0	2.0	1.0
882	-1.0	0.0	-1.0
883	18.0	2.0	1.0
884	23.0	2.0	1.0
885	-1.0	0.0	-1.0
886	11.0	3.0	1.0
887	-1.0	0.0	-1.0
888	-1.0	0.0	-1.0
889	25.0	2.0	1.0
890	10.0	3.0	1.0
891	-1.0	0.0	0.0
892	0.0	2.0	1.0
893	0.0	2.0	1.0
894	12.0	2.0	1.0
895	27.0	2.0	1.0
896	22.0	2.0	1.0
897	-1.0	0.0	-1.0
898	-1.0	0.0	0.0
899	-1.0	0.0	-1.0
900	0.0	2.0	1.0
901	-1.0	0.0	-1.0
902	0.0	2.0	1.0
903	-1.0	0.0	-1.0
904	0.0	2.0	1.0
905	-1.0	0.0	-1.0
906	22.0	2.0	1.0
907	-1.0	0.0	-1.0
908	-1.0	0.0	0.0
909	22.0	2.0	1.0
910	-1.0	0.0	-1.0
911	-1.0	0.0	0.0
912	-1.0	0.0	-1.0
913	-1.0	0.0	-1.0
914	15.0	2.0	1.0
915	8.0	2.0	1.0
916	27.0	3.0	1.0
917	27.0	2.0	1.0
918	-1.0	0.0	-1.0
919	23.0	2.0	1.0
920	14.0	3.0	1.0
921	11.0	2.0	1.0
922	-1.0	0.0	-1.0
923	-1.0	0.0	0.0
924	-1.0	0.0	-1.0
925	8.0	2.0	1.0
926	-1.0	0.0	-1.0
927	-1.0	0.0	-1.0
928	22.0	2.0	1.0
929	-1.0	0.0	-1.0
930	-1.0	0.0	0.0
931	0.0	2.0	1.0
932	22.0	2.0	1.0
933	21.0	3.0	1.0
934	-1.0	0.0	-1.0
935	-1.0	0.0	0.0
936	10.0	3.0	1.0
937	-1.0	0.0	-1.0
938	-1.0	0.0	0.0
939	-1.0	0.0	0.0
940	-1.0	0.0	0.0
941	-1.0	0.0	-1.0
942	-1.0	0.0	-1.0
943	-1.0	0.0	0.0
944	-1.0	0.0	-1.0
945	-1.0	0.0	0.0
946	12.0	3.0	1.0
947	-1.0	0.0	-1.0
948	0.0	2.0	1.0
949	0.0	2.0	1.0
950	-1.0	0.0	-1.0
951	25.0	2.0	1.0
952	-1.0	0.0	-1.0
953	0.0	2.0	1.0
954	-1.0	0.0	-1.0
955	-1.0	0.0	-1.0
956	10.0	2.0	1.0
957	0.0	2.0	1.0
958	-1.0	0.0	-1.0
959	-1.0	0.0	-1.0
960	-1.0	0.0	-1.0
961	18.0	2.0	1.0
962	0.0	2.0	1.0
963	-1.0	0.0	-1.0
964	-1.0	0.0	-1.0
965	-1.0	0.0	0.0
966	-1.0	0.0	0.0
967	-1.0	0.0	0.0
968	-1.0	0.0	-1.0
969	0.0	2.0	1.0
970	26.0	2.0	1.0
971	16.0	2.0	1.0
972	-1.0	0.0	0.0
973	-1.0	0.0	-1.0
974	-1.0	0.0	0.0
975	-1.0	0.0	-1.0
976	0.0	2.0	1.0
977	19.0	2.0	1.0
978	-1.0	0.0	0.0
979	-1.0	0.0	0.0
980	15.0	2.0	1.0
981	10.0	2.0	1.0
982	0.0	2.0	1.0
983	12.0	3.0	1.0
984	8.0	2.0	1.0
985	-1.0	0.0	-1.0
986	-1.0	0.0	0.0
987	0.0	2.0	1.0
988	25.0	2.0	1.0
989	-1.0	0.0	-1.0
990	-1.0	0.0	-1.0
991	14.0	3.0	1.0
992	-1.0	0.0	0.0
993	9.0	2.0	1.0
994	0.0	2.0	1.0
995	0.0	2.0	1.0
996	-1.0	0.0	-1.0
997	-1.0	0.0	0.0
998	-1.0	0.0	0.0
999	-1.0	0.0	-1.0
1000	18.0	2.0	1.0
1001	-1.0	0.0	-1.0
1002	-1.0	0.0	0.0
1003	9.0	2.0	1.0
1004	27.0	2.0	1.0
1005	-1.0	0.0	-1.0
1006	-1.0	0.0	0.0
1007	17.0	2.0	1.0
1008	-1.0	0.0	-1.0
1009	28.0	2.0	1.0
1010	-1.0	0.0	0.0
1011	-1.0	0.0	0.0
1012	-1.0	0.0	-1.0
1013	-1.0	0.0	-1.0
1014	-1.0	0.0	0.0
1015	-1.0	0.0	-1.0
1016	-1.0	0.0	0.0
1017	-1.0	0.0	-1.0
1018	0.0	2.0	1.0
1019	-1.0	0.0	-1.0
1020	17.0	2.0	1.0
1021	-1.0	0.0	0.0
1022	-1.0	0.0	-1.0
1023	-1.0	0.0	0.0
1024	11.0	3.0	1.0
1025	-1.0	0.0	-1.0
1026	-1.0	0.0	-1.0
1027	-1.0	0.0	-1.0
1028	-1.0	0.0	-1.0
1029	0.0	2.0	1.0
1030	-1.0	0.0	-1.0
1031	-1.0	0.0	-1.0
1032	-1.0	0.0	0.0
1033	24.0	3.0	1.0
1034	-1.0	0.0	0.0
1035	0.0	2.0	1.0
1036	-1.0	0.0	-1.0
1037	-1.0	0.0	-1.0
1038	15.0	2.0	1.0
1039	-1.0	0.0	0.0
1040	-1.0	0.0	-1.0
1041	0.0	2.0	1.0
1042	-1.0	0.0	-1.0
1043	11.0	2.0	1.0
1044	-1.0	0.0	-1.0
1045	-1.0	0.0	-1.0
1046	-1.0	0.0	0.0
1047	-1.0	0.0	0.0
1048	9.0	2.0	1.0
1049	-1.0	0.0	-1.0
1050	21.0	2.0	1.0
1051	-1.0	0.0	-1.0
1052	-1.0	0.0	0.0
1053	-1.0	0.0	-1.0
1054	-1.0	0.0	-1.0
1055	-1.0	0.0	0.0
1056	-1.0	0.0	-1.0
1057	0.0	2.0	1.0
1058	-1.0	0.0	0.0
1059	-1.0	0.0	-1.0
1060	-1.0	0.0	-1.0
1061	-1.0	0.0	0.0
1062	-1.0	0.0	-1.0
1063	0.0	2.0	1.0
1064	-1.0	0.0	-1.0
1065	12.0	2.0	1.0
1066	-1.0	0.0	0.0
1067	-1.0	0.0	-1.0
1068	-1.0	0.0	-1.0
1069	-1.0	0.0	0.0
1070	0.0	2.0	1.0
1071	-1.0	0.0	-1.0
1072	-1.0	0.0	-1.0
1073	-1.0	0.0	0.0
1074	-1.0	0.0	-1.0
1075	-1.0	0.0	-1.0
1076	23.0	2.0	1.0
1077	-1.0	0.0	-1.0
1078	15.0	2.0	1.0
1079	-1.0	0.0	-1.0
1080	-1.0	0.0	-1.0
1081	22.0	2.0	1.0
1082	0.0	2.0	1.0
1083	16.0	2.0	1.0
1084	-1.0	0.0	-1.0
1085	0.0	2.0	1.0
1086	-1.0	0.0	-1.0
1087	0.0	2.0	1.0
1088	8.0	2.0	1.0
1089	-1.0	0.0	-1.0
1090	0.0	2.0	1.0
1091	0.0	2.0	1.0
1092	0.0	2.0	1.0
1093	-1.0	0.0	-1.0
1094	18.0	2.0	1.0
1095	-1.0	0.0	0.0
1096	-1.0	0.0	0.0
1097	-1.0	0.0	-1.0
1098	0.0	2.0	1.0
1099	24.0	2.0	1.0
1100	13.0	2.0	1.0
1101	17.0	2.0	1.0
1102	-1.0	0.0	-1.0
1103	-1.0	0.0	-1.0
1104	-1.0	0.0	-1.0
1105	-1.0	0.0	-1.0
1106	0.0	2.0	1.0
1107	-1.0	0.0	0.0
1108	0.0	2.0	1.0
1109	9.0	2.0	1.0
1110	-1.0	0.0	0.0
1111	-1.0	0.0	0.0
1112	28.0	3.0	1.0
1113	-1.0	0.0	-1.0
1114	-1.0	0.0	0.0
1115	0.0	2.0	1.0
1116	14.0	3.0	1.0
1117	-1.0	0.0	-1.0
1118	-1.0	0.0	-1.0
1119	-1.0	0.0	0.0
1120	-1.0	0.0	-1.0
1121	25.0	3.0	1.0
1122	17.0	2.0	1.0
1123	-1.0	0.0	0.0
1124	15.0	2.0	1.0
1125	25.0	2.0	1.0
1126	0.0	2.0	1.0
1127	-1.0	0.0	-1.0
1128	-1.0	0.0	0.0
1129	-1.0	0.0	-1.0
1130	-1.0	0.0	-1.0
1131	24.0	2.0	1.0
1132	-1.0	0.0	-1.0
1133	-1.0	0.0	0.0
1134	-1.0	0.0	-1.0
1135	16.0	2.0	1.0
1136	-1.0	0.0	-1.0
1137	-1.0	0.0	0.0
1138	-1.0	0.0	-1.0
1139	-1.0	0.0	-1.0
1140	20.0	2.0	1.0
1141	14.0	2.0	1.0
1142	-1.0	0.0	0.0
1143	-1.0	0.0	-1.0
1144	-1.0	0.0	-1.0
1145	-1.0	0.0	0.0
1146	-1.0	0.0	-1.0
1147	-1.0	0.0	-1.0
1148	-1.0	0.0	-1.0
1149	-1.0	0.0	-1.0
1150	25.0	2.0	1.0
1151	-1.0	0.0	-1.0
1152	11.0	2.0	1.0
1153	-1.0	0.0	-1.0
1154	-1.0	0.0	-1.0
1155	-1.0	0.0	0.0
1156	-1.0	0.0	-1.0
1157	-1.0	0.0	-1.0
1158	-1.0	0.0	0.0
1159	18.0	3.0	1.0
1160	-1.0	0.0	-1.0
1161	27.0	2.0	1.0
1162	14.0	2.0	1.0
1163	-1.0	0.0	0.0
1164	0.0	2.0	1.0
1165	-1.0	0.0	0.0
1166	0.0	2.0	1.0
1167	17.0	2.0	1.0
1168	-1.0	0.0	-1.0
1169	18.0	2.0	1.0
1170	-1.0	0.0	0.0
1171	-1.0	0.0	-1.0
1172	0.0	2.0	1.0
1173	27.0	2.0	1.0
1174	12.0	2.0	1.0
1175	0.0	2.0	1.0
1176	16.0	2.0	1.0
1177	10.0	2.0	1.0
1178	8.0	2.0	1.0
1179	19.0	3.0	1.0
1180	18.0	3.0	1.0
1181	-1.0	0.0	-1.0
1182	15.0	2.0	1.0
1183	10.0	2.0	1.0
1184	27.0	3.0	1.0
1185	-1.0	0.0	0.0
1186	-1.0	0.0	-1.0
1187	-1.0	0.0	-1.0
1188	-1.0	0.0	-1.0
1189	-1.0	0.0	-1.0
1190	-1.0	0.0	0.0
1191	-1.0	0.0	0.0
1192	-1.0	0.0	-1.0
1193	-1.0	0.0	-1.0
1194	-1.0	0.0	-1.0
1195	27.0	3.0	1.0
1196	-1.0	0.0	0.0
1197	-1.0	0.0	0.0
1198	-1.0	0.0	0.0
1199	-1.0	0.0	0.0
1200	25.0	2.0	1.0
1201	-1.0	0.0	0.0
1202	-1.0	0.0	-1.0
1203	-1.0	0.0	-1.0
1204	-1.0	0.0	0.0
1205	-1.0	0.0	0.0
1206	0.0	2.0	1.0
1207	-1.0	0.0	0.0
1208	-1.0	0.0	0.0
1209	0.0	2.0	1.0
1210	-1.0	0.0	0.0
1211	0.0	2.0	1.0
1212	-1.0	0.0	0.0
1213	-1.0	0.0	-1.0
1214	-1.0	0.0	-1.0
1215	-1.0	0.0	0.0
1216	-1.0	0.0	-1.0
1217	-1.0	0.0	-1.0
1218	-1.0	0.0	-1.0
1219	-1.0	0.0	0.0
1220	-1.0	0.0	0.0
1221	-1.0	0.0	-1.0
1222	-1.0	0.0	0.0
1223	17.0	3.0	1.0
1224	0.0	2.0	1.0
1225	-1.0	0.0	0.0
1226	25.0	2.0	1.0
1227	0.0	2.0	1.0
1228	-1.0	0.0	0.0
1229	-1.0	0.0	-1.0
1230	-1.0	0.0	-1.0
1231	18.0	3.0	1.0
1232	-1.0	0.0	-1.0
1233	-1.0	0.0	-1.0
1234	0.0	2.0	1.0
1235	-1.0	0.0	-1.0
1236	-1.0	0.0	0.0
1237	0.0	2.0	1.0
1238	-1.0	0.0	-1.0
1239	-1.0	0.0	-1.0
1240	-1.0	0.0	-1.0
1241	-1.0	0.0	0.0
1242	-1.0	0.0	-1.0
1243	-1.0	0.0	-1.0
1244	-1.0	0.0	-1.0
1245	12.0	3.0	1.0
1246	-1.0	0.0	0.0
1247	-1.0	0.0	-1.0
1248	-1.0	0.0	-1.0
1249	0.0	2.0	1.0
1250	28.0	3.0	1.0
1251	-1.0	0.0	0.0
1252	-1.0	0.0	-1.0
1253	-1.0	0.0	-1.0
1254	-1.0	0.0	-1.0
1255	22.0	2.0	1.0
1256	20.0	2.0	1.0
1257	-1.0	0.0	0.0
1258	-1.0	0.0	-1.0
1259	-1.0	0.0	-1.0
1260	-1.0	0.0	0.0
1261	-1.0	0.0	0.0
1262	-1.0	0.0	0.0
1263	-1.0	0.0	-1.0
1264	0.0	2.0	1.0
1265	18.0	3.0	1.0
1266	-1.0	0.0	-1.0
1267	0.0	2.0	1.0
1268	0.0	2.0	1.0
1269	28.0	2.0	1.0
1270	-1.0	0.0	-1.0
1271	-1.0	0.0	-1.0
1272	18.0	2.0	1.0
1273	-1.0	0.0	0.0
1274	-1.0	0.0	-1.0
1275	-1.0	0.0	-1.0
1276	11.0	2.0	1.0
1277	19.0	2.0	1.0
1278	21.0	2.0	1.0
1279	25.0	2.0	1.0
1280	15.0	2.0	1.0
1281	-1.0	0.0	-1.0
1282	17.0	2.0	1.0
1283	-1.0	0.0	0.0
1284	-1.0	0.0	-1.0
1285	-1.0	0.0	0.0
1286	-1.0	0.0	0.0
1287	9.0	2.0	1.0
1288	0.0	2.0	1.0
1289	-1.0	0.0	-1.0
1290	-1.0	0.0	0.0
1291	-1.0	0.0	0.0
1292	15.0	2.0	1.0
1293	-1.0	0.0	0.0
1294	-1.0	0.0	-1.0
1295	-1.0	0.0	0.0
1296	-1.0	0.0	0.0
1297	-1.0	0.0	0.0
1298	0.0	2.0	1.0
1299	-1.0	0.0	0.0
1300	8.0	2.0	1.0
1301	-1.0	0.0	0.0
1302	-1.0	0.0	-1.0
1303	-1.0	0.0	0.0
1304	-1.0	0.0	0.0
1305	-1.0	0.0	0.0
1306	-1.0	0.0	-1.0
1307	-1.0	0.0	-1.0
1308	-1.0	0.0	-1.0
1309	-1.0	0.0	-1.0
1310	18.0	2.0	1.0
1311	23.0	2.0	1.0
1312	-1.0	0.0	-1.0
1313	-1.0	0.0	-1.0
1314	0.0	2.0	1.0
1315	-1.0	0.0	-1.0
1316	-1.0	0.0	-1.0
1317	21.0	2.0	1.0
1318	0.0	2.0	1.0
1319	0.0	2.0	1.0
1320	-1.0	0.0	0.0
1321	-1.0	0.0	0.0
1322	26.0	3.0	1.0
1323	-1.0	0.0	-1.0
1324	-1.0	0.0	-1.0
1325	9.0	3.0	1.0
1326	-1.0	0.0	-1.0
1327	-1.0	0.0	0.0
1328	-1.0	0.0	0.0
1329	-1.0	0.0	-1.0
1330	12.0	3.0	1.0
1331	23.0	2.0	1.0
1332	-1.0	0.0	0.0
1333	-1.0	0.0	0.0
1334	0.0	2.0	1.0
1335	0.0	2.0	1.0
1336	-1.0	0.0	-1.0
1337	-1.0	0.0	-1.0
1338	-1.0	0.0	-1.0
1339	-1.0	0.0	-1.0
1340	-1.0	0.0	-1.0
1341	19.0	3.0	1.0
1342	-1.0	0.0	-1.0
1343	-1.0	0.0	0.0
1344	-1.0	0.0	-1.0
1345	-1.0	0.0	-1.0
1346	-1.0	0.0	-1.0
1347	27.0	2.0	1.0
1348	-1.0	0.0	0.0
1349	26.0	2.0	1.0
1350	0.0	0.0	0.0
