index	outport	cost	SuccessFlag
0	16.0	3.0	1.0
1	15.0	3.0	1.0
2	10.0	3.0	1.0
3	0.0	2.0	1.0
4	15.0	2.0	1.0
5	15.0	3.0	1.0
6	14.0	3.0	1.0
7	0.0	2.0	1.0
8	12.0	3.0	1.0
9	0.0	2.0	1.0
10	0.0	2.0	1.0
11	0.0	2.0	1.0
12	10.0	3.0	1.0
13	15.0	2.0	1.0
14	8.0	2.0	1.0
15	9.0	3.0	1.0
16	0.0	2.0	1.0
17	12.0	3.0	1.0
18	-1.0	0.0	-1.0
19	0.0	2.0	1.0
20	8.0	2.0	1.0
21	0.0	2.0	1.0
22	8.0	2.0	1.0
23	0.0	2.0	1.0
24	27.0	3.0	1.0
25	28.0	3.0	1.0
26	26.0	3.0	1.0
27	26.0	3.0	1.0
28	19.0	3.0	1.0
29	0.0	2.0	1.0
30	8.0	2.0	1.0
31	0.0	2.0	1.0
32	25.0	3.0	1.0
33	0.0	2.0	1.0
34	18.0	3.0	1.0
35	23.0	3.0	1.0
36	11.0	3.0	1.0
37	23.0	3.0	1.0
38	0.0	2.0	1.0
39	22.0	2.0	1.0
40	0.0	2.0	1.0
41	27.0	3.0	1.0
42	8.0	2.0	1.0
43	-1.0	0.0	-1.0
44	19.0	3.0	1.0
45	22.0	2.0	1.0
46	9.0	2.0	1.0
47	-1.0	0.0	0.0
48	10.0	3.0	1.0
49	0.0	2.0	1.0
50	0.0	2.0	1.0
51	24.0	3.0	1.0
52	23.0	3.0	1.0
53	24.0	3.0	1.0
54	10.0	3.0	1.0
55	13.0	3.0	1.0
56	11.0	3.0	1.0
57	14.0	3.0	1.0
58	16.0	2.0	1.0
59	8.0	2.0	1.0
60	8.0	2.0	1.0
61	0.0	2.0	1.0
62	0.0	2.0	1.0
63	21.0	3.0	1.0
64	27.0	3.0	1.0
65	0.0	2.0	1.0
66	22.0	3.0	1.0
67	0.0	2.0	1.0
68	18.0	3.0	1.0
69	19.0	3.0	1.0
70	0.0	2.0	1.0
71	-1.0	0.0	-1.0
72	-1.0	0.0	-1.0
73	20.0	3.0	1.0
74	0.0	2.0	1.0
75	0.0	2.0	1.0
76	-1.0	0.0	0.0
77	-1.0	0.0	-1.0
78	22.0	3.0	1.0
79	0.0	2.0	1.0
80	23.0	3.0	1.0
81	10.0	3.0	1.0
82	20.0	3.0	1.0
83	15.0	2.0	1.0
84	0.0	2.0	1.0
85	10.0	3.0	1.0
86	0.0	2.0	1.0
87	0.0	2.0	1.0
88	0.0	2.0	1.0
89	0.0	2.0	1.0
90	14.0	3.0	1.0
91	17.0	2.0	1.0
92	27.0	3.0	1.0
93	-1.0	0.0	-1.0
94	18.0	3.0	1.0
95	0.0	2.0	1.0
96	20.0	3.0	1.0
97	22.0	2.0	1.0
98	0.0	2.0	1.0
99	-1.0	0.0	-1.0
100	17.0	3.0	1.0
101	20.0	3.0	1.0
102	0.0	2.0	1.0
103	0.0	2.0	1.0
104	25.0	3.0	1.0
105	25.0	3.0	1.0
106	9.0	2.0	1.0
107	22.0	3.0	1.0
108	17.0	3.0	1.0
109	23.0	3.0	1.0
110	20.0	3.0	1.0
111	0.0	2.0	1.0
112	0.0	2.0	1.0
113	0.0	2.0	1.0
114	22.0	2.0	1.0
115	21.0	3.0	1.0
116	19.0	3.0	1.0
117	9.0	2.0	1.0
118	11.0	3.0	1.0
119	26.0	3.0	1.0
120	8.0	3.0	1.0
121	0.0	2.0	1.0
122	11.0	2.0	1.0
123	-1.0	0.0	-1.0
124	-1.0	0.0	-1.0
125	16.0	2.0	1.0
126	16.0	2.0	1.0
127	18.0	3.0	1.0
128	13.0	3.0	1.0
129	22.0	3.0	1.0
130	15.0	2.0	1.0
131	8.0	3.0	1.0
132	-1.0	0.0	-1.0
133	-1.0	0.0	0.0
134	22.0	3.0	1.0
135	16.0	3.0	1.0
136	11.0	3.0	1.0
137	-1.0	0.0	-1.0
138	11.0	3.0	1.0
139	18.0	3.0	1.0
140	0.0	2.0	1.0
141	-1.0	0.0	0.0
142	-1.0	0.0	-1.0
143	22.0	2.0	1.0
144	21.0	3.0	1.0
145	15.0	2.0	1.0
146	23.0	2.0	1.0
147	22.0	3.0	1.0
148	-1.0	0.0	-1.0
149	-1.0	0.0	0.0
150	-1.0	0.0	-1.0
151	-1.0	0.0	-1.0
152	20.0	3.0	1.0
153	15.0	2.0	1.0
154	25.0	3.0	1.0
155	0.0	2.0	1.0
156	18.0	3.0	1.0
157	8.0	3.0	1.0
158	21.0	3.0	1.0
159	-1.0	0.0	-1.0
160	22.0	2.0	1.0
161	-1.0	0.0	0.0
162	0.0	2.0	1.0
163	0.0	2.0	1.0
164	-1.0	0.0	-1.0
165	-1.0	0.0	-1.0
166	-1.0	0.0	-1.0
167	-1.0	0.0	0.0
168	27.0	3.0	1.0
169	19.0	3.0	1.0
170	-1.0	0.0	-1.0
171	15.0	3.0	1.0
172	-1.0	0.0	0.0
173	-1.0	0.0	-1.0
174	-1.0	0.0	-1.0
175	13.0	3.0	1.0
176	0.0	2.0	1.0
177	0.0	2.0	1.0
178	-1.0	0.0	0.0
179	-1.0	0.0	-1.0
180	-1.0	0.0	-1.0
181	22.0	2.0	1.0
182	28.0	3.0	1.0
183	16.0	2.0	1.0
184	-1.0	0.0	-1.0
185	-1.0	0.0	0.0
186	0.0	2.0	1.0
187	-1.0	0.0	-1.0
188	-1.0	0.0	-1.0
189	24.0	2.0	1.0
190	-1.0	0.0	-1.0
191	14.0	3.0	1.0
192	-1.0	0.0	-1.0
193	23.0	3.0	1.0
194	16.0	3.0	1.0
195	16.0	2.0	1.0
196	-1.0	0.0	0.0
197	27.0	3.0	1.0
198	17.0	3.0	1.0
199	14.0	3.0	1.0
200	15.0	2.0	1.0
201	-1.0	0.0	0.0
202	0.0	2.0	1.0
203	-1.0	0.0	-1.0
204	9.0	2.0	1.0
205	-1.0	0.0	-1.0
206	17.0	2.0	1.0
207	-1.0	0.0	-1.0
208	-1.0	0.0	0.0
209	17.0	2.0	1.0
210	0.0	2.0	1.0
211	9.0	3.0	1.0
212	22.0	2.0	1.0
213	-1.0	0.0	0.0
214	-1.0	0.0	0.0
215	-1.0	0.0	-1.0
216	0.0	2.0	1.0
217	16.0	2.0	1.0
218	12.0	3.0	1.0
219	8.0	2.0	1.0
220	-1.0	0.0	-1.0
221	17.0	3.0	1.0
222	13.0	2.0	1.0
223	-1.0	0.0	0.0
224	-1.0	0.0	0.0
225	0.0	2.0	1.0
226	18.0	3.0	1.0
227	18.0	3.0	1.0
228	-1.0	0.0	-1.0
229	25.0	2.0	1.0
230	0.0	2.0	1.0
231	12.0	2.0	1.0
232	15.0	2.0	1.0
233	24.0	2.0	1.0
234	25.0	3.0	1.0
235	-1.0	0.0	-1.0
236	0.0	2.0	1.0
237	-1.0	0.0	-1.0
238	0.0	2.0	1.0
239	-1.0	0.0	-1.0
240	-1.0	0.0	-1.0
241	19.0	2.0	1.0
242	-1.0	0.0	-1.0
243	-1.0	0.0	-1.0
244	24.0	3.0	1.0
245	-1.0	0.0	0.0
246	-1.0	0.0	-1.0
247	17.0	2.0	1.0
248	8.0	2.0	1.0
249	20.0	3.0	1.0
250	-1.0	0.0	-1.0
251	20.0	3.0	1.0
252	28.0	3.0	1.0
253	17.0	2.0	1.0
254	-1.0	0.0	-1.0
255	9.0	2.0	1.0
256	-1.0	0.0	-1.0
257	-1.0	0.0	-1.0
258	9.0	2.0	1.0
259	0.0	2.0	1.0
260	-1.0	0.0	-1.0
261	15.0	2.0	1.0
262	22.0	2.0	1.0
263	-1.0	0.0	-1.0
264	-1.0	0.0	-1.0
265	26.0	3.0	1.0
266	21.0	3.0	1.0
267	26.0	2.0	1.0
268	12.0	3.0	1.0
269	-1.0	0.0	-1.0
270	0.0	2.0	1.0
271	15.0	2.0	1.0
272	28.0	2.0	1.0
273	0.0	2.0	1.0
274	11.0	3.0	1.0
275	-1.0	0.0	-1.0
276	-1.0	0.0	0.0
277	-1.0	0.0	-1.0
278	-1.0	0.0	-1.0
279	28.0	3.0	1.0
280	15.0	2.0	1.0
281	-1.0	0.0	-1.0
282	-1.0	0.0	0.0
283	22.0	3.0	1.0
284	0.0	2.0	1.0
285	-1.0	0.0	-1.0
286	9.0	2.0	1.0
287	-1.0	0.0	-1.0
288	-1.0	0.0	0.0
289	-1.0	0.0	-1.0
290	27.0	3.0	1.0
291	19.0	2.0	1.0
292	-1.0	0.0	-1.0
293	22.0	2.0	1.0
294	23.0	2.0	1.0
295	-1.0	0.0	-1.0
296	-1.0	0.0	0.0
297	18.0	3.0	1.0
298	25.0	3.0	1.0
299	-1.0	0.0	-1.0
300	15.0	2.0	1.0
301	-1.0	0.0	-1.0
302	17.0	3.0	1.0
303	-1.0	0.0	-1.0
304	11.0	3.0	1.0
305	26.0	2.0	1.0
306	-1.0	0.0	0.0
307	-1.0	0.0	0.0
308	-1.0	0.0	-1.0
309	22.0	3.0	1.0
310	19.0	3.0	1.0
311	24.0	3.0	1.0
312	0.0	2.0	1.0
313	25.0	3.0	1.0
314	0.0	2.0	1.0
315	0.0	2.0	1.0
316	-1.0	0.0	0.0
317	-1.0	0.0	-1.0
318	0.0	2.0	1.0
319	0.0	2.0	1.0
320	-1.0	0.0	-1.0
321	0.0	2.0	1.0
322	15.0	2.0	1.0
323	26.0	3.0	1.0
324	-1.0	0.0	0.0
325	0.0	2.0	1.0
326	-1.0	0.0	-1.0
327	24.0	3.0	1.0
328	-1.0	0.0	-1.0
329	0.0	2.0	1.0
330	-1.0	0.0	0.0
331	-1.0	0.0	-1.0
332	27.0	2.0	1.0
333	23.0	2.0	1.0
334	-1.0	0.0	-1.0
335	-1.0	0.0	0.0
336	0.0	2.0	1.0
337	-1.0	0.0	-1.0
338	-1.0	0.0	-1.0
339	-1.0	0.0	-1.0
340	-1.0	0.0	-1.0
341	-1.0	0.0	-1.0
342	23.0	3.0	1.0
343	-1.0	0.0	-1.0
344	23.0	2.0	1.0
345	10.0	3.0	1.0
346	0.0	2.0	1.0
347	11.0	3.0	1.0
348	-1.0	0.0	-1.0
349	21.0	3.0	1.0
350	9.0	2.0	1.0
351	-1.0	0.0	-1.0
352	-1.0	0.0	-1.0
353	-1.0	0.0	-1.0
354	19.0	3.0	1.0
355	23.0	3.0	1.0
356	8.0	2.0	1.0
357	-1.0	0.0	-1.0
358	-1.0	0.0	-1.0
359	-1.0	0.0	-1.0
360	-1.0	0.0	0.0
361	-1.0	0.0	-1.0
362	10.0	2.0	1.0
363	14.0	3.0	1.0
364	-1.0	0.0	0.0
365	-1.0	0.0	-1.0
366	-1.0	0.0	0.0
367	24.0	2.0	1.0
368	13.0	3.0	1.0
369	-1.0	0.0	-1.0
370	-1.0	0.0	0.0
371	18.0	2.0	1.0
372	22.0	2.0	1.0
373	-1.0	0.0	-1.0
374	0.0	2.0	1.0
375	10.0	2.0	1.0
376	28.0	3.0	1.0
377	-1.0	0.0	-1.0
378	0.0	2.0	1.0
379	0.0	2.0	1.0
380	-1.0	0.0	-1.0
381	0.0	2.0	1.0
382	11.0	2.0	1.0
383	17.0	2.0	1.0
384	-1.0	0.0	-1.0
385	0.0	2.0	1.0
386	23.0	2.0	1.0
387	11.0	2.0	1.0
388	-1.0	0.0	0.0
389	-1.0	0.0	-1.0
390	8.0	2.0	1.0
391	28.0	3.0	1.0
392	-1.0	0.0	0.0
393	-1.0	0.0	0.0
394	-1.0	0.0	-1.0
395	8.0	2.0	1.0
396	-1.0	0.0	-1.0
397	24.0	2.0	1.0
398	24.0	2.0	1.0
399	-1.0	0.0	0.0
400	19.0	2.0	1.0
401	0.0	2.0	1.0
402	-1.0	0.0	-1.0
403	-1.0	0.0	0.0
404	-1.0	0.0	-1.0
405	-1.0	0.0	-1.0
406	-1.0	0.0	-1.0
407	0.0	2.0	1.0
408	15.0	2.0	1.0
409	0.0	2.0	1.0
410	28.0	3.0	1.0
411	0.0	2.0	1.0
412	23.0	2.0	1.0
413	16.0	2.0	1.0
414	11.0	3.0	1.0
415	12.0	2.0	1.0
416	22.0	2.0	1.0
417	10.0	3.0	1.0
418	-1.0	0.0	0.0
419	-1.0	0.0	0.0
420	-1.0	0.0	-1.0
421	18.0	3.0	1.0
422	15.0	3.0	1.0
423	-1.0	0.0	-1.0
424	10.0	3.0	1.0
425	-1.0	0.0	0.0
426	11.0	3.0	1.0
427	-1.0	0.0	-1.0
428	-1.0	0.0	-1.0
429	22.0	3.0	1.0
430	-1.0	0.0	-1.0
431	16.0	2.0	1.0
432	9.0	3.0	1.0
433	0.0	2.0	1.0
434	25.0	2.0	1.0
435	-1.0	0.0	-1.0
436	12.0	3.0	1.0
437	20.0	3.0	1.0
438	-1.0	0.0	0.0
439	-1.0	0.0	-1.0
440	-1.0	0.0	-1.0
441	-1.0	0.0	-1.0
442	-1.0	0.0	0.0
443	9.0	3.0	1.0
444	-1.0	0.0	-1.0
445	9.0	2.0	1.0
446	11.0	3.0	1.0
447	-1.0	0.0	-1.0
448	-1.0	0.0	0.0
449	-1.0	0.0	0.0
450	18.0	3.0	1.0
451	-1.0	0.0	0.0
452	-1.0	0.0	-1.0
453	-1.0	0.0	0.0
454	0.0	2.0	1.0
455	26.0	3.0	1.0
456	-1.0	0.0	-1.0
457	-1.0	0.0	-1.0
458	-1.0	0.0	-1.0
459	-1.0	0.0	-1.0
460	-1.0	0.0	-1.0
461	12.0	2.0	1.0
462	-1.0	0.0	0.0
463	0.0	2.0	1.0
464	18.0	2.0	1.0
465	-1.0	0.0	0.0
466	-1.0	0.0	-1.0
467	9.0	2.0	1.0
468	-1.0	0.0	0.0
469	-1.0	0.0	-1.0
470	14.0	2.0	1.0
471	0.0	2.0	1.0
472	-1.0	0.0	-1.0
473	9.0	2.0	1.0
474	-1.0	0.0	-1.0
475	-1.0	0.0	0.0
476	27.0	3.0	1.0
477	-1.0	0.0	-1.0
478	15.0	2.0	1.0
479	-1.0	0.0	0.0
480	-1.0	0.0	-1.0
481	20.0	3.0	1.0
482	-1.0	0.0	-1.0
483	-1.0	0.0	0.0
484	15.0	2.0	1.0
485	27.0	2.0	1.0
486	25.0	3.0	1.0
487	21.0	2.0	1.0
488	-1.0	0.0	0.0
489	14.0	3.0	1.0
490	8.0	2.0	1.0
491	0.0	2.0	1.0
492	-1.0	0.0	-1.0
493	-1.0	0.0	-1.0
494	-1.0	0.0	0.0
495	-1.0	0.0	-1.0
496	-1.0	0.0	-1.0
497	-1.0	0.0	-1.0
498	-1.0	0.0	0.0
499	17.0	2.0	1.0
500	-1.0	0.0	0.0
501	-1.0	0.0	-1.0
502	-1.0	0.0	0.0
503	-1.0	0.0	-1.0
504	0.0	2.0	1.0
505	13.0	3.0	1.0
506	0.0	2.0	1.0
507	25.0	2.0	1.0
508	18.0	2.0	1.0
509	-1.0	0.0	-1.0
510	22.0	3.0	1.0
511	23.0	3.0	1.0
512	-1.0	0.0	-1.0
513	-1.0	0.0	0.0
514	10.0	2.0	1.0
515	-1.0	0.0	0.0
516	0.0	2.0	1.0
517	22.0	2.0	1.0
518	-1.0	0.0	0.0
519	-1.0	0.0	0.0
520	-1.0	0.0	-1.0
521	24.0	2.0	1.0
522	-1.0	0.0	0.0
523	15.0	2.0	1.0
524	-1.0	0.0	0.0
525	13.0	3.0	1.0
526	-1.0	0.0	-1.0
527	24.0	3.0	1.0
528	17.0	3.0	1.0
529	-1.0	0.0	-1.0
530	-1.0	0.0	0.0
531	18.0	3.0	1.0
532	-1.0	0.0	0.0
533	-1.0	0.0	-1.0
534	-1.0	0.0	-1.0
535	-1.0	0.0	-1.0
536	-1.0	0.0	-1.0
537	-1.0	0.0	0.0
538	0.0	2.0	1.0
539	-1.0	0.0	-1.0
540	15.0	2.0	1.0
541	-1.0	0.0	0.0
542	25.0	3.0	1.0
543	-1.0	0.0	-1.0
544	8.0	2.0	1.0
545	-1.0	0.0	0.0
546	-1.0	0.0	0.0
547	0.0	2.0	1.0
548	8.0	2.0	1.0
549	-1.0	0.0	0.0
550	0.0	2.0	1.0
551	0.0	2.0	1.0
552	19.0	3.0	1.0
553	0.0	2.0	1.0
554	-1.0	0.0	-1.0
555	0.0	2.0	1.0
556	-1.0	0.0	-1.0
557	11.0	3.0	1.0
558	24.0	3.0	1.0
559	23.0	3.0	1.0
560	-1.0	0.0	-1.0
561	0.0	2.0	1.0
562	0.0	2.0	1.0
563	-1.0	0.0	-1.0
564	0.0	2.0	1.0
565	22.0	2.0	1.0
566	0.0	2.0	1.0
567	-1.0	0.0	-1.0
568	-1.0	0.0	-1.0
569	-1.0	0.0	-1.0
570	17.0	2.0	1.0
571	-1.0	0.0	-1.0
572	-1.0	0.0	0.0
573	-1.0	0.0	0.0
574	-1.0	0.0	0.0
575	-1.0	0.0	-1.0
576	-1.0	0.0	0.0
577	-1.0	0.0	-1.0
578	0.0	2.0	1.0
579	-1.0	0.0	-1.0
580	15.0	2.0	1.0
581	-1.0	0.0	-1.0
582	14.0	3.0	1.0
583	-1.0	0.0	0.0
584	-1.0	0.0	-1.0
585	-1.0	0.0	-1.0
586	-1.0	0.0	-1.0
587	20.0	2.0	1.0
588	8.0	2.0	1.0
589	0.0	2.0	1.0
590	-1.0	0.0	-1.0
591	0.0	2.0	1.0
592	15.0	2.0	1.0
593	-1.0	0.0	0.0
594	0.0	2.0	1.0
595	-1.0	0.0	-1.0
596	20.0	3.0	1.0
597	-1.0	0.0	-1.0
598	-1.0	0.0	0.0
599	-1.0	0.0	-1.0
600	22.0	2.0	1.0
601	-1.0	0.0	-1.0
602	-1.0	0.0	-1.0
603	-1.0	0.0	0.0
604	-1.0	0.0	0.0
605	-1.0	0.0	0.0
606	-1.0	0.0	-1.0
607	-1.0	0.0	-1.0
608	8.0	3.0	1.0
609	0.0	2.0	1.0
610	21.0	3.0	1.0
611	28.0	3.0	1.0
612	-1.0	0.0	-1.0
613	15.0	2.0	1.0
614	-1.0	0.0	-1.0
615	15.0	2.0	1.0
616	0.0	2.0	1.0
617	18.0	3.0	1.0
618	-1.0	0.0	-1.0
619	-1.0	0.0	0.0
620	0.0	2.0	1.0
621	-1.0	0.0	0.0
622	0.0	2.0	1.0
623	-1.0	0.0	-1.0
624	-1.0	0.0	-1.0
625	24.0	3.0	1.0
626	22.0	2.0	1.0
627	0.0	2.0	1.0
628	-1.0	0.0	-1.0
629	-1.0	0.0	-1.0
630	-1.0	0.0	-1.0
631	11.0	3.0	1.0
632	-1.0	0.0	-1.0
633	-1.0	0.0	0.0
634	-1.0	0.0	-1.0
635	-1.0	0.0	-1.0
636	-1.0	0.0	-1.0
637	-1.0	0.0	-1.0
638	0.0	2.0	1.0
639	0.0	2.0	1.0
640	0.0	2.0	1.0
641	-1.0	0.0	-1.0
642	0.0	2.0	1.0
643	0.0	2.0	1.0
644	26.0	2.0	1.0
645	0.0	2.0	1.0
646	-1.0	0.0	-1.0
647	-1.0	0.0	-1.0
648	11.0	3.0	1.0
649	-1.0	0.0	-1.0
650	8.0	2.0	1.0
651	-1.0	0.0	0.0
652	19.0	3.0	1.0
653	-1.0	0.0	-1.0
654	11.0	3.0	1.0
655	15.0	2.0	1.0
656	-1.0	0.0	-1.0
657	20.0	3.0	1.0
658	-1.0	0.0	0.0
659	-1.0	0.0	-1.0
660	-1.0	0.0	0.0
661	11.0	2.0	1.0
662	-1.0	0.0	-1.0
663	16.0	2.0	1.0
664	-1.0	0.0	-1.0
665	25.0	2.0	1.0
666	-1.0	0.0	0.0
667	-1.0	0.0	0.0
668	-1.0	0.0	-1.0
669	22.0	2.0	1.0
670	-1.0	0.0	-1.0
671	23.0	2.0	1.0
672	0.0	2.0	1.0
673	0.0	2.0	1.0
674	23.0	2.0	1.0
675	-1.0	0.0	-1.0
676	-1.0	0.0	-1.0
677	-1.0	0.0	0.0
678	22.0	2.0	1.0
679	-1.0	0.0	0.0
680	-1.0	0.0	0.0
681	0.0	2.0	1.0
682	9.0	3.0	1.0
683	12.0	3.0	1.0
684	17.0	2.0	1.0
685	-1.0	0.0	-1.0
686	-1.0	0.0	0.0
687	0.0	2.0	1.0
688	-1.0	0.0	-1.0
689	-1.0	0.0	0.0
690	-1.0	0.0	-1.0
691	9.0	3.0	1.0
692	-1.0	0.0	-1.0
693	-1.0	0.0	-1.0
694	-1.0	0.0	-1.0
695	0.0	2.0	1.0
696	-1.0	0.0	-1.0
697	-1.0	0.0	-1.0
698	-1.0	0.0	0.0
699	0.0	2.0	1.0
700	-1.0	0.0	-1.0
701	-1.0	0.0	-1.0
702	-1.0	0.0	-1.0
703	-1.0	0.0	-1.0
704	-1.0	0.0	0.0
705	0.0	2.0	1.0
706	27.0	3.0	1.0
707	15.0	2.0	1.0
708	-1.0	0.0	0.0
709	-1.0	0.0	-1.0
710	0.0	2.0	1.0
711	-1.0	0.0	-1.0
712	-1.0	0.0	-1.0
713	19.0	3.0	1.0
714	25.0	2.0	1.0
715	0.0	2.0	1.0
716	8.0	2.0	1.0
717	-1.0	0.0	-1.0
718	-1.0	0.0	-1.0
719	-1.0	0.0	-1.0
720	-1.0	0.0	0.0
721	-1.0	0.0	-1.0
722	23.0	2.0	1.0
723	0.0	2.0	1.0
724	0.0	2.0	1.0
725	20.0	3.0	1.0
726	10.0	2.0	1.0
727	0.0	2.0	1.0
728	-1.0	0.0	-1.0
729	-1.0	0.0	0.0
730	10.0	3.0	1.0
731	-1.0	0.0	-1.0
732	-1.0	0.0	-1.0
733	14.0	3.0	1.0
734	-1.0	0.0	0.0
735	-1.0	0.0	-1.0
736	-1.0	0.0	-1.0
737	-1.0	0.0	0.0
738	25.0	3.0	1.0
739	8.0	2.0	1.0
740	8.0	2.0	1.0
741	26.0	2.0	1.0
742	-1.0	0.0	-1.0
743	-1.0	0.0	0.0
744	-1.0	0.0	-1.0
745	23.0	2.0	1.0
746	21.0	3.0	1.0
747	20.0	2.0	1.0
748	-1.0	0.0	-1.0
749	0.0	2.0	1.0
750	-1.0	0.0	-1.0
751	24.0	3.0	1.0
752	10.0	2.0	1.0
753	8.0	2.0	1.0
754	0.0	2.0	1.0
755	-1.0	0.0	-1.0
756	-1.0	0.0	0.0
757	-1.0	0.0	-1.0
758	-1.0	0.0	-1.0
759	27.0	2.0	1.0
760	-1.0	0.0	-1.0
761	28.0	3.0	1.0
762	-1.0	0.0	-1.0
763	-1.0	0.0	-1.0
764	-1.0	0.0	0.0
765	-1.0	0.0	0.0
766	-1.0	0.0	-1.0
767	-1.0	0.0	-1.0
768	-1.0	0.0	-1.0
769	0.0	2.0	1.0
770	25.0	3.0	1.0
771	-1.0	0.0	-1.0
772	28.0	2.0	1.0
773	0.0	2.0	1.0
774	-1.0	0.0	0.0
775	-1.0	0.0	0.0
776	-1.0	0.0	-1.0
777	10.0	3.0	1.0
778	12.0	2.0	1.0
779	-1.0	0.0	-1.0
780	-1.0	0.0	-1.0
781	-1.0	0.0	0.0
782	-1.0	0.0	0.0
783	-1.0	0.0	-1.0
784	-1.0	0.0	-1.0
785	-1.0	0.0	-1.0
786	-1.0	0.0	0.0
787	14.0	2.0	1.0
788	12.0	2.0	1.0
789	-1.0	0.0	-1.0
790	-1.0	0.0	-1.0
791	-1.0	0.0	0.0
792	16.0	3.0	1.0
793	-1.0	0.0	-1.0
794	-1.0	0.0	-1.0
795	-1.0	0.0	-1.0
796	-1.0	0.0	0.0
797	22.0	2.0	1.0
798	-1.0	0.0	-1.0
799	28.0	2.0	1.0
800	-1.0	0.0	0.0
801	-1.0	0.0	-1.0
802	25.0	2.0	1.0
803	-1.0	0.0	-1.0
804	-1.0	0.0	-1.0
805	-1.0	0.0	-1.0
806	-1.0	0.0	-1.0
807	-1.0	0.0	-1.0
808	-1.0	0.0	-1.0
809	-1.0	0.0	-1.0
810	-1.0	0.0	-1.0
811	27.0	3.0	1.0
812	0.0	2.0	1.0
813	0.0	2.0	1.0
814	-1.0	0.0	0.0
815	-1.0	0.0	0.0
816	-1.0	0.0	-1.0
817	-1.0	0.0	0.0
818	-1.0	0.0	0.0
819	-1.0	0.0	-1.0
820	0.0	2.0	1.0
821	-1.0	0.0	-1.0
822	-1.0	0.0	-1.0
823	-1.0	0.0	-1.0
824	26.0	2.0	1.0
825	8.0	2.0	1.0
826	-1.0	0.0	0.0
827	0.0	2.0	1.0
828	-1.0	0.0	-1.0
829	0.0	2.0	1.0
830	15.0	2.0	1.0
831	0.0	2.0	1.0
832	-1.0	0.0	-1.0
833	-1.0	0.0	-1.0
834	20.0	3.0	1.0
835	17.0	3.0	1.0
836	-1.0	0.0	0.0
837	24.0	3.0	1.0
838	27.0	2.0	1.0
839	22.0	2.0	1.0
840	18.0	3.0	1.0
841	0.0	2.0	1.0
842	0.0	2.0	1.0
843	-1.0	0.0	-1.0
844	-1.0	0.0	-1.0
845	10.0	3.0	1.0
846	10.0	2.0	1.0
847	16.0	2.0	1.0
848	14.0	3.0	1.0
849	23.0	2.0	1.0
850	-1.0	0.0	-1.0
851	-1.0	0.0	-1.0
852	-1.0	0.0	0.0
853	-1.0	0.0	-1.0
854	-1.0	0.0	-1.0
855	0.0	2.0	1.0
856	-1.0	0.0	-1.0
857	18.0	2.0	1.0
858	-1.0	0.0	-1.0
859	-1.0	0.0	-1.0
860	-1.0	0.0	0.0
861	-1.0	0.0	0.0
862	22.0	2.0	1.0
863	0.0	2.0	1.0
864	-1.0	0.0	-1.0
865	-1.0	0.0	-1.0
866	-1.0	0.0	-1.0
867	-1.0	0.0	-1.0
868	-1.0	0.0	-1.0
869	-1.0	0.0	-1.0
870	17.0	3.0	1.0
871	18.0	3.0	1.0
872	-1.0	0.0	-1.0
873	-1.0	0.0	0.0
874	0.0	2.0	1.0
875	0.0	2.0	1.0
876	-1.0	0.0	-1.0
877	-1.0	0.0	0.0
878	-1.0	0.0	-1.0
879	0.0	2.0	1.0
880	0.0	2.0	1.0
881	-1.0	0.0	0.0
882	22.0	2.0	1.0
883	0.0	2.0	1.0
884	-1.0	0.0	-1.0
885	0.0	2.0	1.0
886	-1.0	0.0	-1.0
887	-1.0	0.0	-1.0
888	-1.0	0.0	-1.0
889	-1.0	0.0	-1.0
890	20.0	3.0	1.0
891	27.0	2.0	1.0
892	0.0	2.0	1.0
893	23.0	3.0	1.0
894	-1.0	0.0	-1.0
895	-1.0	0.0	-1.0
896	22.0	2.0	1.0
897	0.0	2.0	1.0
898	24.0	3.0	1.0
899	0.0	2.0	1.0
900	15.0	3.0	1.0
901	0.0	2.0	1.0
902	0.0	2.0	1.0
903	-1.0	0.0	-1.0
904	-1.0	0.0	0.0
905	-1.0	0.0	-1.0
906	-1.0	0.0	-1.0
907	-1.0	0.0	-1.0
908	26.0	3.0	1.0
909	-1.0	0.0	0.0
910	-1.0	0.0	-1.0
911	-1.0	0.0	0.0
912	28.0	3.0	1.0
913	20.0	2.0	1.0
914	-1.0	0.0	-1.0
915	-1.0	0.0	0.0
916	-1.0	0.0	0.0
917	0.0	2.0	1.0
918	21.0	3.0	1.0
919	-1.0	0.0	-1.0
920	14.0	3.0	1.0
921	22.0	3.0	1.0
922	-1.0	0.0	-1.0
923	13.0	2.0	1.0
924	13.0	2.0	1.0
925	-1.0	0.0	-1.0
926	-1.0	0.0	-1.0
927	-1.0	0.0	0.0
928	-1.0	0.0	0.0
929	-1.0	0.0	-1.0
930	-1.0	0.0	-1.0
931	-1.0	0.0	-1.0
932	-1.0	0.0	-1.0
933	-1.0	0.0	-1.0
934	-1.0	0.0	-1.0
935	25.0	3.0	1.0
936	24.0	2.0	1.0
937	-1.0	0.0	0.0
938	-1.0	0.0	0.0
939	-1.0	0.0	-1.0
940	11.0	3.0	1.0
941	-1.0	0.0	-1.0
942	11.0	2.0	1.0
943	25.0	2.0	1.0
944	-1.0	0.0	-1.0
945	12.0	2.0	1.0
946	0.0	2.0	1.0
947	0.0	2.0	1.0
948	-1.0	0.0	0.0
949	-1.0	0.0	0.0
950	0.0	2.0	1.0
951	0.0	2.0	1.0
952	26.0	3.0	1.0
953	-1.0	0.0	-1.0
954	27.0	2.0	1.0
955	-1.0	0.0	-1.0
956	-1.0	0.0	-1.0
957	-1.0	0.0	0.0
958	-1.0	0.0	-1.0
959	0.0	2.0	1.0
960	-1.0	0.0	-1.0
961	25.0	3.0	1.0
962	-1.0	0.0	-1.0
963	-1.0	0.0	-1.0
964	-1.0	0.0	0.0
965	-1.0	0.0	0.0
966	-1.0	0.0	0.0
967	10.0	2.0	1.0
968	-1.0	0.0	0.0
969	22.0	2.0	1.0
970	-1.0	0.0	-1.0
971	0.0	2.0	1.0
972	-1.0	0.0	-1.0
973	-1.0	0.0	-1.0
974	-1.0	0.0	0.0
975	14.0	3.0	1.0
976	0.0	2.0	1.0
977	-1.0	0.0	-1.0
978	-1.0	0.0	0.0
979	-1.0	0.0	-1.0
980	-1.0	0.0	-1.0
981	-1.0	0.0	0.0
982	0.0	2.0	1.0
983	0.0	2.0	1.0
984	-1.0	0.0	-1.0
985	15.0	2.0	1.0
986	21.0	3.0	1.0
987	-1.0	0.0	0.0
988	-1.0	0.0	-1.0
989	0.0	2.0	1.0
990	-1.0	0.0	-1.0
991	-1.0	0.0	0.0
992	27.0	2.0	1.0
993	-1.0	0.0	-1.0
994	-1.0	0.0	0.0
995	-1.0	0.0	-1.0
996	-1.0	0.0	-1.0
997	18.0	2.0	1.0
998	0.0	2.0	1.0
999	0.0	2.0	1.0
1000	-1.0	0.0	-1.0
1001	-1.0	0.0	0.0
1002	-1.0	0.0	-1.0
1003	-1.0	0.0	-1.0
1004	9.0	3.0	1.0
1005	-1.0	0.0	-1.0
1006	9.0	2.0	1.0
1007	-1.0	0.0	-1.0
1008	-1.0	0.0	0.0
1009	-1.0	0.0	-1.0
1010	-1.0	0.0	-1.0
1011	-1.0	0.0	-1.0
1012	-1.0	0.0	0.0
1013	-1.0	0.0	0.0
1014	-1.0	0.0	0.0
1015	-1.0	0.0	-1.0
1016	-1.0	0.0	-1.0
1017	-1.0	0.0	-1.0
1018	0.0	2.0	1.0
1019	22.0	2.0	1.0
1020	-1.0	0.0	-1.0
1021	0.0	2.0	1.0
1022	-1.0	0.0	0.0
1023	-1.0	0.0	0.0
1024	23.0	2.0	1.0
1025	26.0	3.0	1.0
1026	-1.0	0.0	0.0
1027	24.0	2.0	1.0
1028	-1.0	0.0	-1.0
1029	-1.0	0.0	-1.0
1030	-1.0	0.0	0.0
1031	-1.0	0.0	0.0
1032	0.0	2.0	1.0
1033	0.0	2.0	1.0
1034	-1.0	0.0	0.0
1035	-1.0	0.0	0.0
1036	22.0	2.0	1.0
1037	-1.0	0.0	0.0
1038	10.0	2.0	1.0
1039	0.0	2.0	1.0
1040	-1.0	0.0	-1.0
1041	-1.0	0.0	-1.0
1042	-1.0	0.0	-1.0
1043	-1.0	0.0	-1.0
1044	-1.0	0.0	0.0
1045	-1.0	0.0	-1.0
1046	-1.0	0.0	0.0
1047	0.0	2.0	1.0
1048	-1.0	0.0	-1.0
1049	0.0	2.0	1.0
1050	0.0	2.0	1.0
1051	19.0	2.0	1.0
1052	-1.0	0.0	-1.0
1053	-1.0	0.0	-1.0
1054	10.0	2.0	1.0
1055	-1.0	0.0	0.0
1056	-1.0	0.0	-1.0
1057	-1.0	0.0	0.0
1058	-1.0	0.0	0.0
1059	-1.0	0.0	-1.0
1060	-1.0	0.0	-1.0
1061	12.0	3.0	1.0
1062	-1.0	0.0	-1.0
1063	0.0	2.0	1.0
1064	-1.0	0.0	-1.0
1065	-1.0	0.0	0.0
1066	-1.0	0.0	0.0
1067	-1.0	0.0	0.0
1068	-1.0	0.0	-1.0
1069	8.0	2.0	1.0
1070	-1.0	0.0	-1.0
1071	0.0	2.0	1.0
1072	19.0	3.0	1.0
1073	-1.0	0.0	-1.0
1074	20.0	2.0	1.0
1075	-1.0	0.0	-1.0
1076	-1.0	0.0	-1.0
1077	-1.0	0.0	0.0
1078	22.0	2.0	1.0
1079	-1.0	0.0	0.0
1080	-1.0	0.0	-1.0
1081	-1.0	0.0	-1.0
1082	-1.0	0.0	-1.0
1083	23.0	3.0	1.0
1084	-1.0	0.0	0.0
1085	-1.0	0.0	0.0
1086	12.0	2.0	1.0
1087	23.0	2.0	1.0
1088	-1.0	0.0	-1.0
1089	-1.0	0.0	-1.0
1090	-1.0	0.0	-1.0
1091	-1.0	0.0	-1.0
1092	0.0	2.0	1.0
1093	19.0	2.0	1.0
1094	-1.0	0.0	-1.0
1095	-1.0	0.0	0.0
1096	9.0	2.0	1.0
1097	-1.0	0.0	0.0
1098	-1.0	0.0	0.0
1099	-1.0	0.0	-1.0
1100	-1.0	0.0	-1.0
1101	18.0	2.0	1.0
1102	-1.0	0.0	-1.0
1103	8.0	2.0	1.0
1104	10.0	2.0	1.0
1105	-1.0	0.0	-1.0
1106	18.0	2.0	1.0
1107	0.0	2.0	1.0
1108	-1.0	0.0	0.0
1109	-1.0	0.0	-1.0
1110	-1.0	0.0	0.0
1111	-1.0	0.0	0.0
1112	-1.0	0.0	0.0
1113	-1.0	0.0	-1.0
1114	17.0	2.0	1.0
1115	17.0	2.0	1.0
1116	20.0	2.0	1.0
1117	-1.0	0.0	0.0
1118	-1.0	0.0	0.0
1119	-1.0	0.0	-1.0
1120	-1.0	0.0	-1.0
1121	-1.0	0.0	0.0
1122	17.0	2.0	1.0
1123	25.0	2.0	1.0
1124	-1.0	0.0	0.0
1125	0.0	2.0	1.0
1126	0.0	2.0	1.0
1127	-1.0	0.0	-1.0
1128	12.0	3.0	1.0
1129	15.0	2.0	1.0
1130	9.0	2.0	1.0
1131	-1.0	0.0	0.0
1132	0.0	2.0	1.0
1133	-1.0	0.0	0.0
1134	19.0	3.0	1.0
1135	-1.0	0.0	-1.0
1136	-1.0	0.0	0.0
1137	-1.0	0.0	-1.0
1138	-1.0	0.0	-1.0
1139	-1.0	0.0	0.0
1140	11.0	2.0	1.0
1141	20.0	3.0	1.0
1142	-1.0	0.0	-1.0
1143	-1.0	0.0	-1.0
1144	-1.0	0.0	0.0
1145	-1.0	0.0	-1.0
1146	-1.0	0.0	-1.0
1147	-1.0	0.0	0.0
1148	-1.0	0.0	0.0
1149	13.0	3.0	1.0
1150	-1.0	0.0	0.0
1151	0.0	2.0	1.0
1152	-1.0	0.0	0.0
1153	-1.0	0.0	-1.0
1154	-1.0	0.0	-1.0
1155	17.0	3.0	1.0
1156	-1.0	0.0	-1.0
1157	-1.0	0.0	-1.0
1158	-1.0	0.0	-1.0
1159	18.0	3.0	1.0
1160	11.0	2.0	1.0
1161	28.0	3.0	1.0
1162	-1.0	0.0	-1.0
1163	-1.0	0.0	0.0
1164	-1.0	0.0	-1.0
1165	25.0	3.0	1.0
1166	0.0	2.0	1.0
1167	16.0	2.0	1.0
1168	-1.0	0.0	-1.0
1169	-1.0	0.0	-1.0
1170	24.0	2.0	1.0
1171	-1.0	0.0	-1.0
1172	19.0	3.0	1.0
1173	-1.0	0.0	0.0
1174	-1.0	0.0	0.0
1175	-1.0	0.0	0.0
1176	-1.0	0.0	0.0
1177	-1.0	0.0	-1.0
1178	-1.0	0.0	0.0
1179	9.0	2.0	1.0
1180	15.0	3.0	1.0
1181	-1.0	0.0	0.0
1182	13.0	2.0	1.0
1183	-1.0	0.0	-1.0
1184	-1.0	0.0	0.0
1185	24.0	2.0	1.0
1186	22.0	2.0	1.0
1187	23.0	2.0	1.0
1188	12.0	2.0	1.0
1189	-1.0	0.0	-1.0
1190	0.0	2.0	1.0
1191	-1.0	0.0	-1.0
1192	-1.0	0.0	-1.0
1193	0.0	2.0	1.0
1194	-1.0	0.0	0.0
1195	-1.0	0.0	0.0
1196	-1.0	0.0	-1.0
1197	10.0	2.0	1.0
1198	0.0	2.0	1.0
1199	0.0	2.0	1.0
1200	-1.0	0.0	-1.0
1201	9.0	2.0	1.0
1202	13.0	2.0	1.0
1203	-1.0	0.0	-1.0
1204	9.0	2.0	1.0
1205	-1.0	0.0	-1.0
1206	-1.0	0.0	-1.0
1207	16.0	2.0	1.0
1208	0.0	2.0	1.0
1209	-1.0	0.0	-1.0
1210	-1.0	0.0	0.0
1211	28.0	3.0	1.0
1212	-1.0	0.0	-1.0
1213	-1.0	0.0	-1.0
1214	-1.0	0.0	-1.0
1215	0.0	2.0	1.0
1216	-1.0	0.0	-1.0
1217	-1.0	0.0	0.0
1218	-1.0	0.0	0.0
1219	-1.0	0.0	-1.0
1220	-1.0	0.0	-1.0
1221	-1.0	0.0	-1.0
1222	0.0	2.0	1.0
1223	20.0	3.0	1.0
1224	22.0	2.0	1.0
1225	-1.0	0.0	-1.0
1226	-1.0	0.0	0.0
1227	-1.0	0.0	0.0
1228	-1.0	0.0	-1.0
1229	-1.0	0.0	-1.0
1230	23.0	2.0	1.0
1231	10.0	2.0	1.0
1232	-1.0	0.0	-1.0
1233	-1.0	0.0	-1.0
1234	27.0	2.0	1.0
1235	-1.0	0.0	-1.0
1236	26.0	2.0	1.0
1237	-1.0	0.0	0.0
1238	-1.0	0.0	0.0
1239	-1.0	0.0	-1.0
1240	-1.0	0.0	0.0
1241	-1.0	0.0	-1.0
1242	-1.0	0.0	-1.0
1243	-1.0	0.0	-1.0
1244	-1.0	0.0	-1.0
1245	-1.0	0.0	0.0
1246	-1.0	0.0	-1.0
1247	10.0	2.0	1.0
1248	0.0	2.0	1.0
1249	-1.0	0.0	0.0
1250	-1.0	0.0	-1.0
1251	-1.0	0.0	-1.0
1252	-1.0	0.0	0.0
1253	19.0	3.0	1.0
1254	-1.0	0.0	-1.0
1255	-1.0	0.0	-1.0
1256	19.0	2.0	1.0
1257	15.0	2.0	1.0
1258	-1.0	0.0	-1.0
1259	28.0	3.0	1.0
1260	-1.0	0.0	-1.0
1261	28.0	2.0	1.0
1262	25.0	3.0	1.0
1263	-1.0	0.0	-1.0
1264	-1.0	0.0	-1.0
1265	-1.0	0.0	-1.0
1266	-1.0	0.0	-1.0
1267	-1.0	0.0	0.0
1268	-1.0	0.0	-1.0
1269	-1.0	0.0	-1.0
1270	-1.0	0.0	-1.0
1271	-1.0	0.0	-1.0
1272	-1.0	0.0	-1.0
1273	-1.0	0.0	-1.0
1274	23.0	2.0	1.0
1275	11.0	3.0	1.0
1276	-1.0	0.0	-1.0
1277	-1.0	0.0	-1.0
1278	-1.0	0.0	-1.0
1279	-1.0	0.0	-1.0
1280	-1.0	0.0	0.0
1281	0.0	2.0	1.0
1282	27.0	2.0	1.0
1283	-1.0	0.0	-1.0
1284	-1.0	0.0	0.0
1285	-1.0	0.0	0.0
1286	-1.0	0.0	0.0
1287	-1.0	0.0	0.0
1288	-1.0	0.0	-1.0
1289	-1.0	0.0	-1.0
1290	-1.0	0.0	-1.0
1291	-1.0	0.0	0.0
1292	17.0	3.0	1.0
1293	-1.0	0.0	0.0
1294	-1.0	0.0	0.0
1295	-1.0	0.0	-1.0
1296	-1.0	0.0	-1.0
1297	-1.0	0.0	-1.0
1298	-1.0	0.0	-1.0
1299	-1.0	0.0	-1.0
1300	-1.0	0.0	-1.0
1301	-1.0	0.0	0.0
1302	-1.0	0.0	0.0
1303	-1.0	0.0	-1.0
1304	-1.0	0.0	-1.0
1305	-1.0	0.0	0.0
1306	-1.0	0.0	-1.0
1307	-1.0	0.0	-1.0
1308	-1.0	0.0	0.0
1309	-1.0	0.0	-1.0
1310	24.0	2.0	1.0
1311	13.0	3.0	1.0
1312	-1.0	0.0	0.0
1313	-1.0	0.0	-1.0
1314	-1.0	0.0	-1.0
1315	-1.0	0.0	-1.0
1316	-1.0	0.0	0.0
1317	-1.0	0.0	0.0
1318	-1.0	0.0	-1.0
1319	-1.0	0.0	-1.0
1320	-1.0	0.0	-1.0
1321	-1.0	0.0	0.0
1322	8.0	2.0	1.0
1323	-1.0	0.0	0.0
1324	22.0	2.0	1.0
1325	-1.0	0.0	0.0
1326	0.0	2.0	1.0
1327	21.0	2.0	1.0
1328	-1.0	0.0	0.0
1329	-1.0	0.0	-1.0
1330	16.0	2.0	1.0
1331	-1.0	0.0	-1.0
1332	-1.0	0.0	-1.0
1333	-1.0	0.0	-1.0
1334	-1.0	0.0	0.0
1335	-1.0	0.0	-1.0
1336	8.0	2.0	1.0
1337	0.0	2.0	1.0
1338	-1.0	0.0	-1.0
1339	-1.0	0.0	-1.0
1340	-1.0	0.0	-1.0
1341	-1.0	0.0	-1.0
1342	18.0	2.0	1.0
1343	0.0	2.0	1.0
1344	-1.0	0.0	0.0
1345	-1.0	0.0	-1.0
1346	-1.0	0.0	0.0
1347	-1.0	0.0	-1.0
1348	-1.0	0.0	-1.0
1349	20.0	3.0	1.0
1350	-1.0	0.0	-1.0
1351	28.0	3.0	1.0
1352	-1.0	0.0	-1.0
1353	26.0	2.0	1.0
1354	26.0	3.0	1.0
1355	15.0	2.0	1.0
1356	-1.0	0.0	-1.0
1357	16.0	2.0	1.0
1358	24.0	2.0	1.0
1359	27.0	3.0	1.0
1360	-1.0	0.0	-1.0
1361	-1.0	0.0	0.0
1362	-1.0	0.0	-1.0
1363	-1.0	0.0	-1.0
1364	0.0	2.0	1.0
1365	-1.0	0.0	-1.0
1366	-1.0	0.0	-1.0
1367	-1.0	0.0	0.0
1368	-1.0	0.0	0.0
1369	9.0	2.0	1.0
1370	-1.0	0.0	-1.0
1371	-1.0	0.0	0.0
1372	-1.0	0.0	-1.0
1373	-1.0	0.0	-1.0
1374	25.0	2.0	1.0
1375	-1.0	0.0	0.0
1376	-1.0	0.0	-1.0
1377	-1.0	0.0	-1.0
1378	-1.0	0.0	-1.0
1379	-1.0	0.0	-1.0
1380	-1.0	0.0	-1.0
1381	-1.0	0.0	0.0
1382	-1.0	0.0	0.0
1383	-1.0	0.0	-1.0
1384	-1.0	0.0	-1.0
1385	-1.0	0.0	-1.0
1386	23.0	2.0	1.0
1387	-1.0	0.0	-1.0
1388	-1.0	0.0	0.0
1389	-1.0	0.0	-1.0
1390	-1.0	0.0	0.0
1391	18.0	2.0	1.0
1392	8.0	2.0	1.0
1393	-1.0	0.0	-1.0
1394	24.0	2.0	1.0
1395	-1.0	0.0	-1.0
1396	-1.0	0.0	-1.0
1397	-1.0	0.0	0.0
1398	16.0	2.0	1.0
1399	-1.0	0.0	-1.0
1400	-1.0	0.0	0.0
1401	-1.0	0.0	-1.0
1402	-1.0	0.0	-1.0
1403	-1.0	0.0	0.0
1404	21.0	3.0	1.0
1405	-1.0	0.0	-1.0
1406	-1.0	0.0	-1.0
1407	-1.0	0.0	-1.0
1408	-1.0	0.0	-1.0
1409	-1.0	0.0	0.0
1410	13.0	2.0	1.0
1411	-1.0	0.0	-1.0
1412	11.0	2.0	1.0
1413	0.0	2.0	1.0
1414	-1.0	0.0	-1.0
1415	-1.0	0.0	-1.0
1416	-1.0	0.0	-1.0
1417	27.0	2.0	1.0
1418	-1.0	0.0	0.0
1419	-1.0	0.0	0.0
1420	-1.0	0.0	-1.0
1421	-1.0	0.0	-1.0
1422	18.0	2.0	1.0
1423	-1.0	0.0	-1.0
1424	-1.0	0.0	-1.0
1425	-1.0	0.0	-1.0
1426	-1.0	0.0	-1.0
1427	-1.0	0.0	0.0
1428	-1.0	0.0	-1.0
1429	0.0	2.0	1.0
1430	-1.0	0.0	-1.0
1431	-1.0	0.0	0.0
1432	15.0	2.0	1.0
1433	-1.0	0.0	0.0
1434	-1.0	0.0	0.0
1435	21.0	2.0	1.0
1436	0.0	2.0	1.0
1437	-1.0	0.0	-1.0
1438	-1.0	0.0	-1.0
1439	-1.0	0.0	0.0
1440	-1.0	0.0	0.0
1441	-1.0	0.0	-1.0
1442	-1.0	0.0	0.0
1443	-1.0	0.0	0.0
1444	-1.0	0.0	-1.0
1445	-1.0	0.0	0.0
1446	-1.0	0.0	-1.0
1447	-1.0	0.0	0.0
1448	-1.0	0.0	-1.0
1449	-1.0	0.0	0.0
1450	-1.0	0.0	-1.0
1451	0.0	2.0	1.0
1452	0.0	2.0	1.0
1453	-1.0	0.0	-1.0
1454	-1.0	0.0	-1.0
1455	12.0	2.0	1.0
1456	-1.0	0.0	0.0
1457	-1.0	0.0	0.0
1458	-1.0	0.0	-1.0
1459	0.0	2.0	1.0
1460	-1.0	0.0	-1.0
1461	-1.0	0.0	-1.0
1462	-1.0	0.0	-1.0
1463	-1.0	0.0	0.0
1464	-1.0	0.0	-1.0
1465	27.0	2.0	1.0
1466	-1.0	0.0	0.0
1467	-1.0	0.0	-1.0
1468	-1.0	0.0	-1.0
1469	27.0	2.0	1.0
1470	-1.0	0.0	-1.0
1471	0.0	2.0	1.0
1472	-1.0	0.0	-1.0
1473	-1.0	0.0	-1.0
1474	0.0	2.0	1.0
1475	-1.0	0.0	-1.0
1476	0.0	2.0	1.0
1477	-1.0	0.0	-1.0
1478	-1.0	0.0	0.0
1479	-1.0	0.0	-1.0
1480	19.0	3.0	1.0
1481	27.0	3.0	1.0
1482	0.0	2.0	1.0
1483	-1.0	0.0	0.0
1484	-1.0	0.0	-1.0
1485	-1.0	0.0	0.0
1486	13.0	2.0	1.0
1487	-1.0	0.0	-1.0
1488	-1.0	0.0	-1.0
1489	-1.0	0.0	-1.0
1490	-1.0	0.0	-1.0
1491	-1.0	0.0	-1.0
1492	-1.0	0.0	0.0
1493	0.0	2.0	1.0
1494	-1.0	0.0	0.0
1495	-1.0	0.0	-1.0
1496	-1.0	0.0	-1.0
1497	-1.0	0.0	-1.0
1498	-1.0	0.0	-1.0
1499	22.0	2.0	1.0
1500	8.0	2.0	1.0
1501	-1.0	0.0	-1.0
1502	0.0	2.0	1.0
1503	9.0	2.0	1.0
1504	-1.0	0.0	0.0
1505	-1.0	0.0	-1.0
1506	18.0	2.0	1.0
1507	-1.0	0.0	-1.0
1508	-1.0	0.0	-1.0
1509	-1.0	0.0	-1.0
1510	-1.0	0.0	0.0
1511	-1.0	0.0	-1.0
1512	20.0	3.0	1.0
1513	25.0	2.0	1.0
1514	-1.0	0.0	-1.0
1515	0.0	2.0	1.0
1516	-1.0	0.0	-1.0
1517	-1.0	0.0	0.0
1518	22.0	3.0	1.0
1519	10.0	2.0	1.0
1520	-1.0	0.0	0.0
1521	-1.0	0.0	-1.0
1522	-1.0	0.0	-1.0
1523	20.0	3.0	1.0
1524	-1.0	0.0	-1.0
1525	-1.0	0.0	0.0
1526	-1.0	0.0	0.0
1527	-1.0	0.0	0.0
1528	16.0	2.0	1.0
1529	-1.0	0.0	0.0
1530	-1.0	0.0	-1.0
1531	-1.0	0.0	-1.0
1532	-1.0	0.0	-1.0
1533	-1.0	0.0	-1.0
1534	-1.0	0.0	0.0
1535	-1.0	0.0	-1.0
1536	-1.0	0.0	0.0
1537	28.0	2.0	1.0
1538	-1.0	0.0	0.0
1539	-1.0	0.0	0.0
1540	10.0	2.0	1.0
1541	-1.0	0.0	0.0
1542	-1.0	0.0	-1.0
1543	-1.0	0.0	-1.0
1544	-1.0	0.0	-1.0
1545	23.0	2.0	1.0
1546	-1.0	0.0	0.0
1547	-1.0	0.0	-1.0
1548	-1.0	0.0	-1.0
1549	-1.0	0.0	-1.0
1550	-1.0	0.0	-1.0
1551	-1.0	0.0	-1.0
1552	23.0	2.0	1.0
1553	0.0	2.0	1.0
1554	-1.0	0.0	0.0
1555	-1.0	0.0	-1.0
1556	-1.0	0.0	0.0
1557	-1.0	0.0	0.0
1558	-1.0	0.0	-1.0
1559	-1.0	0.0	0.0
1560	16.0	2.0	1.0
1561	-1.0	0.0	-1.0
1562	-1.0	0.0	0.0
1563	0.0	2.0	1.0
1564	28.0	2.0	1.0
1565	0.0	2.0	1.0
1566	-1.0	0.0	-1.0
1567	-1.0	0.0	-1.0
1568	-1.0	0.0	-1.0
1569	-1.0	0.0	-1.0
1570	-1.0	0.0	-1.0
1571	28.0	3.0	1.0
1572	-1.0	0.0	0.0
1573	-1.0	0.0	-1.0
1574	-1.0	0.0	-1.0
1575	18.0	2.0	1.0
1576	25.0	3.0	1.0
1577	14.0	2.0	1.0
1578	11.0	2.0	1.0
1579	-1.0	0.0	-1.0
1580	-1.0	0.0	-1.0
1581	-1.0	0.0	-1.0
1582	-1.0	0.0	-1.0
1583	-1.0	0.0	0.0
1584	9.0	3.0	1.0
1585	-1.0	0.0	0.0
1586	-1.0	0.0	0.0
1587	-1.0	0.0	0.0
1588	0.0	2.0	1.0
1589	11.0	2.0	1.0
1590	-1.0	0.0	0.0
1591	0.0	2.0	1.0
1592	-1.0	0.0	0.0
1593	-1.0	0.0	-1.0
1594	-1.0	0.0	-1.0
1595	-1.0	0.0	-1.0
1596	-1.0	0.0	-1.0
1597	-1.0	0.0	-1.0
1598	-1.0	0.0	-1.0
1599	-1.0	0.0	-1.0
1600	-1.0	0.0	0.0
1601	-1.0	0.0	-1.0
1602	-1.0	0.0	-1.0
1603	-1.0	0.0	0.0
1604	-1.0	0.0	0.0
1605	-1.0	0.0	-1.0
1606	22.0	3.0	1.0
1607	0.0	2.0	1.0
1608	-1.0	0.0	-1.0
1609	-1.0	0.0	0.0
1610	0.0	2.0	1.0
1611	-1.0	0.0	0.0
1612	-1.0	0.0	0.0
1613	-1.0	0.0	0.0
1614	0.0	2.0	1.0
1615	-1.0	0.0	-1.0
1616	-1.0	0.0	-1.0
1617	14.0	2.0	1.0
1618	0.0	2.0	1.0
1619	-1.0	0.0	-1.0
1620	27.0	2.0	1.0
1621	-1.0	0.0	-1.0
1622	-1.0	0.0	-1.0
1623	-1.0	0.0	-1.0
1624	-1.0	0.0	0.0
1625	17.0	2.0	1.0
1626	-1.0	0.0	0.0
1627	15.0	2.0	1.0
1628	-1.0	0.0	-1.0
1629	-1.0	0.0	-1.0
1630	-1.0	0.0	-1.0
1631	-1.0	0.0	-1.0
1632	-1.0	0.0	0.0
1633	24.0	3.0	1.0
1634	-1.0	0.0	0.0
1635	-1.0	0.0	0.0
1636	-1.0	0.0	0.0
1637	-1.0	0.0	-1.0
1638	16.0	2.0	1.0
1639	26.0	3.0	1.0
1640	-1.0	0.0	0.0
1641	-1.0	0.0	0.0
1642	22.0	2.0	1.0
1643	27.0	2.0	1.0
1644	-1.0	0.0	0.0
1645	-1.0	0.0	0.0
1646	-1.0	0.0	0.0
1647	0.0	2.0	1.0
1648	-1.0	0.0	-1.0
1649	-1.0	0.0	-1.0
1650	-1.0	0.0	-1.0
1651	26.0	2.0	1.0
1652	-1.0	0.0	-1.0
1653	17.0	2.0	1.0
1654	-1.0	0.0	0.0
1655	-1.0	0.0	0.0
1656	0.0	2.0	1.0
1657	-1.0	0.0	0.0
1658	-1.0	0.0	0.0
1659	-1.0	0.0	0.0
1660	-1.0	0.0	-1.0
1661	-1.0	0.0	-1.0
1662	0.0	2.0	1.0
1663	11.0	2.0	1.0
1664	0.0	2.0	1.0
1665	-1.0	0.0	-1.0
1666	-1.0	0.0	-1.0
1667	-1.0	0.0	0.0
1668	-1.0	0.0	-1.0
1669	-1.0	0.0	-1.0
1670	0.0	2.0	1.0
1671	9.0	3.0	1.0
1672	-1.0	0.0	-1.0
1673	-1.0	0.0	0.0
1674	-1.0	0.0	-1.0
1675	11.0	2.0	1.0
1676	0.0	2.0	1.0
1677	-1.0	0.0	-1.0
1678	-1.0	0.0	-1.0
1679	-1.0	0.0	-1.0
1680	-1.0	0.0	-1.0
1681	-1.0	0.0	0.0
1682	-1.0	0.0	0.0
1683	12.0	2.0	1.0
1684	0.0	2.0	1.0
1685	-1.0	0.0	-1.0
1686	0.0	2.0	1.0
1687	-1.0	0.0	-1.0
1688	-1.0	0.0	-1.0
1689	-1.0	0.0	-1.0
1690	-1.0	0.0	0.0
1691	-1.0	0.0	0.0
1692	28.0	2.0	1.0
1693	-1.0	0.0	-1.0
1694	-1.0	0.0	0.0
1695	0.0	2.0	1.0
1696	17.0	2.0	1.0
1697	-1.0	0.0	0.0
1698	-1.0	0.0	0.0
1699	-1.0	0.0	-1.0
1700	-1.0	0.0	-1.0
1701	-1.0	0.0	-1.0
1702	10.0	2.0	1.0
1703	-1.0	0.0	-1.0
1704	-1.0	0.0	0.0
1705	-1.0	0.0	-1.0
1706	-1.0	0.0	0.0
1707	-1.0	0.0	0.0
1708	-1.0	0.0	-1.0
1709	-1.0	0.0	0.0
1710	-1.0	0.0	0.0
1711	-1.0	0.0	0.0
1712	-1.0	0.0	0.0
1713	0.0	2.0	1.0
1714	-1.0	0.0	-1.0
1715	-1.0	0.0	0.0
1716	-1.0	0.0	-1.0
1717	-1.0	0.0	0.0
1718	-1.0	0.0	0.0
1719	-1.0	0.0	-1.0
1720	0.0	2.0	1.0
1721	-1.0	0.0	0.0
1722	-1.0	0.0	0.0
1723	-1.0	0.0	0.0
1724	18.0	3.0	1.0
1725	-1.0	0.0	-1.0
1726	-1.0	0.0	0.0
1727	-1.0	0.0	-1.0
1728	0.0	2.0	1.0
1729	-1.0	0.0	-1.0
1730	0.0	2.0	1.0
1731	0.0	2.0	1.0
1732	-1.0	0.0	-1.0
1733	-1.0	0.0	0.0
1734	-1.0	0.0	-1.0
1735	0.0	2.0	1.0
1736	-1.0	0.0	-1.0
1737	-1.0	0.0	-1.0
1738	18.0	2.0	1.0
1739	-1.0	0.0	0.0
1740	-1.0	0.0	0.0
1741	-1.0	0.0	-1.0
1742	28.0	3.0	1.0
1743	-1.0	0.0	0.0
1744	-1.0	0.0	-1.0
1745	27.0	2.0	1.0
1746	14.0	2.0	1.0
1747	-1.0	0.0	0.0
1748	-1.0	0.0	-1.0
1749	-1.0	0.0	0.0
1750	-1.0	0.0	0.0
1751	0.0	2.0	1.0
1752	-1.0	0.0	-1.0
1753	-1.0	0.0	-1.0
1754	-1.0	0.0	0.0
1755	22.0	2.0	1.0
1756	-1.0	0.0	0.0
1757	-1.0	0.0	0.0
1758	25.0	2.0	1.0
1759	-1.0	0.0	0.0
1760	-1.0	0.0	-1.0
1761	-1.0	0.0	-1.0
1762	-1.0	0.0	0.0
1763	-1.0	0.0	-1.0
1764	20.0	2.0	1.0
1765	0.0	2.0	1.0
1766	-1.0	0.0	0.0
1767	-1.0	0.0	-1.0
1768	25.0	2.0	1.0
1769	-1.0	0.0	-1.0
1770	-1.0	0.0	-1.0
1771	-1.0	0.0	-1.0
1772	-1.0	0.0	0.0
1773	-1.0	0.0	0.0
1774	-1.0	0.0	0.0
1775	15.0	2.0	1.0
1776	-1.0	0.0	0.0
1777	-1.0	0.0	0.0
1778	-1.0	0.0	0.0
1779	-1.0	0.0	-1.0
1780	-1.0	0.0	-1.0
1781	0.0	2.0	1.0
1782	-1.0	0.0	-1.0
1783	-1.0	0.0	-1.0
1784	26.0	2.0	1.0
1785	-1.0	0.0	-1.0
1786	-1.0	0.0	-1.0
1787	-1.0	0.0	-1.0
1788	-1.0	0.0	-1.0
1789	-1.0	0.0	0.0
1790	-1.0	0.0	-1.0
1791	-1.0	0.0	0.0
1792	-1.0	0.0	-1.0
1793	13.0	2.0	1.0
1794	-1.0	0.0	-1.0
1795	0.0	2.0	1.0
1796	-1.0	0.0	-1.0
1797	-1.0	0.0	0.0
1798	15.0	2.0	1.0
1799	17.0	3.0	1.0
1800	-1.0	0.0	0.0
1801	0.0	2.0	1.0
1802	-1.0	0.0	0.0
1803	-1.0	0.0	0.0
1804	-1.0	0.0	-1.0
1805	20.0	3.0	1.0
1806	0.0	2.0	1.0
1807	-1.0	0.0	0.0
1808	-1.0	0.0	-1.0
1809	-1.0	0.0	-1.0
1810	9.0	3.0	1.0
1811	-1.0	0.0	-1.0
1812	-1.0	0.0	0.0
1813	-1.0	0.0	0.0
1814	-1.0	0.0	-1.0
1815	-1.0	0.0	-1.0
1816	-1.0	0.0	-1.0
1817	0.0	2.0	1.0
1818	-1.0	0.0	-1.0
1819	-1.0	0.0	0.0
1820	18.0	2.0	1.0
1821	23.0	2.0	1.0
1822	-1.0	0.0	-1.0
1823	-1.0	0.0	-1.0
1824	-1.0	0.0	0.0
1825	0.0	2.0	1.0
1826	-1.0	0.0	-1.0
1827	-1.0	0.0	-1.0
1828	-1.0	0.0	-1.0
1829	13.0	2.0	1.0
1830	-1.0	0.0	-1.0
1831	-1.0	0.0	-1.0
1832	-1.0	0.0	0.0
1833	27.0	2.0	1.0
1834	-1.0	0.0	-1.0
1835	-1.0	0.0	-1.0
1836	-1.0	0.0	0.0
1837	-1.0	0.0	-1.0
1838	8.0	2.0	1.0
1839	-1.0	0.0	-1.0
1840	-1.0	0.0	0.0
1841	-1.0	0.0	-1.0
1842	-1.0	0.0	-1.0
1843	-1.0	0.0	-1.0
1844	-1.0	0.0	0.0
1845	-1.0	0.0	0.0
1846	-1.0	0.0	-1.0
1847	-1.0	0.0	-1.0
1848	-1.0	0.0	-1.0
1849	-1.0	0.0	0.0
1850	-1.0	0.0	0.0
1851	-1.0	0.0	0.0
1852	0.0	2.0	1.0
1853	-1.0	0.0	-1.0
1854	-1.0	0.0	0.0
1855	-1.0	0.0	-1.0
1856	-1.0	0.0	-1.0
1857	-1.0	0.0	-1.0
1858	-1.0	0.0	0.0
1859	-1.0	0.0	0.0
1860	-1.0	0.0	-1.0
1861	-1.0	0.0	-1.0
1862	12.0	2.0	1.0
1863	-1.0	0.0	-1.0
1864	-1.0	0.0	0.0
1865	11.0	2.0	1.0
1866	8.0	2.0	1.0
1867	-1.0	0.0	-1.0
1868	-1.0	0.0	-1.0
1869	-1.0	0.0	0.0
1870	-1.0	0.0	-1.0
1871	23.0	2.0	1.0
1872	-1.0	0.0	-1.0
1873	-1.0	0.0	0.0
1874	0.0	2.0	1.0
1875	-1.0	0.0	-1.0
1876	-1.0	0.0	0.0
1877	-1.0	0.0	0.0
1878	-1.0	0.0	-1.0
1879	0.0	2.0	1.0
1880	-1.0	0.0	-1.0
1881	-1.0	0.0	-1.0
1882	-1.0	0.0	0.0
1883	-1.0	0.0	0.0
1884	13.0	2.0	1.0
1885	-1.0	0.0	0.0
1886	-1.0	0.0	0.0
1887	-1.0	0.0	-1.0
1888	-1.0	0.0	-1.0
1889	17.0	2.0	1.0
1890	-1.0	0.0	0.0
1891	-1.0	0.0	-1.0
1892	-1.0	0.0	-1.0
1893	21.0	2.0	1.0
1894	-1.0	0.0	-1.0
1895	-1.0	0.0	0.0
1896	-1.0	0.0	-1.0
1897	-1.0	0.0	-1.0
1898	-1.0	0.0	-1.0
1899	24.0	2.0	1.0
1900	24.0	2.0	1.0
1901	-1.0	0.0	-1.0
1902	-1.0	0.0	-1.0
1903	-1.0	0.0	-1.0
1904	-1.0	0.0	-1.0
1905	-1.0	0.0	-1.0
1906	-1.0	0.0	0.0
1907	-1.0	0.0	-1.0
1908	26.0	2.0	1.0
1909	-1.0	0.0	0.0
1910	0.0	2.0	1.0
1911	-1.0	0.0	0.0
1912	-1.0	0.0	0.0
1913	0.0	2.0	1.0
1914	-1.0	0.0	0.0
1915	-1.0	0.0	-1.0
1916	13.0	3.0	1.0
1917	-1.0	0.0	0.0
1918	-1.0	0.0	0.0
1919	0.0	2.0	1.0
1920	-1.0	0.0	-1.0
1921	-1.0	0.0	-1.0
1922	-1.0	0.0	-1.0
1923	-1.0	0.0	-1.0
1924	0.0	2.0	1.0
1925	-1.0	0.0	-1.0
1926	-1.0	0.0	0.0
1927	-1.0	0.0	-1.0
1928	-1.0	0.0	0.0
1929	24.0	3.0	1.0
1930	-1.0	0.0	-1.0
1931	-1.0	0.0	0.0
1932	-1.0	0.0	0.0
1933	-1.0	0.0	-1.0
1934	-1.0	0.0	-1.0
1935	-1.0	0.0	-1.0
1936	0.0	2.0	1.0
1937	-1.0	0.0	-1.0
1938	-1.0	0.0	-1.0
1939	-1.0	0.0	0.0
1940	26.0	3.0	1.0
1941	-1.0	0.0	-1.0
1942	21.0	2.0	1.0
1943	-1.0	0.0	0.0
1944	-1.0	0.0	-1.0
1945	-1.0	0.0	0.0
1946	25.0	3.0	1.0
1947	-1.0	0.0	0.0
1948	-1.0	0.0	-1.0
1949	-1.0	0.0	-1.0
1950	-1.0	0.0	0.0
1951	-1.0	0.0	-1.0
1952	-1.0	0.0	-1.0
1953	-1.0	0.0	0.0
1954	-1.0	0.0	-1.0
1955	-1.0	0.0	-1.0
1956	-1.0	0.0	-1.0
1957	-1.0	0.0	-1.0
1958	9.0	2.0	1.0
1959	-1.0	0.0	-1.0
1960	-1.0	0.0	0.0
1961	-1.0	0.0	0.0
1962	-1.0	0.0	-1.0
1963	0.0	2.0	1.0
1964	-1.0	0.0	0.0
1965	-1.0	0.0	0.0
1966	0.0	2.0	1.0
1967	-1.0	0.0	0.0
1968	-1.0	0.0	-1.0
1969	0.0	2.0	1.0
1970	9.0	2.0	1.0
1971	-1.0	0.0	0.0
1972	-1.0	0.0	-1.0
1973	-1.0	0.0	-1.0
1974	-1.0	0.0	0.0
1975	14.0	3.0	1.0
1976	-1.0	0.0	-1.0
1977	27.0	2.0	1.0
1978	-1.0	0.0	-1.0
1979	-1.0	0.0	-1.0
1980	0.0	2.0	1.0
1981	-1.0	0.0	-1.0
1982	-1.0	0.0	0.0
1983	-1.0	0.0	0.0
1984	-1.0	0.0	0.0
1985	-1.0	0.0	-1.0
1986	-1.0	0.0	0.0
1987	-1.0	0.0	-1.0
1988	-1.0	0.0	-1.0
1989	8.0	2.0	1.0
1990	-1.0	0.0	-1.0
1991	-1.0	0.0	-1.0
1992	-1.0	0.0	-1.0
1993	0.0	2.0	1.0
1994	-1.0	0.0	-1.0
1995	-1.0	0.0	-1.0
1996	-1.0	0.0	0.0
1997	-1.0	0.0	0.0
1998	13.0	2.0	1.0
1999	0.0	2.0	1.0
2000	0.0	2.0	1.0
2001	-1.0	0.0	-1.0
2002	-1.0	0.0	-1.0
2003	-1.0	0.0	0.0
2004	-1.0	0.0	0.0
2005	13.0	2.0	1.0
2006	-1.0	0.0	0.0
2007	-1.0	0.0	0.0
2008	-1.0	0.0	-1.0
2009	-1.0	0.0	-1.0
2010	-1.0	0.0	0.0
2011	-1.0	0.0	-1.0
2012	-1.0	0.0	-1.0
2013	0.0	2.0	1.0
2014	-1.0	0.0	-1.0
2015	-1.0	0.0	-1.0
2016	-1.0	0.0	-1.0
2017	-1.0	0.0	0.0
2018	0.0	2.0	1.0
2019	-1.0	0.0	-1.0
2020	-1.0	0.0	-1.0
2021	-1.0	0.0	-1.0
2022	-1.0	0.0	0.0
2023	-1.0	0.0	-1.0
2024	-1.0	0.0	-1.0
2025	-1.0	0.0	-1.0
2026	-1.0	0.0	-1.0
2027	-1.0	0.0	0.0
2028	-1.0	0.0	0.0
2029	-1.0	0.0	-1.0
2030	-1.0	0.0	-1.0
2031	-1.0	0.0	-1.0
2032	0.0	2.0	1.0
2033	0.0	2.0	1.0
2034	-1.0	0.0	-1.0
2035	-1.0	0.0	-1.0
2036	-1.0	0.0	0.0
2037	-1.0	0.0	0.0
2038	22.0	2.0	1.0
2039	-1.0	0.0	0.0
2040	12.0	2.0	1.0
2041	-1.0	0.0	-1.0
2042	25.0	2.0	1.0
2043	0.0	2.0	1.0
2044	-1.0	0.0	-1.0
2045	10.0	3.0	1.0
2046	-1.0	0.0	-1.0
2047	11.0	3.0	1.0
2048	-1.0	0.0	-1.0
2049	-1.0	0.0	0.0
2050	-1.0	0.0	-1.0
2051	23.0	2.0	1.0
2052	0.0	2.0	1.0
2053	-1.0	0.0	-1.0
2054	-1.0	0.0	-1.0
2055	-1.0	0.0	0.0
2056	-1.0	0.0	-1.0
2057	-1.0	0.0	0.0
2058	-1.0	0.0	-1.0
2059	-1.0	0.0	0.0
2060	21.0	2.0	1.0
2061	-1.0	0.0	0.0
2062	-1.0	0.0	0.0
2063	-1.0	0.0	-1.0
2064	-1.0	0.0	0.0
2065	-1.0	0.0	0.0
2066	-1.0	0.0	-1.0
2067	-1.0	0.0	-1.0
2068	-1.0	0.0	-1.0
2069	-1.0	0.0	0.0
2070	-1.0	0.0	0.0
2071	-1.0	0.0	-1.0
2072	-1.0	0.0	-1.0
2073	-1.0	0.0	-1.0
2074	-1.0	0.0	-1.0
2075	-1.0	0.0	-1.0
2076	-1.0	0.0	0.0
2077	0.0	2.0	1.0
2078	-1.0	0.0	-1.0
2079	0.0	2.0	1.0
2080	-1.0	0.0	-1.0
2081	-1.0	0.0	-1.0
2082	16.0	2.0	1.0
2083	27.0	2.0	1.0
2084	-1.0	0.0	-1.0
2085	0.0	2.0	1.0
2086	-1.0	0.0	-1.0
2087	13.0	2.0	1.0
2088	-1.0	0.0	0.0
2089	-1.0	0.0	0.0
2090	-1.0	0.0	-1.0
2091	23.0	2.0	1.0
2092	-1.0	0.0	0.0
2093	-1.0	0.0	0.0
2094	-1.0	0.0	-1.0
2095	-1.0	0.0	-1.0
2096	-1.0	0.0	0.0
2097	-1.0	0.0	-1.0
2098	-1.0	0.0	-1.0
2099	-1.0	0.0	-1.0
2100	-1.0	0.0	0.0
2101	-1.0	0.0	0.0
2102	-1.0	0.0	0.0
2103	-1.0	0.0	-1.0
2104	-1.0	0.0	0.0
2105	-1.0	0.0	0.0
2106	-1.0	0.0	-1.0
2107	-1.0	0.0	-1.0
2108	-1.0	0.0	0.0
2109	-1.0	0.0	-1.0
2110	-1.0	0.0	-1.0
2111	-1.0	0.0	-1.0
2112	0.0	2.0	1.0
2113	-1.0	0.0	-1.0
2114	-1.0	0.0	-1.0
2115	14.0	2.0	1.0
2116	-1.0	0.0	-1.0
2117	-1.0	0.0	-1.0
2118	-1.0	0.0	0.0
2119	-1.0	0.0	0.0
2120	-1.0	0.0	0.0
2121	-1.0	0.0	0.0
2122	9.0	2.0	1.0
2123	-1.0	0.0	0.0
2124	-1.0	0.0	0.0
2125	8.0	2.0	1.0
2126	-1.0	0.0	-1.0
2127	-1.0	0.0	-1.0
2128	-1.0	0.0	0.0
2129	-1.0	0.0	-1.0
2130	9.0	2.0	1.0
2131	-1.0	0.0	-1.0
2132	-1.0	0.0	0.0
2133	-1.0	0.0	0.0
2134	-1.0	0.0	-1.0
2135	-1.0	0.0	-1.0
2136	0.0	2.0	1.0
2137	-1.0	0.0	-1.0
2138	-1.0	0.0	-1.0
2139	-1.0	0.0	-1.0
2140	-1.0	0.0	-1.0
2141	-1.0	0.0	0.0
2142	-1.0	0.0	-1.0
2143	-1.0	0.0	-1.0
2144	-1.0	0.0	-1.0
2145	-1.0	0.0	-1.0
2146	-1.0	0.0	-1.0
2147	-1.0	0.0	-1.0
2148	-1.0	0.0	-1.0
2149	25.0	3.0	1.0
2150	0.0	2.0	1.0
2151	-1.0	0.0	0.0
2152	-1.0	0.0	-1.0
2153	-1.0	0.0	-1.0
2154	-1.0	0.0	0.0
2155	20.0	2.0	1.0
2156	-1.0	0.0	0.0
2157	-1.0	0.0	0.0
2158	-1.0	0.0	-1.0
2159	-1.0	0.0	-1.0
2160	26.0	3.0	1.0
2161	-1.0	0.0	0.0
2162	-1.0	0.0	0.0
2163	0.0	2.0	1.0
2164	-1.0	0.0	-1.0
2165	0.0	2.0	1.0
2166	-1.0	0.0	0.0
2167	-1.0	0.0	-1.0
2168	-1.0	0.0	-1.0
2169	-1.0	0.0	-1.0
2170	-1.0	0.0	-1.0
2171	-1.0	0.0	0.0
2172	-1.0	0.0	0.0
2173	-1.0	0.0	0.0
2174	-1.0	0.0	-1.0
2175	-1.0	0.0	0.0
2176	15.0	3.0	1.0
2177	24.0	2.0	1.0
2178	-1.0	0.0	-1.0
2179	-1.0	0.0	0.0
2180	-1.0	0.0	-1.0
2181	-1.0	0.0	-1.0
2182	-1.0	0.0	0.0
2183	-1.0	0.0	-1.0
2184	-1.0	0.0	-1.0
2185	-1.0	0.0	-1.0
2186	16.0	2.0	1.0
2187	-1.0	0.0	-1.0
2188	-1.0	0.0	-1.0
2189	-1.0	0.0	-1.0
2190	-1.0	0.0	-1.0
2191	-1.0	0.0	-1.0
2192	-1.0	0.0	-1.0
2193	15.0	2.0	1.0
2194	0.0	2.0	1.0
2195	14.0	2.0	1.0
2196	-1.0	0.0	-1.0
2197	-1.0	0.0	-1.0
2198	-1.0	0.0	-1.0
2199	-1.0	0.0	0.0
2200	-1.0	0.0	-1.0
2201	24.0	3.0	1.0
2202	-1.0	0.0	0.0
2203	0.0	2.0	1.0
2204	-1.0	0.0	-1.0
2205	0.0	2.0	1.0
2206	-1.0	0.0	0.0
2207	-1.0	0.0	0.0
2208	12.0	2.0	1.0
2209	-1.0	0.0	-1.0
2210	-1.0	0.0	-1.0
2211	-1.0	0.0	-1.0
2212	-1.0	0.0	-1.0
2213	-1.0	0.0	0.0
2214	15.0	2.0	1.0
2215	-1.0	0.0	-1.0
2216	-1.0	0.0	0.0
2217	-1.0	0.0	-1.0
2218	-1.0	0.0	-1.0
2219	-1.0	0.0	0.0
2220	-1.0	0.0	0.0
2221	15.0	3.0	1.0
2222	-1.0	0.0	-1.0
2223	-1.0	0.0	-1.0
2224	-1.0	0.0	-1.0
2225	-1.0	0.0	0.0
2226	-1.0	0.0	0.0
2227	-1.0	0.0	-1.0
2228	25.0	3.0	1.0
2229	-1.0	0.0	0.0
2230	-1.0	0.0	-1.0
2231	15.0	3.0	1.0
2232	-1.0	0.0	-1.0
2233	-1.0	0.0	0.0
2234	0.0	2.0	1.0
2235	-1.0	0.0	-1.0
2236	-1.0	0.0	0.0
2237	-1.0	0.0	-1.0
2238	-1.0	0.0	-1.0
2239	-1.0	0.0	-1.0
2240	24.0	2.0	1.0
2241	-1.0	0.0	-1.0
2242	-1.0	0.0	0.0
2243	-1.0	0.0	0.0
2244	-1.0	0.0	0.0
2245	-1.0	0.0	-1.0
2246	0.0	2.0	1.0
2247	9.0	2.0	1.0
2248	-1.0	0.0	0.0
2249	-1.0	0.0	-1.0
2250	-1.0	0.0	0.0
2251	0.0	2.0	1.0
2252	-1.0	0.0	0.0
2253	-1.0	0.0	-1.0
2254	-1.0	0.0	-1.0
2255	-1.0	0.0	0.0
2256	-1.0	0.0	-1.0
2257	-1.0	0.0	-1.0
2258	21.0	2.0	1.0
2259	-1.0	0.0	-1.0
2260	23.0	3.0	1.0
2261	-1.0	0.0	0.0
2262	-1.0	0.0	-1.0
2263	-1.0	0.0	0.0
2264	-1.0	0.0	-1.0
2265	-1.0	0.0	0.0
2266	-1.0	0.0	-1.0
2267	-1.0	0.0	0.0
2268	-1.0	0.0	-1.0
2269	-1.0	0.0	-1.0
2270	-1.0	0.0	0.0
2271	-1.0	0.0	0.0
2272	-1.0	0.0	0.0
2273	-1.0	0.0	0.0
2274	-1.0	0.0	0.0
2275	-1.0	0.0	-1.0
2276	-1.0	0.0	0.0
2277	-1.0	0.0	-1.0
2278	-1.0	0.0	-1.0
2279	-1.0	0.0	-1.0
2280	12.0	2.0	1.0
2281	-1.0	0.0	-1.0
2282	-1.0	0.0	0.0
2283	-1.0	0.0	-1.0
2284	15.0	2.0	1.0
2285	28.0	3.0	1.0
2286	14.0	2.0	1.0
2287	0.0	2.0	1.0
2288	-1.0	0.0	0.0
2289	13.0	3.0	1.0
2290	-1.0	0.0	0.0
2291	-1.0	0.0	-1.0
2292	-1.0	0.0	0.0
2293	-1.0	0.0	-1.0
2294	-1.0	0.0	-1.0
2295	-1.0	0.0	-1.0
2296	-1.0	0.0	-1.0
2297	-1.0	0.0	-1.0
2298	-1.0	0.0	0.0
2299	-1.0	0.0	0.0
2300	-1.0	0.0	0.0
2301	-1.0	0.0	0.0
2302	0.0	2.0	1.0
2303	-1.0	0.0	0.0
2304	0.0	2.0	1.0
2305	-1.0	0.0	-1.0
2306	0.0	2.0	1.0
2307	-1.0	0.0	0.0
2308	-1.0	0.0	-1.0
2309	-1.0	0.0	-1.0
2310	0.0	2.0	1.0
2311	0.0	2.0	1.0
2312	0.0	2.0	1.0
2313	-1.0	0.0	-1.0
2314	-1.0	0.0	0.0
2315	-1.0	0.0	-1.0
2316	-1.0	0.0	-1.0
2317	-1.0	0.0	-1.0
2318	-1.0	0.0	-1.0
2319	-1.0	0.0	0.0
2320	-1.0	0.0	-1.0
2321	-1.0	0.0	-1.0
2322	0.0	2.0	1.0
2323	16.0	3.0	1.0
2324	-1.0	0.0	-1.0
2325	-1.0	0.0	0.0
2326	27.0	3.0	1.0
2327	-1.0	0.0	-1.0
2328	-1.0	0.0	0.0
2329	-1.0	0.0	-1.0
2330	-1.0	0.0	0.0
2331	-1.0	0.0	-1.0
2332	0.0	2.0	1.0
2333	-1.0	0.0	-1.0
2334	-1.0	0.0	0.0
2335	-1.0	0.0	0.0
2336	-1.0	0.0	-1.0
2337	-1.0	0.0	0.0
2338	-1.0	0.0	-1.0
2339	-1.0	0.0	0.0
2340	-1.0	0.0	-1.0
2341	-1.0	0.0	-1.0
2342	15.0	2.0	1.0
2343	-1.0	0.0	0.0
2344	0.0	2.0	1.0
2345	-1.0	0.0	0.0
2346	-1.0	0.0	-1.0
2347	-1.0	0.0	0.0
2348	-1.0	0.0	-1.0
2349	-1.0	0.0	-1.0
2350	0.0	0.0	0.0
