index	outport	cost	SuccessFlag
0	0.0	2.0	1.0
1	20.0	3.0	1.0
2	21.0	3.0	1.0
3	16.0	3.0	1.0
4	24.0	3.0	1.0
5	22.0	2.0	1.0
6	27.0	3.0	1.0
7	23.0	3.0	1.0
8	-1.0	0.0	0.0
9	24.0	3.0	1.0
10	23.0	3.0	1.0
11	17.0	3.0	1.0
12	22.0	2.0	1.0
13	15.0	2.0	1.0
14	17.0	3.0	1.0
15	13.0	3.0	1.0
16	27.0	3.0	1.0
17	8.0	2.0	1.0
18	20.0	3.0	1.0
19	8.0	2.0	1.0
20	8.0	2.0	1.0
21	15.0	2.0	1.0
22	15.0	2.0	1.0
23	15.0	2.0	1.0
24	8.0	2.0	1.0
25	0.0	2.0	1.0
26	0.0	2.0	1.0
27	22.0	2.0	1.0
28	21.0	3.0	1.0
29	0.0	2.0	1.0
30	8.0	2.0	1.0
31	8.0	2.0	1.0
32	15.0	2.0	1.0
33	28.0	3.0	1.0
34	22.0	2.0	1.0
35	13.0	3.0	1.0
36	10.0	3.0	1.0
37	26.0	3.0	1.0
38	13.0	3.0	1.0
39	16.0	2.0	1.0
40	22.0	2.0	1.0
41	12.0	3.0	1.0
42	14.0	3.0	1.0
43	27.0	3.0	1.0
44	0.0	2.0	1.0
45	17.0	3.0	1.0
46	0.0	2.0	1.0
47	0.0	2.0	1.0
48	26.0	3.0	1.0
49	-1.0	0.0	-1.0
50	19.0	3.0	1.0
51	0.0	2.0	1.0
52	8.0	2.0	1.0
53	21.0	3.0	1.0
54	8.0	2.0	1.0
55	18.0	3.0	1.0
56	15.0	2.0	1.0
57	0.0	2.0	1.0
58	23.0	3.0	1.0
59	0.0	2.0	1.0
60	0.0	2.0	1.0
61	-1.0	0.0	-1.0
62	8.0	2.0	1.0
63	15.0	3.0	1.0
64	0.0	2.0	1.0
65	0.0	2.0	1.0
66	22.0	2.0	1.0
67	-1.0	0.0	-1.0
68	0.0	2.0	1.0
69	15.0	2.0	1.0
70	0.0	2.0	1.0
71	0.0	2.0	1.0
72	21.0	3.0	1.0
73	22.0	2.0	1.0
74	9.0	3.0	1.0
75	18.0	3.0	1.0
76	10.0	3.0	1.0
77	10.0	3.0	1.0
78	14.0	3.0	1.0
79	-1.0	0.0	0.0
80	0.0	2.0	1.0
81	0.0	2.0	1.0
82	0.0	2.0	1.0
83	0.0	2.0	1.0
84	-1.0	0.0	-1.0
85	18.0	3.0	1.0
86	9.0	2.0	1.0
87	21.0	3.0	1.0
88	20.0	3.0	1.0
89	28.0	3.0	1.0
90	10.0	3.0	1.0
91	0.0	2.0	1.0
92	0.0	2.0	1.0
93	22.0	2.0	1.0
94	27.0	3.0	1.0
95	0.0	2.0	1.0
96	20.0	3.0	1.0
97	0.0	2.0	1.0
98	-1.0	0.0	-1.0
99	17.0	3.0	1.0
100	-1.0	0.0	0.0
101	0.0	2.0	1.0
102	28.0	3.0	1.0
103	8.0	3.0	1.0
104	-1.0	0.0	-1.0
105	9.0	3.0	1.0
106	22.0	2.0	1.0
107	22.0	2.0	1.0
108	25.0	3.0	1.0
109	26.0	3.0	1.0
110	9.0	2.0	1.0
111	21.0	3.0	1.0
112	-1.0	0.0	-1.0
113	19.0	3.0	1.0
114	10.0	3.0	1.0
115	-1.0	0.0	0.0
116	25.0	3.0	1.0
117	9.0	3.0	1.0
118	-1.0	0.0	-1.0
119	15.0	2.0	1.0
120	14.0	3.0	1.0
121	0.0	2.0	1.0
122	22.0	2.0	1.0
123	0.0	2.0	1.0
124	0.0	2.0	1.0
125	0.0	2.0	1.0
126	23.0	3.0	1.0
127	-1.0	0.0	-1.0
128	-1.0	0.0	-1.0
129	0.0	2.0	1.0
130	0.0	2.0	1.0
131	8.0	3.0	1.0
132	0.0	2.0	1.0
133	-1.0	0.0	0.0
134	-1.0	0.0	-1.0
135	15.0	2.0	1.0
136	8.0	3.0	1.0
137	23.0	3.0	1.0
138	-1.0	0.0	0.0
139	0.0	2.0	1.0
140	9.0	2.0	1.0
141	-1.0	0.0	-1.0
142	0.0	2.0	1.0
143	11.0	3.0	1.0
144	28.0	3.0	1.0
145	26.0	3.0	1.0
146	23.0	2.0	1.0
147	22.0	2.0	1.0
148	-1.0	0.0	-1.0
149	28.0	3.0	1.0
150	25.0	3.0	1.0
151	0.0	2.0	1.0
152	8.0	2.0	1.0
153	12.0	3.0	1.0
154	13.0	3.0	1.0
155	22.0	2.0	1.0
156	0.0	2.0	1.0
157	12.0	3.0	1.0
158	17.0	3.0	1.0
159	-1.0	0.0	-1.0
160	24.0	3.0	1.0
161	0.0	2.0	1.0
162	27.0	3.0	1.0
163	27.0	3.0	1.0
164	11.0	3.0	1.0
165	22.0	2.0	1.0
166	16.0	3.0	1.0
167	-1.0	0.0	-1.0
168	10.0	3.0	1.0
169	19.0	3.0	1.0
170	24.0	3.0	1.0
171	20.0	3.0	1.0
172	0.0	2.0	1.0
173	26.0	3.0	1.0
174	0.0	2.0	1.0
175	0.0	2.0	1.0
176	8.0	2.0	1.0
177	0.0	2.0	1.0
178	0.0	2.0	1.0
179	9.0	3.0	1.0
180	23.0	2.0	1.0
181	19.0	3.0	1.0
182	8.0	2.0	1.0
183	0.0	2.0	1.0
184	-1.0	0.0	-1.0
185	20.0	3.0	1.0
186	-1.0	0.0	-1.0
187	15.0	3.0	1.0
188	-1.0	0.0	0.0
189	18.0	3.0	1.0
190	12.0	3.0	1.0
191	0.0	2.0	1.0
192	18.0	2.0	1.0
193	8.0	2.0	1.0
194	15.0	2.0	1.0
195	25.0	3.0	1.0
196	-1.0	0.0	-1.0
197	0.0	2.0	1.0
198	14.0	3.0	1.0
199	17.0	3.0	1.0
200	11.0	2.0	1.0
201	0.0	2.0	1.0
202	28.0	3.0	1.0
203	16.0	3.0	1.0
204	16.0	2.0	1.0
205	22.0	2.0	1.0
206	-1.0	0.0	0.0
207	0.0	2.0	1.0
208	13.0	3.0	1.0
209	-1.0	0.0	0.0
210	-1.0	0.0	-1.0
211	-1.0	0.0	0.0
212	-1.0	0.0	-1.0
213	9.0	3.0	1.0
214	0.0	2.0	1.0
215	-1.0	0.0	-1.0
216	0.0	2.0	1.0
217	0.0	2.0	1.0
218	0.0	2.0	1.0
219	0.0	2.0	1.0
220	-1.0	0.0	0.0
221	13.0	3.0	1.0
222	-1.0	0.0	-1.0
223	-1.0	0.0	-1.0
224	16.0	3.0	1.0
225	26.0	3.0	1.0
226	12.0	2.0	1.0
227	19.0	2.0	1.0
228	-1.0	0.0	-1.0
229	9.0	2.0	1.0
230	-1.0	0.0	-1.0
231	15.0	2.0	1.0
232	-1.0	0.0	-1.0
233	27.0	3.0	1.0
234	-1.0	0.0	0.0
235	-1.0	0.0	-1.0
236	-1.0	0.0	-1.0
237	-1.0	0.0	-1.0
238	-1.0	0.0	-1.0
239	12.0	3.0	1.0
240	16.0	2.0	1.0
241	0.0	2.0	1.0
242	8.0	2.0	1.0
243	-1.0	0.0	-1.0
244	-1.0	0.0	-1.0
245	0.0	2.0	1.0
246	-1.0	0.0	-1.0
247	24.0	2.0	1.0
248	0.0	2.0	1.0
249	-1.0	0.0	-1.0
250	-1.0	0.0	-1.0
251	18.0	3.0	1.0
252	8.0	2.0	1.0
253	13.0	3.0	1.0
254	23.0	2.0	1.0
255	-1.0	0.0	0.0
256	25.0	3.0	1.0
257	-1.0	0.0	-1.0
258	-1.0	0.0	-1.0
259	-1.0	0.0	-1.0
260	-1.0	0.0	0.0
261	-1.0	0.0	-1.0
262	8.0	2.0	1.0
263	13.0	3.0	1.0
264	-1.0	0.0	-1.0
265	-1.0	0.0	-1.0
266	17.0	3.0	1.0
267	-1.0	0.0	-1.0
268	-1.0	0.0	0.0
269	-1.0	0.0	-1.0
270	-1.0	0.0	-1.0
271	0.0	2.0	1.0
272	8.0	2.0	1.0
273	0.0	2.0	1.0
274	0.0	2.0	1.0
275	23.0	2.0	1.0
276	0.0	2.0	1.0
277	23.0	2.0	1.0
278	24.0	3.0	1.0
279	-1.0	0.0	-1.0
280	18.0	2.0	1.0
281	-1.0	0.0	-1.0
282	0.0	2.0	1.0
283	24.0	3.0	1.0
284	0.0	2.0	1.0
285	-1.0	0.0	-1.0
286	-1.0	0.0	-1.0
287	-1.0	0.0	0.0
288	-1.0	0.0	-1.0
289	-1.0	0.0	0.0
290	0.0	2.0	1.0
291	9.0	2.0	1.0
292	11.0	2.0	1.0
293	0.0	2.0	1.0
294	-1.0	0.0	0.0
295	-1.0	0.0	-1.0
296	15.0	2.0	1.0
297	-1.0	0.0	0.0
298	-1.0	0.0	-1.0
299	-1.0	0.0	-1.0
300	-1.0	0.0	-1.0
301	-1.0	0.0	-1.0
302	24.0	3.0	1.0
303	24.0	2.0	1.0
304	21.0	3.0	1.0
305	-1.0	0.0	-1.0
306	0.0	2.0	1.0
307	-1.0	0.0	-1.0
308	11.0	2.0	1.0
309	0.0	2.0	1.0
310	9.0	2.0	1.0
311	13.0	3.0	1.0
312	8.0	2.0	1.0
313	8.0	2.0	1.0
314	13.0	3.0	1.0
315	0.0	2.0	1.0
316	13.0	3.0	1.0
317	15.0	2.0	1.0
318	8.0	2.0	1.0
319	12.0	3.0	1.0
320	-1.0	0.0	-1.0
321	-1.0	0.0	-1.0
322	18.0	2.0	1.0
323	0.0	2.0	1.0
324	22.0	2.0	1.0
325	-1.0	0.0	-1.0
326	26.0	3.0	1.0
327	16.0	2.0	1.0
328	8.0	2.0	1.0
329	23.0	2.0	1.0
330	20.0	3.0	1.0
331	26.0	3.0	1.0
332	0.0	2.0	1.0
333	0.0	2.0	1.0
334	0.0	2.0	1.0
335	0.0	2.0	1.0
336	23.0	2.0	1.0
337	-1.0	0.0	-1.0
338	-1.0	0.0	-1.0
339	-1.0	0.0	0.0
340	20.0	3.0	1.0
341	-1.0	0.0	-1.0
342	21.0	2.0	1.0
343	-1.0	0.0	-1.0
344	-1.0	0.0	-1.0
345	-1.0	0.0	-1.0
346	-1.0	0.0	-1.0
347	-1.0	0.0	0.0
348	-1.0	0.0	-1.0
349	18.0	3.0	1.0
350	-1.0	0.0	0.0
351	21.0	3.0	1.0
352	0.0	2.0	1.0
353	-1.0	0.0	0.0
354	-1.0	0.0	-1.0
355	-1.0	0.0	-1.0
356	0.0	2.0	1.0
357	23.0	2.0	1.0
358	23.0	3.0	1.0
359	-1.0	0.0	-1.0
360	13.0	3.0	1.0
361	17.0	3.0	1.0
362	0.0	2.0	1.0
363	0.0	2.0	1.0
364	25.0	3.0	1.0
365	15.0	2.0	1.0
366	-1.0	0.0	0.0
367	0.0	2.0	1.0
368	-1.0	0.0	-1.0
369	-1.0	0.0	-1.0
370	-1.0	0.0	-1.0
371	14.0	3.0	1.0
372	-1.0	0.0	-1.0
373	0.0	2.0	1.0
374	10.0	3.0	1.0
375	10.0	3.0	1.0
376	-1.0	0.0	-1.0
377	9.0	2.0	1.0
378	-1.0	0.0	-1.0
379	-1.0	0.0	-1.0
380	-1.0	0.0	-1.0
381	15.0	2.0	1.0
382	0.0	2.0	1.0
383	-1.0	0.0	-1.0
384	-1.0	0.0	-1.0
385	0.0	2.0	1.0
386	-1.0	0.0	-1.0
387	0.0	2.0	1.0
388	15.0	2.0	1.0
389	-1.0	0.0	-1.0
390	25.0	2.0	1.0
391	-1.0	0.0	-1.0
392	-1.0	0.0	-1.0
393	-1.0	0.0	0.0
394	0.0	2.0	1.0
395	28.0	3.0	1.0
396	0.0	2.0	1.0
397	16.0	2.0	1.0
398	26.0	3.0	1.0
399	14.0	3.0	1.0
400	-1.0	0.0	-1.0
401	25.0	2.0	1.0
402	0.0	2.0	1.0
403	15.0	2.0	1.0
404	15.0	2.0	1.0
405	0.0	2.0	1.0
406	-1.0	0.0	0.0
407	-1.0	0.0	-1.0
408	-1.0	0.0	-1.0
409	-1.0	0.0	-1.0
410	12.0	3.0	1.0
411	26.0	3.0	1.0
412	-1.0	0.0	-1.0
413	0.0	2.0	1.0
414	0.0	2.0	1.0
415	-1.0	0.0	0.0
416	-1.0	0.0	-1.0
417	10.0	2.0	1.0
418	-1.0	0.0	0.0
419	0.0	2.0	1.0
420	-1.0	0.0	-1.0
421	18.0	3.0	1.0
422	11.0	2.0	1.0
423	-1.0	0.0	-1.0
424	19.0	2.0	1.0
425	-1.0	0.0	-1.0
426	21.0	3.0	1.0
427	17.0	2.0	1.0
428	0.0	2.0	1.0
429	-1.0	0.0	0.0
430	12.0	2.0	1.0
431	-1.0	0.0	0.0
432	21.0	3.0	1.0
433	-1.0	0.0	0.0
434	25.0	2.0	1.0
435	-1.0	0.0	-1.0
436	19.0	2.0	1.0
437	-1.0	0.0	-1.0
438	-1.0	0.0	0.0
439	8.0	2.0	1.0
440	27.0	3.0	1.0
441	0.0	2.0	1.0
442	-1.0	0.0	0.0
443	8.0	2.0	1.0
444	0.0	2.0	1.0
445	-1.0	0.0	-1.0
446	15.0	2.0	1.0
447	-1.0	0.0	-1.0
448	-1.0	0.0	-1.0
449	-1.0	0.0	-1.0
450	0.0	2.0	1.0
451	15.0	2.0	1.0
452	15.0	2.0	1.0
453	-1.0	0.0	-1.0
454	-1.0	0.0	-1.0
455	0.0	2.0	1.0
456	-1.0	0.0	-1.0
457	-1.0	0.0	-1.0
458	10.0	2.0	1.0
459	-1.0	0.0	-1.0
460	8.0	2.0	1.0
461	24.0	3.0	1.0
462	-1.0	0.0	0.0
463	-1.0	0.0	-1.0
464	-1.0	0.0	0.0
465	17.0	2.0	1.0
466	-1.0	0.0	0.0
467	24.0	2.0	1.0
468	18.0	2.0	1.0
469	15.0	2.0	1.0
470	8.0	2.0	1.0
471	9.0	2.0	1.0
472	9.0	2.0	1.0
473	-1.0	0.0	-1.0
474	8.0	3.0	1.0
475	17.0	2.0	1.0
476	-1.0	0.0	-1.0
477	-1.0	0.0	-1.0
478	-1.0	0.0	-1.0
479	16.0	3.0	1.0
480	22.0	2.0	1.0
481	-1.0	0.0	-1.0
482	-1.0	0.0	-1.0
483	18.0	3.0	1.0
484	23.0	3.0	1.0
485	-1.0	0.0	-1.0
486	22.0	3.0	1.0
487	14.0	3.0	1.0
488	13.0	2.0	1.0
489	-1.0	0.0	-1.0
490	-1.0	0.0	0.0
491	-1.0	0.0	0.0
492	27.0	3.0	1.0
493	-1.0	0.0	-1.0
494	28.0	3.0	1.0
495	-1.0	0.0	-1.0
496	0.0	2.0	1.0
497	-1.0	0.0	-1.0
498	16.0	3.0	1.0
499	17.0	2.0	1.0
500	-1.0	0.0	-1.0
501	-1.0	0.0	-1.0
502	10.0	3.0	1.0
503	19.0	2.0	1.0
504	17.0	2.0	1.0
505	26.0	3.0	1.0
506	12.0	3.0	1.0
507	0.0	2.0	1.0
508	25.0	2.0	1.0
509	-1.0	0.0	-1.0
510	-1.0	0.0	0.0
511	12.0	3.0	1.0
512	-1.0	0.0	0.0
513	-1.0	0.0	-1.0
514	-1.0	0.0	-1.0
515	-1.0	0.0	-1.0
516	28.0	3.0	1.0
517	0.0	2.0	1.0
518	13.0	3.0	1.0
519	0.0	2.0	1.0
520	21.0	3.0	1.0
521	-1.0	0.0	0.0
522	16.0	2.0	1.0
523	16.0	3.0	1.0
524	15.0	2.0	1.0
525	21.0	3.0	1.0
526	9.0	2.0	1.0
527	8.0	2.0	1.0
528	-1.0	0.0	0.0
529	-1.0	0.0	0.0
530	-1.0	0.0	-1.0
531	-1.0	0.0	-1.0
532	-1.0	0.0	0.0
533	-1.0	0.0	-1.0
534	11.0	3.0	1.0
535	20.0	2.0	1.0
536	-1.0	0.0	0.0
537	-1.0	0.0	-1.0
538	16.0	2.0	1.0
539	9.0	2.0	1.0
540	-1.0	0.0	0.0
541	-1.0	0.0	0.0
542	-1.0	0.0	-1.0
543	23.0	3.0	1.0
544	-1.0	0.0	-1.0
545	0.0	2.0	1.0
546	17.0	2.0	1.0
547	-1.0	0.0	-1.0
548	-1.0	0.0	0.0
549	20.0	3.0	1.0
550	10.0	2.0	1.0
551	0.0	2.0	1.0
552	0.0	2.0	1.0
553	12.0	3.0	1.0
554	-1.0	0.0	0.0
555	12.0	3.0	1.0
556	-1.0	0.0	-1.0
557	9.0	2.0	1.0
558	24.0	2.0	1.0
559	-1.0	0.0	-1.0
560	-1.0	0.0	-1.0
561	-1.0	0.0	-1.0
562	9.0	2.0	1.0
563	-1.0	0.0	-1.0
564	-1.0	0.0	-1.0
565	0.0	2.0	1.0
566	-1.0	0.0	-1.0
567	0.0	2.0	1.0
568	15.0	3.0	1.0
569	-1.0	0.0	0.0
570	25.0	3.0	1.0
571	-1.0	0.0	0.0
572	24.0	2.0	1.0
573	-1.0	0.0	-1.0
574	18.0	2.0	1.0
575	-1.0	0.0	0.0
576	0.0	2.0	1.0
577	-1.0	0.0	-1.0
578	12.0	3.0	1.0
579	-1.0	0.0	0.0
580	10.0	2.0	1.0
581	-1.0	0.0	-1.0
582	-1.0	0.0	-1.0
583	0.0	2.0	1.0
584	25.0	2.0	1.0
585	15.0	2.0	1.0
586	15.0	3.0	1.0
587	-1.0	0.0	0.0
588	0.0	2.0	1.0
589	26.0	3.0	1.0
590	9.0	2.0	1.0
591	-1.0	0.0	-1.0
592	-1.0	0.0	-1.0
593	9.0	2.0	1.0
594	15.0	2.0	1.0
595	-1.0	0.0	-1.0
596	-1.0	0.0	-1.0
597	11.0	2.0	1.0
598	8.0	3.0	1.0
599	24.0	2.0	1.0
600	10.0	2.0	1.0
601	18.0	2.0	1.0
602	-1.0	0.0	-1.0
603	0.0	2.0	1.0
604	-1.0	0.0	-1.0
605	-1.0	0.0	0.0
606	15.0	2.0	1.0
607	9.0	2.0	1.0
608	-1.0	0.0	-1.0
609	11.0	2.0	1.0
610	-1.0	0.0	-1.0
611	-1.0	0.0	-1.0
612	14.0	2.0	1.0
613	-1.0	0.0	-1.0
614	-1.0	0.0	-1.0
615	-1.0	0.0	-1.0
616	22.0	2.0	1.0
617	15.0	2.0	1.0
618	28.0	3.0	1.0
619	-1.0	0.0	0.0
620	27.0	2.0	1.0
621	0.0	2.0	1.0
622	-1.0	0.0	-1.0
623	28.0	2.0	1.0
624	-1.0	0.0	-1.0
625	-1.0	0.0	0.0
626	-1.0	0.0	-1.0
627	0.0	2.0	1.0
628	-1.0	0.0	-1.0
629	-1.0	0.0	0.0
630	23.0	2.0	1.0
631	-1.0	0.0	-1.0
632	-1.0	0.0	0.0
633	-1.0	0.0	0.0
634	16.0	3.0	1.0
635	-1.0	0.0	-1.0
636	-1.0	0.0	-1.0
637	-1.0	0.0	-1.0
638	23.0	2.0	1.0
639	-1.0	0.0	0.0
640	-1.0	0.0	0.0
641	-1.0	0.0	-1.0
642	24.0	2.0	1.0
643	9.0	2.0	1.0
644	-1.0	0.0	-1.0
645	15.0	2.0	1.0
646	-1.0	0.0	-1.0
647	25.0	3.0	1.0
648	-1.0	0.0	-1.0
649	-1.0	0.0	0.0
650	18.0	3.0	1.0
651	14.0	3.0	1.0
652	0.0	2.0	1.0
653	-1.0	0.0	0.0
654	-1.0	0.0	0.0
655	24.0	3.0	1.0
656	-1.0	0.0	0.0
657	-1.0	0.0	0.0
658	0.0	2.0	1.0
659	16.0	2.0	1.0
660	-1.0	0.0	0.0
661	-1.0	0.0	-1.0
662	-1.0	0.0	-1.0
663	21.0	3.0	1.0
664	-1.0	0.0	-1.0
665	-1.0	0.0	-1.0
666	-1.0	0.0	-1.0
667	0.0	2.0	1.0
668	-1.0	0.0	-1.0
669	-1.0	0.0	0.0
670	-1.0	0.0	0.0
671	-1.0	0.0	-1.0
672	20.0	3.0	1.0
673	-1.0	0.0	0.0
674	-1.0	0.0	-1.0
675	-1.0	0.0	-1.0
676	-1.0	0.0	0.0
677	-1.0	0.0	-1.0
678	23.0	3.0	1.0
679	-1.0	0.0	0.0
680	16.0	2.0	1.0
681	-1.0	0.0	-1.0
682	-1.0	0.0	0.0
683	22.0	2.0	1.0
684	15.0	2.0	1.0
685	-1.0	0.0	-1.0
686	-1.0	0.0	-1.0
687	20.0	3.0	1.0
688	-1.0	0.0	-1.0
689	23.0	2.0	1.0
690	18.0	2.0	1.0
691	8.0	2.0	1.0
692	-1.0	0.0	-1.0
693	-1.0	0.0	-1.0
694	0.0	2.0	1.0
695	12.0	3.0	1.0
696	-1.0	0.0	0.0
697	-1.0	0.0	0.0
698	19.0	3.0	1.0
699	19.0	2.0	1.0
700	9.0	3.0	1.0
701	0.0	2.0	1.0
702	-1.0	0.0	-1.0
703	-1.0	0.0	0.0
704	18.0	3.0	1.0
705	-1.0	0.0	0.0
706	0.0	2.0	1.0
707	-1.0	0.0	0.0
708	-1.0	0.0	-1.0
709	0.0	2.0	1.0
710	0.0	2.0	1.0
711	-1.0	0.0	0.0
712	19.0	2.0	1.0
713	0.0	2.0	1.0
714	-1.0	0.0	-1.0
715	0.0	2.0	1.0
716	0.0	2.0	1.0
717	-1.0	0.0	-1.0
718	-1.0	0.0	-1.0
719	-1.0	0.0	0.0
720	-1.0	0.0	-1.0
721	-1.0	0.0	0.0
722	-1.0	0.0	-1.0
723	-1.0	0.0	-1.0
724	-1.0	0.0	-1.0
725	22.0	2.0	1.0
726	-1.0	0.0	-1.0
727	15.0	3.0	1.0
728	-1.0	0.0	-1.0
729	0.0	2.0	1.0
730	26.0	2.0	1.0
731	15.0	2.0	1.0
732	-1.0	0.0	-1.0
733	-1.0	0.0	0.0
734	-1.0	0.0	-1.0
735	-1.0	0.0	-1.0
736	0.0	2.0	1.0
737	28.0	2.0	1.0
738	0.0	2.0	1.0
739	-1.0	0.0	-1.0
740	-1.0	0.0	0.0
741	-1.0	0.0	0.0
742	0.0	2.0	1.0
743	0.0	2.0	1.0
744	22.0	2.0	1.0
745	-1.0	0.0	0.0
746	-1.0	0.0	-1.0
747	-1.0	0.0	-1.0
748	21.0	2.0	1.0
749	-1.0	0.0	-1.0
750	-1.0	0.0	-1.0
751	-1.0	0.0	0.0
752	-1.0	0.0	-1.0
753	20.0	2.0	1.0
754	11.0	2.0	1.0
755	-1.0	0.0	-1.0
756	-1.0	0.0	-1.0
757	-1.0	0.0	-1.0
758	0.0	2.0	1.0
759	-1.0	0.0	0.0
760	-1.0	0.0	0.0
761	-1.0	0.0	0.0
762	-1.0	0.0	-1.0
763	19.0	2.0	1.0
764	-1.0	0.0	-1.0
765	-1.0	0.0	-1.0
766	0.0	2.0	1.0
767	-1.0	0.0	-1.0
768	16.0	2.0	1.0
769	25.0	2.0	1.0
770	-1.0	0.0	0.0
771	-1.0	0.0	-1.0
772	16.0	2.0	1.0
773	28.0	3.0	1.0
774	17.0	2.0	1.0
775	-1.0	0.0	-1.0
776	0.0	2.0	1.0
777	-1.0	0.0	-1.0
778	10.0	2.0	1.0
779	11.0	2.0	1.0
780	-1.0	0.0	0.0
781	-1.0	0.0	0.0
782	11.0	2.0	1.0
783	-1.0	0.0	-1.0
784	-1.0	0.0	-1.0
785	28.0	3.0	1.0
786	-1.0	0.0	0.0
787	-1.0	0.0	-1.0
788	15.0	3.0	1.0
789	27.0	3.0	1.0
790	-1.0	0.0	-1.0
791	0.0	2.0	1.0
792	0.0	2.0	1.0
793	-1.0	0.0	-1.0
794	0.0	2.0	1.0
795	10.0	2.0	1.0
796	0.0	2.0	1.0
797	27.0	2.0	1.0
798	-1.0	0.0	-1.0
799	-1.0	0.0	0.0
800	-1.0	0.0	-1.0
801	21.0	2.0	1.0
802	18.0	2.0	1.0
803	0.0	2.0	1.0
804	-1.0	0.0	-1.0
805	-1.0	0.0	0.0
806	-1.0	0.0	-1.0
807	0.0	2.0	1.0
808	-1.0	0.0	0.0
809	14.0	2.0	1.0
810	-1.0	0.0	0.0
811	-1.0	0.0	0.0
812	-1.0	0.0	-1.0
813	9.0	3.0	1.0
814	-1.0	0.0	-1.0
815	-1.0	0.0	-1.0
816	-1.0	0.0	0.0
817	18.0	3.0	1.0
818	-1.0	0.0	-1.0
819	-1.0	0.0	-1.0
820	23.0	3.0	1.0
821	-1.0	0.0	-1.0
822	-1.0	0.0	-1.0
823	26.0	2.0	1.0
824	-1.0	0.0	-1.0
825	-1.0	0.0	0.0
826	-1.0	0.0	-1.0
827	-1.0	0.0	-1.0
828	-1.0	0.0	-1.0
829	-1.0	0.0	0.0
830	28.0	3.0	1.0
831	9.0	2.0	1.0
832	-1.0	0.0	-1.0
833	-1.0	0.0	0.0
834	-1.0	0.0	0.0
835	17.0	2.0	1.0
836	-1.0	0.0	0.0
837	-1.0	0.0	0.0
838	19.0	3.0	1.0
839	14.0	3.0	1.0
840	-1.0	0.0	0.0
841	13.0	3.0	1.0
842	16.0	2.0	1.0
843	22.0	2.0	1.0
844	17.0	2.0	1.0
845	-1.0	0.0	-1.0
846	-1.0	0.0	-1.0
847	-1.0	0.0	0.0
848	26.0	2.0	1.0
849	-1.0	0.0	0.0
850	-1.0	0.0	-1.0
851	25.0	2.0	1.0
852	-1.0	0.0	0.0
853	11.0	2.0	1.0
854	14.0	2.0	1.0
855	-1.0	0.0	-1.0
856	-1.0	0.0	-1.0
857	0.0	2.0	1.0
858	0.0	2.0	1.0
859	-1.0	0.0	0.0
860	-1.0	0.0	-1.0
861	-1.0	0.0	-1.0
862	-1.0	0.0	-1.0
863	0.0	2.0	1.0
864	-1.0	0.0	-1.0
865	-1.0	0.0	-1.0
866	-1.0	0.0	-1.0
867	-1.0	0.0	0.0
868	22.0	2.0	1.0
869	-1.0	0.0	-1.0
870	-1.0	0.0	0.0
871	-1.0	0.0	-1.0
872	8.0	2.0	1.0
873	20.0	3.0	1.0
874	17.0	2.0	1.0
875	-1.0	0.0	0.0
876	-1.0	0.0	-1.0
877	-1.0	0.0	-1.0
878	0.0	2.0	1.0
879	-1.0	0.0	0.0
880	-1.0	0.0	-1.0
881	-1.0	0.0	0.0
882	0.0	2.0	1.0
883	17.0	2.0	1.0
884	17.0	2.0	1.0
885	-1.0	0.0	-1.0
886	-1.0	0.0	0.0
887	13.0	2.0	1.0
888	24.0	2.0	1.0
889	-1.0	0.0	-1.0
890	-1.0	0.0	0.0
891	-1.0	0.0	0.0
892	-1.0	0.0	-1.0
893	21.0	3.0	1.0
894	9.0	2.0	1.0
895	-1.0	0.0	0.0
896	8.0	2.0	1.0
897	-1.0	0.0	0.0
898	-1.0	0.0	0.0
899	24.0	2.0	1.0
900	-1.0	0.0	0.0
901	15.0	2.0	1.0
902	-1.0	0.0	-1.0
903	0.0	2.0	1.0
904	0.0	2.0	1.0
905	-1.0	0.0	-1.0
906	-1.0	0.0	-1.0
907	18.0	2.0	1.0
908	-1.0	0.0	0.0
909	-1.0	0.0	-1.0
910	-1.0	0.0	-1.0
911	-1.0	0.0	-1.0
912	0.0	2.0	1.0
913	-1.0	0.0	0.0
914	-1.0	0.0	-1.0
915	19.0	2.0	1.0
916	0.0	2.0	1.0
917	-1.0	0.0	0.0
918	0.0	2.0	1.0
919	16.0	3.0	1.0
920	-1.0	0.0	0.0
921	-1.0	0.0	0.0
922	-1.0	0.0	-1.0
923	13.0	2.0	1.0
924	-1.0	0.0	0.0
925	-1.0	0.0	-1.0
926	26.0	3.0	1.0
927	-1.0	0.0	-1.0
928	0.0	2.0	1.0
929	-1.0	0.0	-1.0
930	0.0	2.0	1.0
931	-1.0	0.0	-1.0
932	15.0	2.0	1.0
933	-1.0	0.0	-1.0
934	24.0	2.0	1.0
935	-1.0	0.0	0.0
936	-1.0	0.0	-1.0
937	-1.0	0.0	-1.0
938	14.0	2.0	1.0
939	-1.0	0.0	-1.0
940	-1.0	0.0	-1.0
941	-1.0	0.0	-1.0
942	-1.0	0.0	-1.0
943	-1.0	0.0	-1.0
944	0.0	2.0	1.0
945	-1.0	0.0	0.0
946	22.0	2.0	1.0
947	15.0	2.0	1.0
948	-1.0	0.0	-1.0
949	-1.0	0.0	-1.0
950	-1.0	0.0	-1.0
951	-1.0	0.0	0.0
952	-1.0	0.0	-1.0
953	27.0	2.0	1.0
954	-1.0	0.0	-1.0
955	-1.0	0.0	-1.0
956	-1.0	0.0	-1.0
957	-1.0	0.0	-1.0
958	23.0	2.0	1.0
959	-1.0	0.0	-1.0
960	25.0	2.0	1.0
961	-1.0	0.0	0.0
962	-1.0	0.0	-1.0
963	22.0	2.0	1.0
964	26.0	2.0	1.0
965	-1.0	0.0	-1.0
966	-1.0	0.0	0.0
967	-1.0	0.0	-1.0
968	22.0	2.0	1.0
969	-1.0	0.0	-1.0
970	18.0	3.0	1.0
971	18.0	2.0	1.0
972	0.0	2.0	1.0
973	13.0	3.0	1.0
974	-1.0	0.0	-1.0
975	-1.0	0.0	0.0
976	-1.0	0.0	-1.0
977	15.0	3.0	1.0
978	-1.0	0.0	-1.0
979	0.0	2.0	1.0
980	8.0	2.0	1.0
981	-1.0	0.0	0.0
982	-1.0	0.0	-1.0
983	18.0	3.0	1.0
984	-1.0	0.0	-1.0
985	-1.0	0.0	-1.0
986	-1.0	0.0	-1.0
987	0.0	2.0	1.0
988	-1.0	0.0	-1.0
989	28.0	2.0	1.0
990	12.0	3.0	1.0
991	-1.0	0.0	-1.0
992	0.0	2.0	1.0
993	0.0	2.0	1.0
994	-1.0	0.0	-1.0
995	24.0	2.0	1.0
996	-1.0	0.0	-1.0
997	28.0	3.0	1.0
998	-1.0	0.0	-1.0
999	10.0	2.0	1.0
1000	-1.0	0.0	-1.0
1001	0.0	2.0	1.0
1002	24.0	3.0	1.0
1003	18.0	2.0	1.0
1004	10.0	2.0	1.0
1005	-1.0	0.0	-1.0
1006	0.0	2.0	1.0
1007	-1.0	0.0	-1.0
1008	-1.0	0.0	-1.0
1009	-1.0	0.0	-1.0
1010	-1.0	0.0	0.0
1011	-1.0	0.0	-1.0
1012	-1.0	0.0	0.0
1013	-1.0	0.0	0.0
1014	-1.0	0.0	-1.0
1015	0.0	2.0	1.0
1016	18.0	2.0	1.0
1017	-1.0	0.0	0.0
1018	-1.0	0.0	-1.0
1019	21.0	3.0	1.0
1020	10.0	2.0	1.0
1021	-1.0	0.0	-1.0
1022	-1.0	0.0	-1.0
1023	15.0	2.0	1.0
1024	0.0	2.0	1.0
1025	16.0	2.0	1.0
1026	-1.0	0.0	-1.0
1027	-1.0	0.0	-1.0
1028	-1.0	0.0	-1.0
1029	-1.0	0.0	0.0
1030	20.0	3.0	1.0
1031	-1.0	0.0	-1.0
1032	20.0	3.0	1.0
1033	-1.0	0.0	-1.0
1034	0.0	2.0	1.0
1035	-1.0	0.0	-1.0
1036	-1.0	0.0	0.0
1037	0.0	2.0	1.0
1038	25.0	3.0	1.0
1039	-1.0	0.0	0.0
1040	-1.0	0.0	0.0
1041	21.0	3.0	1.0
1042	-1.0	0.0	-1.0
1043	-1.0	0.0	-1.0
1044	-1.0	0.0	-1.0
1045	-1.0	0.0	-1.0
1046	0.0	2.0	1.0
1047	0.0	2.0	1.0
1048	23.0	2.0	1.0
1049	-1.0	0.0	0.0
1050	0.0	2.0	1.0
1051	10.0	2.0	1.0
1052	-1.0	0.0	0.0
1053	12.0	2.0	1.0
1054	-1.0	0.0	0.0
1055	-1.0	0.0	0.0
1056	-1.0	0.0	0.0
1057	-1.0	0.0	-1.0
1058	-1.0	0.0	-1.0
1059	-1.0	0.0	-1.0
1060	-1.0	0.0	-1.0
1061	-1.0	0.0	0.0
1062	-1.0	0.0	0.0
1063	14.0	2.0	1.0
1064	-1.0	0.0	-1.0
1065	-1.0	0.0	-1.0
1066	10.0	2.0	1.0
1067	-1.0	0.0	0.0
1068	-1.0	0.0	-1.0
1069	-1.0	0.0	0.0
1070	-1.0	0.0	-1.0
1071	-1.0	0.0	-1.0
1072	-1.0	0.0	-1.0
1073	18.0	2.0	1.0
1074	-1.0	0.0	0.0
1075	0.0	2.0	1.0
1076	11.0	3.0	1.0
1077	-1.0	0.0	-1.0
1078	27.0	2.0	1.0
1079	-1.0	0.0	-1.0
1080	23.0	3.0	1.0
1081	19.0	2.0	1.0
1082	20.0	2.0	1.0
1083	0.0	2.0	1.0
1084	-1.0	0.0	-1.0
1085	0.0	2.0	1.0
1086	-1.0	0.0	0.0
1087	-1.0	0.0	-1.0
1088	22.0	2.0	1.0
1089	-1.0	0.0	-1.0
1090	0.0	2.0	1.0
1091	17.0	3.0	1.0
1092	-1.0	0.0	-1.0
1093	0.0	2.0	1.0
1094	19.0	2.0	1.0
1095	23.0	2.0	1.0
1096	25.0	2.0	1.0
1097	-1.0	0.0	0.0
1098	-1.0	0.0	-1.0
1099	-1.0	0.0	-1.0
1100	8.0	3.0	1.0
1101	-1.0	0.0	0.0
1102	-1.0	0.0	-1.0
1103	22.0	2.0	1.0
1104	-1.0	0.0	-1.0
1105	-1.0	0.0	-1.0
1106	-1.0	0.0	-1.0
1107	-1.0	0.0	-1.0
1108	-1.0	0.0	0.0
1109	19.0	2.0	1.0
1110	-1.0	0.0	-1.0
1111	-1.0	0.0	-1.0
1112	-1.0	0.0	-1.0
1113	22.0	2.0	1.0
1114	-1.0	0.0	0.0
1115	-1.0	0.0	-1.0
1116	-1.0	0.0	0.0
1117	-1.0	0.0	-1.0
1118	10.0	2.0	1.0
1119	-1.0	0.0	-1.0
1120	-1.0	0.0	-1.0
1121	13.0	2.0	1.0
1122	-1.0	0.0	-1.0
1123	0.0	2.0	1.0
1124	14.0	2.0	1.0
1125	-1.0	0.0	0.0
1126	0.0	2.0	1.0
1127	20.0	3.0	1.0
1128	-1.0	0.0	0.0
1129	0.0	2.0	1.0
1130	-1.0	0.0	0.0
1131	0.0	2.0	1.0
1132	-1.0	0.0	0.0
1133	-1.0	0.0	-1.0
1134	-1.0	0.0	-1.0
1135	17.0	2.0	1.0
1136	-1.0	0.0	-1.0
1137	-1.0	0.0	-1.0
1138	-1.0	0.0	0.0
1139	-1.0	0.0	0.0
1140	0.0	2.0	1.0
1141	19.0	2.0	1.0
1142	-1.0	0.0	-1.0
1143	-1.0	0.0	-1.0
1144	-1.0	0.0	-1.0
1145	26.0	2.0	1.0
1146	-1.0	0.0	-1.0
1147	-1.0	0.0	-1.0
1148	0.0	2.0	1.0
1149	-1.0	0.0	-1.0
1150	16.0	3.0	1.0
1151	-1.0	0.0	-1.0
1152	9.0	2.0	1.0
1153	9.0	2.0	1.0
1154	12.0	2.0	1.0
1155	-1.0	0.0	0.0
1156	-1.0	0.0	-1.0
1157	-1.0	0.0	-1.0
1158	-1.0	0.0	-1.0
1159	-1.0	0.0	0.0
1160	-1.0	0.0	-1.0
1161	-1.0	0.0	-1.0
1162	-1.0	0.0	0.0
1163	-1.0	0.0	-1.0
1164	-1.0	0.0	-1.0
1165	-1.0	0.0	-1.0
1166	-1.0	0.0	0.0
1167	-1.0	0.0	-1.0
1168	-1.0	0.0	0.0
1169	-1.0	0.0	-1.0
1170	-1.0	0.0	-1.0
1171	-1.0	0.0	-1.0
1172	0.0	2.0	1.0
1173	0.0	2.0	1.0
1174	-1.0	0.0	-1.0
1175	0.0	2.0	1.0
1176	-1.0	0.0	-1.0
1177	18.0	2.0	1.0
1178	0.0	2.0	1.0
1179	0.0	2.0	1.0
1180	11.0	2.0	1.0
1181	-1.0	0.0	0.0
1182	-1.0	0.0	-1.0
1183	-1.0	0.0	0.0
1184	-1.0	0.0	-1.0
1185	0.0	2.0	1.0
1186	-1.0	0.0	0.0
1187	-1.0	0.0	0.0
1188	-1.0	0.0	-1.0
1189	19.0	2.0	1.0
1190	-1.0	0.0	-1.0
1191	-1.0	0.0	-1.0
1192	-1.0	0.0	-1.0
1193	-1.0	0.0	-1.0
1194	-1.0	0.0	0.0
1195	-1.0	0.0	0.0
1196	-1.0	0.0	-1.0
1197	27.0	2.0	1.0
1198	-1.0	0.0	0.0
1199	25.0	2.0	1.0
1200	-1.0	0.0	0.0
1201	-1.0	0.0	0.0
1202	20.0	2.0	1.0
1203	-1.0	0.0	-1.0
1204	-1.0	0.0	-1.0
1205	0.0	2.0	1.0
1206	-1.0	0.0	-1.0
1207	0.0	2.0	1.0
1208	0.0	2.0	1.0
1209	-1.0	0.0	-1.0
1210	-1.0	0.0	0.0
1211	-1.0	0.0	0.0
1212	-1.0	0.0	-1.0
1213	-1.0	0.0	0.0
1214	-1.0	0.0	-1.0
1215	23.0	2.0	1.0
1216	-1.0	0.0	-1.0
1217	0.0	2.0	1.0
1218	-1.0	0.0	-1.0
1219	-1.0	0.0	-1.0
1220	-1.0	0.0	0.0
1221	-1.0	0.0	-1.0
1222	12.0	2.0	1.0
1223	0.0	2.0	1.0
1224	-1.0	0.0	-1.0
1225	-1.0	0.0	-1.0
1226	-1.0	0.0	0.0
1227	0.0	2.0	1.0
1228	-1.0	0.0	-1.0
1229	28.0	2.0	1.0
1230	-1.0	0.0	-1.0
1231	10.0	2.0	1.0
1232	-1.0	0.0	0.0
1233	-1.0	0.0	-1.0
1234	0.0	2.0	1.0
1235	-1.0	0.0	-1.0
1236	8.0	2.0	1.0
1237	13.0	3.0	1.0
1238	17.0	2.0	1.0
1239	-1.0	0.0	0.0
1240	-1.0	0.0	-1.0
1241	-1.0	0.0	0.0
1242	-1.0	0.0	-1.0
1243	10.0	2.0	1.0
1244	0.0	2.0	1.0
1245	-1.0	0.0	-1.0
1246	-1.0	0.0	-1.0
1247	-1.0	0.0	-1.0
1248	-1.0	0.0	-1.0
1249	21.0	2.0	1.0
1250	15.0	2.0	1.0
1251	0.0	2.0	1.0
1252	9.0	2.0	1.0
1253	23.0	3.0	1.0
1254	-1.0	0.0	-1.0
1255	-1.0	0.0	0.0
1256	-1.0	0.0	0.0
1257	0.0	2.0	1.0
1258	-1.0	0.0	0.0
1259	-1.0	0.0	-1.0
1260	27.0	2.0	1.0
1261	-1.0	0.0	-1.0
1262	-1.0	0.0	0.0
1263	-1.0	0.0	-1.0
1264	-1.0	0.0	0.0
1265	-1.0	0.0	0.0
1266	-1.0	0.0	0.0
1267	24.0	2.0	1.0
1268	-1.0	0.0	0.0
1269	-1.0	0.0	-1.0
1270	-1.0	0.0	-1.0
1271	-1.0	0.0	0.0
1272	27.0	2.0	1.0
1273	-1.0	0.0	-1.0
1274	-1.0	0.0	0.0
1275	-1.0	0.0	-1.0
1276	13.0	2.0	1.0
1277	-1.0	0.0	0.0
1278	-1.0	0.0	-1.0
1279	-1.0	0.0	-1.0
1280	-1.0	0.0	-1.0
1281	-1.0	0.0	-1.0
1282	-1.0	0.0	0.0
1283	-1.0	0.0	-1.0
1284	-1.0	0.0	0.0
1285	-1.0	0.0	0.0
1286	-1.0	0.0	-1.0
1287	22.0	2.0	1.0
1288	0.0	2.0	1.0
1289	-1.0	0.0	0.0
1290	-1.0	0.0	-1.0
1291	0.0	2.0	1.0
1292	-1.0	0.0	0.0
1293	0.0	2.0	1.0
1294	-1.0	0.0	0.0
1295	-1.0	0.0	0.0
1296	17.0	2.0	1.0
1297	-1.0	0.0	-1.0
1298	-1.0	0.0	-1.0
1299	0.0	2.0	1.0
1300	24.0	2.0	1.0
1301	-1.0	0.0	-1.0
1302	-1.0	0.0	0.0
1303	0.0	2.0	1.0
1304	-1.0	0.0	-1.0
1305	16.0	3.0	1.0
1306	-1.0	0.0	-1.0
1307	-1.0	0.0	0.0
1308	-1.0	0.0	-1.0
1309	-1.0	0.0	0.0
1310	9.0	3.0	1.0
1311	-1.0	0.0	-1.0
1312	-1.0	0.0	0.0
1313	0.0	2.0	1.0
1314	-1.0	0.0	-1.0
1315	0.0	2.0	1.0
1316	-1.0	0.0	0.0
1317	0.0	2.0	1.0
1318	-1.0	0.0	0.0
1319	-1.0	0.0	0.0
1320	0.0	2.0	1.0
1321	0.0	2.0	1.0
1322	-1.0	0.0	-1.0
1323	13.0	2.0	1.0
1324	-1.0	0.0	-1.0
1325	-1.0	0.0	-1.0
1326	-1.0	0.0	0.0
1327	-1.0	0.0	-1.0
1328	27.0	3.0	1.0
1329	-1.0	0.0	0.0
1330	-1.0	0.0	-1.0
1331	16.0	2.0	1.0
1332	18.0	2.0	1.0
1333	12.0	2.0	1.0
1334	-1.0	0.0	-1.0
1335	8.0	2.0	1.0
1336	-1.0	0.0	0.0
1337	-1.0	0.0	-1.0
1338	-1.0	0.0	0.0
1339	-1.0	0.0	-1.0
1340	-1.0	0.0	-1.0
1341	20.0	2.0	1.0
1342	-1.0	0.0	0.0
1343	-1.0	0.0	-1.0
1344	-1.0	0.0	-1.0
1345	-1.0	0.0	-1.0
1346	-1.0	0.0	0.0
1347	-1.0	0.0	0.0
1348	-1.0	0.0	-1.0
1349	11.0	2.0	1.0
1350	-1.0	0.0	-1.0
1351	0.0	2.0	1.0
1352	-1.0	0.0	-1.0
1353	0.0	2.0	1.0
1354	-1.0	0.0	0.0
1355	0.0	2.0	1.0
1356	-1.0	0.0	-1.0
1357	0.0	2.0	1.0
1358	16.0	2.0	1.0
1359	-1.0	0.0	-1.0
1360	0.0	2.0	1.0
1361	-1.0	0.0	-1.0
1362	-1.0	0.0	-1.0
1363	0.0	2.0	1.0
1364	-1.0	0.0	-1.0
1365	-1.0	0.0	0.0
1366	-1.0	0.0	0.0
1367	27.0	2.0	1.0
1368	-1.0	0.0	-1.0
1369	-1.0	0.0	-1.0
1370	27.0	2.0	1.0
1371	-1.0	0.0	-1.0
1372	-1.0	0.0	-1.0
1373	-1.0	0.0	0.0
1374	16.0	2.0	1.0
1375	-1.0	0.0	0.0
1376	-1.0	0.0	-1.0
1377	-1.0	0.0	-1.0
1378	26.0	3.0	1.0
1379	-1.0	0.0	-1.0
1380	-1.0	0.0	-1.0
1381	12.0	2.0	1.0
1382	25.0	2.0	1.0
1383	-1.0	0.0	-1.0
1384	17.0	2.0	1.0
1385	13.0	3.0	1.0
1386	-1.0	0.0	0.0
1387	16.0	2.0	1.0
1388	-1.0	0.0	0.0
1389	-1.0	0.0	-1.0
1390	13.0	2.0	1.0
1391	-1.0	0.0	-1.0
1392	-1.0	0.0	-1.0
1393	-1.0	0.0	-1.0
1394	0.0	2.0	1.0
1395	-1.0	0.0	0.0
1396	-1.0	0.0	-1.0
1397	-1.0	0.0	0.0
1398	-1.0	0.0	0.0
1399	12.0	2.0	1.0
1400	0.0	2.0	1.0
1401	-1.0	0.0	-1.0
1402	-1.0	0.0	0.0
1403	22.0	2.0	1.0
1404	9.0	3.0	1.0
1405	-1.0	0.0	-1.0
1406	23.0	3.0	1.0
1407	-1.0	0.0	0.0
1408	13.0	3.0	1.0
1409	-1.0	0.0	-1.0
1410	-1.0	0.0	-1.0
1411	-1.0	0.0	-1.0
1412	-1.0	0.0	0.0
1413	-1.0	0.0	-1.0
1414	17.0	2.0	1.0
1415	-1.0	0.0	-1.0
1416	-1.0	0.0	-1.0
1417	-1.0	0.0	-1.0
1418	-1.0	0.0	0.0
1419	-1.0	0.0	0.0
1420	13.0	3.0	1.0
1421	20.0	3.0	1.0
1422	20.0	2.0	1.0
1423	0.0	2.0	1.0
1424	-1.0	0.0	-1.0
1425	-1.0	0.0	-1.0
1426	-1.0	0.0	-1.0
1427	-1.0	0.0	-1.0
1428	-1.0	0.0	-1.0
1429	0.0	2.0	1.0
1430	13.0	2.0	1.0
1431	-1.0	0.0	-1.0
1432	-1.0	0.0	-1.0
1433	-1.0	0.0	-1.0
1434	-1.0	0.0	-1.0
1435	-1.0	0.0	0.0
1436	-1.0	0.0	-1.0
1437	22.0	2.0	1.0
1438	-1.0	0.0	-1.0
1439	25.0	2.0	1.0
1440	-1.0	0.0	0.0
1441	-1.0	0.0	-1.0
1442	-1.0	0.0	0.0
1443	-1.0	0.0	-1.0
1444	-1.0	0.0	-1.0
1445	21.0	3.0	1.0
1446	-1.0	0.0	0.0
1447	-1.0	0.0	0.0
1448	-1.0	0.0	-1.0
1449	8.0	2.0	1.0
1450	0.0	0.0	0.0
