index	outport	cost	SuccessFlag
0	11.0	3.0	1.0
1	24.0	3.0	1.0
2	0.0	2.0	1.0
3	25.0	3.0	1.0
4	15.0	2.0	1.0
5	15.0	2.0	1.0
6	0.0	2.0	1.0
7	0.0	2.0	1.0
8	8.0	2.0	1.0
9	17.0	3.0	1.0
10	21.0	3.0	1.0
11	27.0	3.0	1.0
12	21.0	3.0	1.0
13	11.0	3.0	1.0
14	22.0	2.0	1.0
15	0.0	2.0	1.0
16	23.0	3.0	1.0
17	26.0	3.0	1.0
18	0.0	2.0	1.0
19	15.0	2.0	1.0
20	9.0	3.0	1.0
21	23.0	2.0	1.0
22	8.0	2.0	1.0
23	0.0	2.0	1.0
24	-1.0	0.0	-1.0
25	26.0	3.0	1.0
26	26.0	3.0	1.0
27	14.0	3.0	1.0
28	27.0	3.0	1.0
29	20.0	3.0	1.0
30	15.0	2.0	1.0
31	0.0	2.0	1.0
32	10.0	3.0	1.0
33	16.0	2.0	1.0
34	0.0	2.0	1.0
35	15.0	2.0	1.0
36	23.0	3.0	1.0
37	24.0	3.0	1.0
38	8.0	3.0	1.0
39	11.0	3.0	1.0
40	-1.0	0.0	-1.0
41	24.0	3.0	1.0
42	17.0	3.0	1.0
43	11.0	3.0	1.0
44	-1.0	0.0	0.0
45	27.0	3.0	1.0
46	26.0	3.0	1.0
47	22.0	2.0	1.0
48	-1.0	0.0	-1.0
49	0.0	2.0	1.0
50	0.0	2.0	1.0
51	0.0	2.0	1.0
52	27.0	3.0	1.0
53	16.0	3.0	1.0
54	22.0	2.0	1.0
55	0.0	2.0	1.0
56	0.0	2.0	1.0
57	22.0	2.0	1.0
58	-1.0	0.0	0.0
59	14.0	3.0	1.0
60	0.0	2.0	1.0
61	0.0	2.0	1.0
62	8.0	2.0	1.0
63	15.0	3.0	1.0
64	0.0	2.0	1.0
65	22.0	2.0	1.0
66	15.0	2.0	1.0
67	21.0	3.0	1.0
68	9.0	2.0	1.0
69	8.0	2.0	1.0
70	0.0	2.0	1.0
71	22.0	2.0	1.0
72	0.0	2.0	1.0
73	16.0	2.0	1.0
74	27.0	3.0	1.0
75	-1.0	0.0	0.0
76	15.0	2.0	1.0
77	0.0	2.0	1.0
78	0.0	2.0	1.0
79	21.0	3.0	1.0
80	24.0	3.0	1.0
81	11.0	3.0	1.0
82	-1.0	0.0	-1.0
83	25.0	3.0	1.0
84	20.0	3.0	1.0
85	17.0	3.0	1.0
86	13.0	3.0	1.0
87	20.0	3.0	1.0
88	21.0	3.0	1.0
89	19.0	3.0	1.0
90	14.0	3.0	1.0
91	8.0	2.0	1.0
92	-1.0	0.0	-1.0
93	8.0	2.0	1.0
94	-1.0	0.0	0.0
95	0.0	2.0	1.0
96	10.0	3.0	1.0
97	23.0	2.0	1.0
98	13.0	3.0	1.0
99	12.0	3.0	1.0
100	8.0	2.0	1.0
101	0.0	2.0	1.0
102	0.0	2.0	1.0
103	23.0	3.0	1.0
104	-1.0	0.0	-1.0
105	0.0	2.0	1.0
106	0.0	2.0	1.0
107	10.0	2.0	1.0
108	0.0	2.0	1.0
109	0.0	2.0	1.0
110	-1.0	0.0	-1.0
111	15.0	2.0	1.0
112	-1.0	0.0	-1.0
113	16.0	3.0	1.0
114	22.0	2.0	1.0
115	9.0	3.0	1.0
116	15.0	2.0	1.0
117	17.0	3.0	1.0
118	10.0	3.0	1.0
119	22.0	2.0	1.0
120	15.0	3.0	1.0
121	-1.0	0.0	0.0
122	8.0	3.0	1.0
123	0.0	2.0	1.0
124	25.0	3.0	1.0
125	-1.0	0.0	-1.0
126	15.0	3.0	1.0
127	0.0	2.0	1.0
128	0.0	2.0	1.0
129	11.0	3.0	1.0
130	-1.0	0.0	-1.0
131	24.0	3.0	1.0
132	-1.0	0.0	-1.0
133	23.0	2.0	1.0
134	0.0	2.0	1.0
135	16.0	3.0	1.0
136	-1.0	0.0	-1.0
137	15.0	2.0	1.0
138	27.0	3.0	1.0
139	-1.0	0.0	0.0
140	16.0	2.0	1.0
141	0.0	2.0	1.0
142	0.0	2.0	1.0
143	-1.0	0.0	-1.0
144	12.0	3.0	1.0
145	-1.0	0.0	0.0
146	14.0	3.0	1.0
147	11.0	3.0	1.0
148	14.0	3.0	1.0
149	-1.0	0.0	-1.0
150	10.0	2.0	1.0
151	18.0	3.0	1.0
152	0.0	2.0	1.0
153	19.0	3.0	1.0
154	0.0	2.0	1.0
155	-1.0	0.0	-1.0
156	12.0	3.0	1.0
157	11.0	2.0	1.0
158	12.0	3.0	1.0
159	16.0	2.0	1.0
160	-1.0	0.0	-1.0
161	-1.0	0.0	-1.0
162	13.0	3.0	1.0
163	-1.0	0.0	-1.0
164	0.0	2.0	1.0
165	19.0	3.0	1.0
166	-1.0	0.0	-1.0
167	13.0	2.0	1.0
168	8.0	2.0	1.0
169	22.0	2.0	1.0
170	16.0	3.0	1.0
171	19.0	3.0	1.0
172	0.0	2.0	1.0
173	28.0	3.0	1.0
174	24.0	2.0	1.0
175	16.0	2.0	1.0
176	17.0	3.0	1.0
177	18.0	3.0	1.0
178	-1.0	0.0	-1.0
179	17.0	2.0	1.0
180	20.0	3.0	1.0
181	15.0	2.0	1.0
182	24.0	2.0	1.0
183	-1.0	0.0	-1.0
184	0.0	2.0	1.0
185	19.0	3.0	1.0
186	22.0	3.0	1.0
187	28.0	3.0	1.0
188	0.0	2.0	1.0
189	-1.0	0.0	-1.0
190	26.0	3.0	1.0
191	18.0	2.0	1.0
192	8.0	2.0	1.0
193	0.0	2.0	1.0
194	22.0	2.0	1.0
195	-1.0	0.0	-1.0
196	20.0	3.0	1.0
197	0.0	2.0	1.0
198	17.0	3.0	1.0
199	8.0	2.0	1.0
200	10.0	2.0	1.0
201	-1.0	0.0	-1.0
202	-1.0	0.0	-1.0
203	27.0	3.0	1.0
204	10.0	3.0	1.0
205	0.0	2.0	1.0
206	-1.0	0.0	0.0
207	-1.0	0.0	-1.0
208	0.0	2.0	1.0
209	18.0	2.0	1.0
210	10.0	3.0	1.0
211	11.0	3.0	1.0
212	10.0	3.0	1.0
213	15.0	2.0	1.0
214	-1.0	0.0	-1.0
215	-1.0	0.0	-1.0
216	-1.0	0.0	-1.0
217	-1.0	0.0	-1.0
218	9.0	2.0	1.0
219	21.0	3.0	1.0
220	-1.0	0.0	-1.0
221	26.0	3.0	1.0
222	23.0	3.0	1.0
223	8.0	2.0	1.0
224	-1.0	0.0	-1.0
225	0.0	2.0	1.0
226	-1.0	0.0	-1.0
227	11.0	3.0	1.0
228	15.0	2.0	1.0
229	0.0	2.0	1.0
230	13.0	3.0	1.0
231	19.0	3.0	1.0
232	11.0	3.0	1.0
233	0.0	2.0	1.0
234	-1.0	0.0	0.0
235	-1.0	0.0	-1.0
236	-1.0	0.0	0.0
237	22.0	2.0	1.0
238	16.0	2.0	1.0
239	-1.0	0.0	0.0
240	0.0	2.0	1.0
241	0.0	2.0	1.0
242	12.0	2.0	1.0
243	16.0	2.0	1.0
244	21.0	3.0	1.0
245	-1.0	0.0	-1.0
246	-1.0	0.0	-1.0
247	9.0	2.0	1.0
248	0.0	2.0	1.0
249	0.0	2.0	1.0
250	8.0	2.0	1.0
251	0.0	2.0	1.0
252	17.0	2.0	1.0
253	-1.0	0.0	-1.0
254	-1.0	0.0	0.0
255	-1.0	0.0	0.0
256	16.0	2.0	1.0
257	-1.0	0.0	0.0
258	15.0	2.0	1.0
259	-1.0	0.0	-1.0
260	18.0	3.0	1.0
261	15.0	2.0	1.0
262	26.0	3.0	1.0
263	0.0	2.0	1.0
264	28.0	3.0	1.0
265	11.0	3.0	1.0
266	8.0	2.0	1.0
267	8.0	2.0	1.0
268	26.0	3.0	1.0
269	13.0	3.0	1.0
270	24.0	2.0	1.0
271	0.0	2.0	1.0
272	25.0	2.0	1.0
273	-1.0	0.0	-1.0
274	-1.0	0.0	0.0
275	23.0	3.0	1.0
276	0.0	2.0	1.0
277	-1.0	0.0	-1.0
278	14.0	2.0	1.0
279	-1.0	0.0	-1.0
280	-1.0	0.0	-1.0
281	19.0	3.0	1.0
282	9.0	2.0	1.0
283	17.0	2.0	1.0
284	18.0	2.0	1.0
285	-1.0	0.0	-1.0
286	-1.0	0.0	-1.0
287	-1.0	0.0	-1.0
288	23.0	2.0	1.0
289	0.0	2.0	1.0
290	23.0	2.0	1.0
291	25.0	2.0	1.0
292	26.0	2.0	1.0
293	-1.0	0.0	0.0
294	-1.0	0.0	-1.0
295	27.0	3.0	1.0
296	21.0	3.0	1.0
297	18.0	3.0	1.0
298	22.0	2.0	1.0
299	9.0	3.0	1.0
300	0.0	2.0	1.0
301	9.0	2.0	1.0
302	-1.0	0.0	0.0
303	-1.0	0.0	-1.0
304	-1.0	0.0	-1.0
305	9.0	2.0	1.0
306	13.0	3.0	1.0
307	0.0	2.0	1.0
308	22.0	2.0	1.0
309	-1.0	0.0	0.0
310	16.0	2.0	1.0
311	16.0	2.0	1.0
312	0.0	2.0	1.0
313	-1.0	0.0	0.0
314	0.0	2.0	1.0
315	-1.0	0.0	-1.0
316	14.0	3.0	1.0
317	9.0	2.0	1.0
318	-1.0	0.0	-1.0
319	-1.0	0.0	0.0
320	0.0	2.0	1.0
321	-1.0	0.0	-1.0
322	16.0	2.0	1.0
323	-1.0	0.0	-1.0
324	-1.0	0.0	-1.0
325	28.0	3.0	1.0
326	0.0	2.0	1.0
327	-1.0	0.0	-1.0
328	20.0	2.0	1.0
329	14.0	2.0	1.0
330	-1.0	0.0	0.0
331	-1.0	0.0	-1.0
332	0.0	2.0	1.0
333	0.0	2.0	1.0
334	15.0	2.0	1.0
335	11.0	3.0	1.0
336	19.0	3.0	1.0
337	22.0	3.0	1.0
338	18.0	2.0	1.0
339	8.0	2.0	1.0
340	22.0	2.0	1.0
341	8.0	2.0	1.0
342	-1.0	0.0	-1.0
343	-1.0	0.0	-1.0
344	-1.0	0.0	0.0
345	-1.0	0.0	-1.0
346	-1.0	0.0	-1.0
347	24.0	2.0	1.0
348	-1.0	0.0	-1.0
349	-1.0	0.0	-1.0
350	-1.0	0.0	0.0
351	0.0	2.0	1.0
352	16.0	2.0	1.0
353	23.0	3.0	1.0
354	-1.0	0.0	-1.0
355	16.0	2.0	1.0
356	-1.0	0.0	-1.0
357	25.0	2.0	1.0
358	-1.0	0.0	-1.0
359	0.0	2.0	1.0
360	-1.0	0.0	-1.0
361	24.0	2.0	1.0
362	-1.0	0.0	0.0
363	0.0	2.0	1.0
364	-1.0	0.0	-1.0
365	-1.0	0.0	-1.0
366	24.0	2.0	1.0
367	0.0	2.0	1.0
368	-1.0	0.0	-1.0
369	-1.0	0.0	-1.0
370	22.0	3.0	1.0
371	0.0	2.0	1.0
372	-1.0	0.0	-1.0
373	26.0	3.0	1.0
374	-1.0	0.0	-1.0
375	-1.0	0.0	-1.0
376	23.0	3.0	1.0
377	-1.0	0.0	-1.0
378	27.0	3.0	1.0
379	-1.0	0.0	-1.0
380	-1.0	0.0	-1.0
381	18.0	3.0	1.0
382	12.0	3.0	1.0
383	16.0	2.0	1.0
384	-1.0	0.0	-1.0
385	11.0	3.0	1.0
386	0.0	2.0	1.0
387	-1.0	0.0	0.0
388	16.0	2.0	1.0
389	19.0	3.0	1.0
390	16.0	2.0	1.0
391	25.0	3.0	1.0
392	-1.0	0.0	0.0
393	19.0	2.0	1.0
394	8.0	3.0	1.0
395	16.0	3.0	1.0
396	0.0	2.0	1.0
397	-1.0	0.0	-1.0
398	0.0	2.0	1.0
399	-1.0	0.0	-1.0
400	-1.0	0.0	0.0
401	9.0	3.0	1.0
402	22.0	2.0	1.0
403	-1.0	0.0	-1.0
404	-1.0	0.0	0.0
405	-1.0	0.0	0.0
406	10.0	2.0	1.0
407	0.0	2.0	1.0
408	15.0	2.0	1.0
409	23.0	2.0	1.0
410	-1.0	0.0	-1.0
411	12.0	3.0	1.0
412	15.0	2.0	1.0
413	-1.0	0.0	-1.0
414	13.0	2.0	1.0
415	-1.0	0.0	-1.0
416	-1.0	0.0	-1.0
417	27.0	2.0	1.0
418	25.0	2.0	1.0
419	12.0	3.0	1.0
420	-1.0	0.0	-1.0
421	22.0	2.0	1.0
422	-1.0	0.0	-1.0
423	23.0	2.0	1.0
424	0.0	2.0	1.0
425	0.0	2.0	1.0
426	11.0	2.0	1.0
427	0.0	2.0	1.0
428	17.0	2.0	1.0
429	26.0	3.0	1.0
430	25.0	3.0	1.0
431	0.0	2.0	1.0
432	22.0	2.0	1.0
433	-1.0	0.0	-1.0
434	-1.0	0.0	-1.0
435	10.0	2.0	1.0
436	16.0	2.0	1.0
437	22.0	2.0	1.0
438	16.0	2.0	1.0
439	28.0	3.0	1.0
440	0.0	2.0	1.0
441	-1.0	0.0	-1.0
442	0.0	2.0	1.0
443	-1.0	0.0	-1.0
444	24.0	2.0	1.0
445	-1.0	0.0	0.0
446	24.0	2.0	1.0
447	22.0	2.0	1.0
448	-1.0	0.0	-1.0
449	-1.0	0.0	-1.0
450	16.0	3.0	1.0
451	20.0	3.0	1.0
452	-1.0	0.0	0.0
453	-1.0	0.0	-1.0
454	0.0	2.0	1.0
455	20.0	3.0	1.0
456	-1.0	0.0	-1.0
457	-1.0	0.0	0.0
458	-1.0	0.0	-1.0
459	-1.0	0.0	-1.0
460	9.0	2.0	1.0
461	0.0	2.0	1.0
462	-1.0	0.0	0.0
463	9.0	2.0	1.0
464	15.0	2.0	1.0
465	-1.0	0.0	-1.0
466	-1.0	0.0	0.0
467	8.0	2.0	1.0
468	-1.0	0.0	-1.0
469	10.0	2.0	1.0
470	0.0	2.0	1.0
471	27.0	3.0	1.0
472	-1.0	0.0	0.0
473	22.0	2.0	1.0
474	-1.0	0.0	-1.0
475	-1.0	0.0	-1.0
476	-1.0	0.0	-1.0
477	0.0	2.0	1.0
478	-1.0	0.0	-1.0
479	0.0	2.0	1.0
480	-1.0	0.0	-1.0
481	17.0	2.0	1.0
482	0.0	2.0	1.0
483	20.0	3.0	1.0
484	0.0	2.0	1.0
485	17.0	2.0	1.0
486	-1.0	0.0	0.0
487	18.0	2.0	1.0
488	0.0	2.0	1.0
489	-1.0	0.0	-1.0
490	21.0	3.0	1.0
491	-1.0	0.0	0.0
492	8.0	2.0	1.0
493	-1.0	0.0	-1.0
494	-1.0	0.0	-1.0
495	0.0	2.0	1.0
496	-1.0	0.0	-1.0
497	-1.0	0.0	-1.0
498	-1.0	0.0	-1.0
499	16.0	2.0	1.0
500	-1.0	0.0	-1.0
501	26.0	3.0	1.0
502	25.0	2.0	1.0
503	-1.0	0.0	-1.0
504	0.0	2.0	1.0
505	10.0	2.0	1.0
506	0.0	2.0	1.0
507	-1.0	0.0	-1.0
508	22.0	2.0	1.0
509	10.0	3.0	1.0
510	-1.0	0.0	-1.0
511	22.0	3.0	1.0
512	-1.0	0.0	-1.0
513	11.0	3.0	1.0
514	-1.0	0.0	0.0
515	-1.0	0.0	0.0
516	22.0	2.0	1.0
517	0.0	2.0	1.0
518	16.0	3.0	1.0
519	8.0	3.0	1.0
520	-1.0	0.0	-1.0
521	10.0	2.0	1.0
522	20.0	3.0	1.0
523	0.0	2.0	1.0
524	0.0	2.0	1.0
525	-1.0	0.0	-1.0
526	-1.0	0.0	0.0
527	0.0	2.0	1.0
528	27.0	3.0	1.0
529	-1.0	0.0	-1.0
530	-1.0	0.0	-1.0
531	-1.0	0.0	-1.0
532	-1.0	0.0	-1.0
533	0.0	2.0	1.0
534	20.0	2.0	1.0
535	-1.0	0.0	-1.0
536	-1.0	0.0	-1.0
537	22.0	2.0	1.0
538	21.0	3.0	1.0
539	-1.0	0.0	-1.0
540	0.0	2.0	1.0
541	-1.0	0.0	-1.0
542	-1.0	0.0	-1.0
543	-1.0	0.0	0.0
544	0.0	2.0	1.0
545	-1.0	0.0	-1.0
546	-1.0	0.0	-1.0
547	-1.0	0.0	0.0
548	26.0	2.0	1.0
549	0.0	2.0	1.0
550	-1.0	0.0	-1.0
551	18.0	2.0	1.0
552	-1.0	0.0	0.0
553	16.0	2.0	1.0
554	22.0	2.0	1.0
555	-1.0	0.0	0.0
556	18.0	3.0	1.0
557	-1.0	0.0	-1.0
558	0.0	2.0	1.0
559	-1.0	0.0	-1.0
560	0.0	2.0	1.0
561	19.0	2.0	1.0
562	-1.0	0.0	0.0
563	0.0	2.0	1.0
564	0.0	2.0	1.0
565	-1.0	0.0	-1.0
566	15.0	2.0	1.0
567	-1.0	0.0	0.0
568	-1.0	0.0	0.0
569	0.0	2.0	1.0
570	11.0	2.0	1.0
571	-1.0	0.0	-1.0
572	-1.0	0.0	-1.0
573	0.0	2.0	1.0
574	-1.0	0.0	-1.0
575	23.0	3.0	1.0
576	0.0	2.0	1.0
577	0.0	2.0	1.0
578	23.0	3.0	1.0
579	20.0	3.0	1.0
580	-1.0	0.0	-1.0
581	0.0	2.0	1.0
582	-1.0	0.0	-1.0
583	-1.0	0.0	-1.0
584	-1.0	0.0	-1.0
585	17.0	3.0	1.0
586	-1.0	0.0	0.0
587	18.0	2.0	1.0
588	15.0	2.0	1.0
589	-1.0	0.0	0.0
590	9.0	2.0	1.0
591	28.0	2.0	1.0
592	-1.0	0.0	-1.0
593	20.0	2.0	1.0
594	-1.0	0.0	-1.0
595	11.0	2.0	1.0
596	25.0	2.0	1.0
597	-1.0	0.0	-1.0
598	17.0	3.0	1.0
599	-1.0	0.0	-1.0
600	8.0	2.0	1.0
601	-1.0	0.0	-1.0
602	-1.0	0.0	-1.0
603	15.0	2.0	1.0
604	-1.0	0.0	-1.0
605	-1.0	0.0	-1.0
606	-1.0	0.0	-1.0
607	16.0	2.0	1.0
608	0.0	2.0	1.0
609	-1.0	0.0	0.0
610	28.0	3.0	1.0
611	-1.0	0.0	-1.0
612	-1.0	0.0	-1.0
613	14.0	2.0	1.0
614	8.0	2.0	1.0
615	-1.0	0.0	-1.0
616	11.0	3.0	1.0
617	26.0	3.0	1.0
618	-1.0	0.0	-1.0
619	-1.0	0.0	-1.0
620	0.0	2.0	1.0
621	-1.0	0.0	0.0
622	9.0	2.0	1.0
623	-1.0	0.0	-1.0
624	13.0	3.0	1.0
625	9.0	2.0	1.0
626	-1.0	0.0	-1.0
627	21.0	3.0	1.0
628	-1.0	0.0	-1.0
629	18.0	3.0	1.0
630	19.0	2.0	1.0
631	-1.0	0.0	0.0
632	-1.0	0.0	0.0
633	-1.0	0.0	-1.0
634	20.0	2.0	1.0
635	-1.0	0.0	0.0
636	11.0	2.0	1.0
637	0.0	2.0	1.0
638	26.0	3.0	1.0
639	-1.0	0.0	0.0
640	-1.0	0.0	0.0
641	-1.0	0.0	-1.0
642	21.0	2.0	1.0
643	0.0	2.0	1.0
644	-1.0	0.0	-1.0
645	-1.0	0.0	-1.0
646	10.0	2.0	1.0
647	-1.0	0.0	0.0
648	0.0	2.0	1.0
649	-1.0	0.0	0.0
650	-1.0	0.0	-1.0
651	-1.0	0.0	-1.0
652	-1.0	0.0	0.0
653	0.0	2.0	1.0
654	-1.0	0.0	-1.0
655	24.0	2.0	1.0
656	-1.0	0.0	-1.0
657	0.0	2.0	1.0
658	14.0	3.0	1.0
659	-1.0	0.0	-1.0
660	-1.0	0.0	-1.0
661	0.0	2.0	1.0
662	-1.0	0.0	0.0
663	10.0	2.0	1.0
664	-1.0	0.0	0.0
665	28.0	3.0	1.0
666	-1.0	0.0	-1.0
667	-1.0	0.0	-1.0
668	23.0	2.0	1.0
669	28.0	2.0	1.0
670	0.0	2.0	1.0
671	20.0	3.0	1.0
672	-1.0	0.0	-1.0
673	-1.0	0.0	0.0
674	-1.0	0.0	0.0
675	-1.0	0.0	0.0
676	28.0	3.0	1.0
677	16.0	3.0	1.0
678	0.0	2.0	1.0
679	25.0	3.0	1.0
680	8.0	3.0	1.0
681	11.0	2.0	1.0
682	-1.0	0.0	-1.0
683	24.0	2.0	1.0
684	-1.0	0.0	-1.0
685	-1.0	0.0	0.0
686	-1.0	0.0	-1.0
687	-1.0	0.0	0.0
688	8.0	2.0	1.0
689	-1.0	0.0	0.0
690	22.0	2.0	1.0
691	0.0	2.0	1.0
692	0.0	2.0	1.0
693	-1.0	0.0	-1.0
694	0.0	2.0	1.0
695	0.0	2.0	1.0
696	-1.0	0.0	-1.0
697	-1.0	0.0	-1.0
698	-1.0	0.0	-1.0
699	-1.0	0.0	-1.0
700	11.0	3.0	1.0
701	9.0	2.0	1.0
702	10.0	3.0	1.0
703	0.0	2.0	1.0
704	-1.0	0.0	-1.0
705	23.0	2.0	1.0
706	-1.0	0.0	0.0
707	0.0	2.0	1.0
708	-1.0	0.0	-1.0
709	8.0	2.0	1.0
710	21.0	2.0	1.0
711	-1.0	0.0	-1.0
712	-1.0	0.0	0.0
713	17.0	2.0	1.0
714	0.0	2.0	1.0
715	0.0	2.0	1.0
716	-1.0	0.0	-1.0
717	23.0	2.0	1.0
718	-1.0	0.0	0.0
719	0.0	2.0	1.0
720	-1.0	0.0	-1.0
721	-1.0	0.0	-1.0
722	-1.0	0.0	0.0
723	23.0	2.0	1.0
724	-1.0	0.0	-1.0
725	0.0	2.0	1.0
726	25.0	2.0	1.0
727	-1.0	0.0	-1.0
728	-1.0	0.0	0.0
729	8.0	2.0	1.0
730	10.0	2.0	1.0
731	21.0	2.0	1.0
732	-1.0	0.0	-1.0
733	-1.0	0.0	-1.0
734	-1.0	0.0	-1.0
735	-1.0	0.0	0.0
736	-1.0	0.0	0.0
737	-1.0	0.0	-1.0
738	-1.0	0.0	0.0
739	-1.0	0.0	0.0
740	-1.0	0.0	0.0
741	18.0	3.0	1.0
742	-1.0	0.0	0.0
743	26.0	3.0	1.0
744	-1.0	0.0	-1.0
745	-1.0	0.0	0.0
746	-1.0	0.0	0.0
747	-1.0	0.0	0.0
748	14.0	2.0	1.0
749	-1.0	0.0	0.0
750	26.0	3.0	1.0
751	-1.0	0.0	-1.0
752	10.0	2.0	1.0
753	18.0	2.0	1.0
754	19.0	3.0	1.0
755	24.0	2.0	1.0
756	18.0	2.0	1.0
757	0.0	2.0	1.0
758	0.0	2.0	1.0
759	-1.0	0.0	-1.0
760	-1.0	0.0	-1.0
761	18.0	2.0	1.0
762	0.0	2.0	1.0
763	14.0	3.0	1.0
764	11.0	2.0	1.0
765	-1.0	0.0	-1.0
766	11.0	2.0	1.0
767	-1.0	0.0	-1.0
768	23.0	2.0	1.0
769	17.0	3.0	1.0
770	-1.0	0.0	-1.0
771	-1.0	0.0	-1.0
772	0.0	2.0	1.0
773	9.0	2.0	1.0
774	-1.0	0.0	-1.0
775	-1.0	0.0	-1.0
776	22.0	3.0	1.0
777	19.0	3.0	1.0
778	13.0	2.0	1.0
779	-1.0	0.0	0.0
780	-1.0	0.0	0.0
781	0.0	2.0	1.0
782	-1.0	0.0	-1.0
783	-1.0	0.0	-1.0
784	13.0	3.0	1.0
785	-1.0	0.0	-1.0
786	-1.0	0.0	-1.0
787	-1.0	0.0	0.0
788	22.0	2.0	1.0
789	8.0	2.0	1.0
790	-1.0	0.0	-1.0
791	-1.0	0.0	0.0
792	8.0	2.0	1.0
793	17.0	3.0	1.0
794	23.0	2.0	1.0
795	15.0	2.0	1.0
796	-1.0	0.0	-1.0
797	-1.0	0.0	0.0
798	0.0	2.0	1.0
799	-1.0	0.0	-1.0
800	14.0	2.0	1.0
801	-1.0	0.0	-1.0
802	0.0	2.0	1.0
803	21.0	2.0	1.0
804	8.0	3.0	1.0
805	0.0	2.0	1.0
806	-1.0	0.0	-1.0
807	15.0	2.0	1.0
808	19.0	3.0	1.0
809	-1.0	0.0	-1.0
810	-1.0	0.0	-1.0
811	-1.0	0.0	0.0
812	-1.0	0.0	-1.0
813	-1.0	0.0	-1.0
814	-1.0	0.0	-1.0
815	-1.0	0.0	-1.0
816	-1.0	0.0	-1.0
817	-1.0	0.0	0.0
818	-1.0	0.0	0.0
819	-1.0	0.0	-1.0
820	25.0	2.0	1.0
821	0.0	2.0	1.0
822	0.0	2.0	1.0
823	-1.0	0.0	0.0
824	-1.0	0.0	-1.0
825	-1.0	0.0	0.0
826	-1.0	0.0	0.0
827	-1.0	0.0	-1.0
828	-1.0	0.0	0.0
829	21.0	2.0	1.0
830	25.0	2.0	1.0
831	-1.0	0.0	-1.0
832	-1.0	0.0	0.0
833	9.0	2.0	1.0
834	-1.0	0.0	-1.0
835	-1.0	0.0	-1.0
836	12.0	2.0	1.0
837	-1.0	0.0	-1.0
838	-1.0	0.0	-1.0
839	-1.0	0.0	-1.0
840	21.0	2.0	1.0
841	-1.0	0.0	-1.0
842	-1.0	0.0	-1.0
843	0.0	2.0	1.0
844	0.0	2.0	1.0
845	25.0	2.0	1.0
846	8.0	2.0	1.0
847	-1.0	0.0	-1.0
848	-1.0	0.0	0.0
849	21.0	2.0	1.0
850	-1.0	0.0	0.0
851	-1.0	0.0	-1.0
852	0.0	2.0	1.0
853	-1.0	0.0	0.0
854	-1.0	0.0	-1.0
855	0.0	2.0	1.0
856	-1.0	0.0	0.0
857	-1.0	0.0	0.0
858	-1.0	0.0	-1.0
859	17.0	2.0	1.0
860	-1.0	0.0	0.0
861	0.0	2.0	1.0
862	28.0	2.0	1.0
863	-1.0	0.0	-1.0
864	22.0	2.0	1.0
865	-1.0	0.0	-1.0
866	-1.0	0.0	-1.0
867	-1.0	0.0	0.0
868	24.0	2.0	1.0
869	-1.0	0.0	-1.0
870	-1.0	0.0	-1.0
871	24.0	3.0	1.0
872	23.0	2.0	1.0
873	-1.0	0.0	-1.0
874	26.0	3.0	1.0
875	-1.0	0.0	0.0
876	-1.0	0.0	-1.0
877	0.0	2.0	1.0
878	9.0	2.0	1.0
879	10.0	2.0	1.0
880	15.0	2.0	1.0
881	-1.0	0.0	0.0
882	-1.0	0.0	0.0
883	-1.0	0.0	-1.0
884	-1.0	0.0	-1.0
885	-1.0	0.0	0.0
886	27.0	3.0	1.0
887	-1.0	0.0	-1.0
888	10.0	3.0	1.0
889	11.0	2.0	1.0
890	-1.0	0.0	0.0
891	11.0	2.0	1.0
892	-1.0	0.0	-1.0
893	-1.0	0.0	0.0
894	-1.0	0.0	-1.0
895	-1.0	0.0	-1.0
896	13.0	3.0	1.0
897	0.0	2.0	1.0
898	-1.0	0.0	-1.0
899	-1.0	0.0	-1.0
900	0.0	2.0	1.0
901	-1.0	0.0	0.0
902	-1.0	0.0	-1.0
903	11.0	3.0	1.0
904	-1.0	0.0	-1.0
905	27.0	3.0	1.0
906	13.0	2.0	1.0
907	0.0	2.0	1.0
908	-1.0	0.0	-1.0
909	-1.0	0.0	0.0
910	-1.0	0.0	-1.0
911	16.0	3.0	1.0
912	21.0	3.0	1.0
913	-1.0	0.0	-1.0
914	16.0	2.0	1.0
915	-1.0	0.0	-1.0
916	-1.0	0.0	0.0
917	-1.0	0.0	0.0
918	-1.0	0.0	0.0
919	-1.0	0.0	-1.0
920	0.0	2.0	1.0
921	-1.0	0.0	-1.0
922	21.0	3.0	1.0
923	-1.0	0.0	-1.0
924	-1.0	0.0	-1.0
925	0.0	2.0	1.0
926	-1.0	0.0	0.0
927	-1.0	0.0	-1.0
928	-1.0	0.0	0.0
929	9.0	2.0	1.0
930	-1.0	0.0	-1.0
931	-1.0	0.0	-1.0
932	-1.0	0.0	0.0
933	-1.0	0.0	0.0
934	-1.0	0.0	-1.0
935	-1.0	0.0	-1.0
936	24.0	2.0	1.0
937	9.0	2.0	1.0
938	-1.0	0.0	-1.0
939	28.0	2.0	1.0
940	16.0	2.0	1.0
941	-1.0	0.0	0.0
942	-1.0	0.0	-1.0
943	-1.0	0.0	0.0
944	-1.0	0.0	-1.0
945	14.0	3.0	1.0
946	0.0	2.0	1.0
947	-1.0	0.0	-1.0
948	-1.0	0.0	0.0
949	-1.0	0.0	-1.0
950	-1.0	0.0	-1.0
951	-1.0	0.0	-1.0
952	-1.0	0.0	0.0
953	-1.0	0.0	0.0
954	18.0	2.0	1.0
955	-1.0	0.0	-1.0
956	-1.0	0.0	-1.0
957	-1.0	0.0	0.0
958	0.0	2.0	1.0
959	-1.0	0.0	0.0
960	-1.0	0.0	-1.0
961	-1.0	0.0	0.0
962	10.0	2.0	1.0
963	24.0	2.0	1.0
964	-1.0	0.0	0.0
965	22.0	2.0	1.0
966	-1.0	0.0	0.0
967	-1.0	0.0	0.0
968	20.0	2.0	1.0
969	12.0	2.0	1.0
970	-1.0	0.0	0.0
971	21.0	3.0	1.0
972	-1.0	0.0	0.0
973	24.0	2.0	1.0
974	-1.0	0.0	0.0
975	24.0	2.0	1.0
976	-1.0	0.0	0.0
977	-1.0	0.0	-1.0
978	-1.0	0.0	0.0
979	-1.0	0.0	-1.0
980	-1.0	0.0	0.0
981	13.0	2.0	1.0
982	-1.0	0.0	0.0
983	-1.0	0.0	-1.0
984	-1.0	0.0	0.0
985	-1.0	0.0	0.0
986	0.0	2.0	1.0
987	23.0	3.0	1.0
988	0.0	2.0	1.0
989	-1.0	0.0	0.0
990	22.0	2.0	1.0
991	0.0	2.0	1.0
992	28.0	3.0	1.0
993	-1.0	0.0	-1.0
994	17.0	2.0	1.0
995	22.0	2.0	1.0
996	-1.0	0.0	-1.0
997	-1.0	0.0	-1.0
998	0.0	2.0	1.0
999	-1.0	0.0	0.0
1000	12.0	2.0	1.0
1001	-1.0	0.0	-1.0
1002	-1.0	0.0	0.0
1003	-1.0	0.0	-1.0
1004	-1.0	0.0	0.0
1005	11.0	2.0	1.0
1006	-1.0	0.0	-1.0
1007	0.0	2.0	1.0
1008	-1.0	0.0	0.0
1009	-1.0	0.0	-1.0
1010	10.0	3.0	1.0
1011	0.0	2.0	1.0
1012	-1.0	0.0	-1.0
1013	-1.0	0.0	-1.0
1014	-1.0	0.0	0.0
1015	11.0	2.0	1.0
1016	0.0	2.0	1.0
1017	-1.0	0.0	0.0
1018	10.0	2.0	1.0
1019	22.0	2.0	1.0
1020	-1.0	0.0	0.0
1021	0.0	2.0	1.0
1022	-1.0	0.0	-1.0
1023	-1.0	0.0	-1.0
1024	23.0	2.0	1.0
1025	-1.0	0.0	0.0
1026	24.0	2.0	1.0
1027	-1.0	0.0	-1.0
1028	-1.0	0.0	-1.0
1029	13.0	3.0	1.0
1030	-1.0	0.0	-1.0
1031	-1.0	0.0	0.0
1032	28.0	3.0	1.0
1033	0.0	2.0	1.0
1034	-1.0	0.0	-1.0
1035	8.0	2.0	1.0
1036	-1.0	0.0	0.0
1037	12.0	2.0	1.0
1038	-1.0	0.0	-1.0
1039	-1.0	0.0	-1.0
1040	-1.0	0.0	0.0
1041	-1.0	0.0	0.0
1042	-1.0	0.0	-1.0
1043	-1.0	0.0	0.0
1044	-1.0	0.0	0.0
1045	-1.0	0.0	-1.0
1046	-1.0	0.0	0.0
1047	-1.0	0.0	-1.0
1048	-1.0	0.0	-1.0
1049	-1.0	0.0	0.0
1050	12.0	2.0	1.0
1051	8.0	2.0	1.0
1052	-1.0	0.0	0.0
1053	0.0	2.0	1.0
1054	-1.0	0.0	0.0
1055	-1.0	0.0	0.0
1056	-1.0	0.0	-1.0
1057	-1.0	0.0	-1.0
1058	-1.0	0.0	-1.0
1059	24.0	2.0	1.0
1060	13.0	2.0	1.0
1061	-1.0	0.0	0.0
1062	26.0	2.0	1.0
1063	-1.0	0.0	-1.0
1064	0.0	2.0	1.0
1065	-1.0	0.0	-1.0
1066	-1.0	0.0	-1.0
1067	15.0	2.0	1.0
1068	-1.0	0.0	-1.0
1069	15.0	2.0	1.0
1070	11.0	3.0	1.0
1071	-1.0	0.0	0.0
1072	-1.0	0.0	0.0
1073	-1.0	0.0	-1.0
1074	-1.0	0.0	-1.0
1075	0.0	2.0	1.0
1076	-1.0	0.0	-1.0
1077	20.0	2.0	1.0
1078	14.0	2.0	1.0
1079	0.0	2.0	1.0
1080	-1.0	0.0	0.0
1081	-1.0	0.0	-1.0
1082	27.0	2.0	1.0
1083	-1.0	0.0	-1.0
1084	-1.0	0.0	0.0
1085	-1.0	0.0	0.0
1086	0.0	2.0	1.0
1087	-1.0	0.0	-1.0
1088	17.0	2.0	1.0
1089	-1.0	0.0	-1.0
1090	12.0	3.0	1.0
1091	-1.0	0.0	0.0
1092	17.0	2.0	1.0
1093	-1.0	0.0	-1.0
1094	-1.0	0.0	-1.0
1095	-1.0	0.0	-1.0
1096	13.0	2.0	1.0
1097	20.0	3.0	1.0
1098	18.0	3.0	1.0
1099	-1.0	0.0	-1.0
1100	21.0	2.0	1.0
1101	14.0	2.0	1.0
1102	-1.0	0.0	-1.0
1103	24.0	2.0	1.0
1104	-1.0	0.0	-1.0
1105	0.0	2.0	1.0
1106	18.0	2.0	1.0
1107	-1.0	0.0	-1.0
1108	-1.0	0.0	0.0
1109	-1.0	0.0	-1.0
1110	0.0	2.0	1.0
1111	-1.0	0.0	-1.0
1112	0.0	2.0	1.0
1113	0.0	2.0	1.0
1114	23.0	2.0	1.0
1115	14.0	3.0	1.0
1116	12.0	3.0	1.0
1117	-1.0	0.0	-1.0
1118	26.0	2.0	1.0
1119	17.0	3.0	1.0
1120	-1.0	0.0	-1.0
1121	21.0	2.0	1.0
1122	-1.0	0.0	-1.0
1123	-1.0	0.0	0.0
1124	-1.0	0.0	0.0
1125	25.0	2.0	1.0
1126	22.0	2.0	1.0
1127	0.0	2.0	1.0
1128	-1.0	0.0	0.0
1129	-1.0	0.0	-1.0
1130	28.0	3.0	1.0
1131	27.0	3.0	1.0
1132	-1.0	0.0	0.0
1133	0.0	2.0	1.0
1134	-1.0	0.0	-1.0
1135	-1.0	0.0	0.0
1136	11.0	2.0	1.0
1137	-1.0	0.0	-1.0
1138	-1.0	0.0	-1.0
1139	-1.0	0.0	-1.0
1140	-1.0	0.0	0.0
1141	-1.0	0.0	0.0
1142	-1.0	0.0	-1.0
1143	15.0	3.0	1.0
1144	-1.0	0.0	-1.0
1145	-1.0	0.0	-1.0
1146	-1.0	0.0	0.0
1147	26.0	2.0	1.0
1148	0.0	2.0	1.0
1149	17.0	2.0	1.0
1150	11.0	3.0	1.0
1151	10.0	2.0	1.0
1152	-1.0	0.0	-1.0
1153	0.0	2.0	1.0
1154	-1.0	0.0	0.0
1155	-1.0	0.0	0.0
1156	-1.0	0.0	0.0
1157	-1.0	0.0	-1.0
1158	0.0	2.0	1.0
1159	0.0	2.0	1.0
1160	0.0	2.0	1.0
1161	-1.0	0.0	0.0
1162	-1.0	0.0	-1.0
1163	-1.0	0.0	-1.0
1164	-1.0	0.0	-1.0
1165	12.0	2.0	1.0
1166	-1.0	0.0	0.0
1167	0.0	2.0	1.0
1168	25.0	2.0	1.0
1169	-1.0	0.0	0.0
1170	28.0	3.0	1.0
1171	-1.0	0.0	-1.0
1172	-1.0	0.0	0.0
1173	14.0	3.0	1.0
1174	-1.0	0.0	-1.0
1175	-1.0	0.0	-1.0
1176	-1.0	0.0	0.0
1177	26.0	2.0	1.0
1178	-1.0	0.0	0.0
1179	-1.0	0.0	0.0
1180	-1.0	0.0	-1.0
1181	-1.0	0.0	-1.0
1182	17.0	2.0	1.0
1183	-1.0	0.0	0.0
1184	-1.0	0.0	-1.0
1185	24.0	3.0	1.0
1186	-1.0	0.0	-1.0
1187	-1.0	0.0	-1.0
1188	-1.0	0.0	-1.0
1189	-1.0	0.0	0.0
1190	-1.0	0.0	0.0
1191	-1.0	0.0	0.0
1192	-1.0	0.0	0.0
1193	-1.0	0.0	0.0
1194	0.0	2.0	1.0
1195	-1.0	0.0	0.0
1196	-1.0	0.0	-1.0
1197	-1.0	0.0	-1.0
1198	-1.0	0.0	0.0
1199	0.0	2.0	1.0
1200	-1.0	0.0	0.0
1201	-1.0	0.0	-1.0
1202	-1.0	0.0	-1.0
1203	27.0	2.0	1.0
1204	0.0	2.0	1.0
1205	-1.0	0.0	0.0
1206	-1.0	0.0	0.0
1207	-1.0	0.0	0.0
1208	-1.0	0.0	-1.0
1209	-1.0	0.0	-1.0
1210	-1.0	0.0	0.0
1211	-1.0	0.0	-1.0
1212	-1.0	0.0	-1.0
1213	-1.0	0.0	-1.0
1214	0.0	2.0	1.0
1215	-1.0	0.0	-1.0
1216	0.0	2.0	1.0
1217	8.0	2.0	1.0
1218	-1.0	0.0	0.0
1219	10.0	2.0	1.0
1220	0.0	2.0	1.0
1221	-1.0	0.0	-1.0
1222	23.0	2.0	1.0
1223	-1.0	0.0	0.0
1224	-1.0	0.0	-1.0
1225	22.0	2.0	1.0
1226	0.0	2.0	1.0
1227	-1.0	0.0	-1.0
1228	-1.0	0.0	-1.0
1229	-1.0	0.0	0.0
1230	-1.0	0.0	-1.0
1231	20.0	3.0	1.0
1232	-1.0	0.0	-1.0
1233	-1.0	0.0	-1.0
1234	-1.0	0.0	0.0
1235	-1.0	0.0	0.0
1236	-1.0	0.0	-1.0
1237	23.0	2.0	1.0
1238	-1.0	0.0	-1.0
1239	-1.0	0.0	-1.0
1240	-1.0	0.0	0.0
1241	-1.0	0.0	0.0
1242	-1.0	0.0	-1.0
1243	-1.0	0.0	0.0
1244	-1.0	0.0	-1.0
1245	-1.0	0.0	0.0
1246	27.0	2.0	1.0
1247	-1.0	0.0	-1.0
1248	0.0	2.0	1.0
1249	-1.0	0.0	0.0
1250	-1.0	0.0	0.0
1251	-1.0	0.0	0.0
1252	-1.0	0.0	0.0
1253	-1.0	0.0	-1.0
1254	25.0	3.0	1.0
1255	-1.0	0.0	-1.0
1256	-1.0	0.0	0.0
1257	-1.0	0.0	-1.0
1258	16.0	2.0	1.0
1259	-1.0	0.0	-1.0
1260	-1.0	0.0	-1.0
1261	-1.0	0.0	0.0
1262	-1.0	0.0	0.0
1263	0.0	2.0	1.0
1264	-1.0	0.0	0.0
1265	-1.0	0.0	0.0
1266	-1.0	0.0	0.0
1267	-1.0	0.0	-1.0
1268	0.0	2.0	1.0
1269	27.0	2.0	1.0
1270	-1.0	0.0	-1.0
1271	-1.0	0.0	0.0
1272	-1.0	0.0	-1.0
1273	-1.0	0.0	-1.0
1274	-1.0	0.0	0.0
1275	-1.0	0.0	0.0
1276	-1.0	0.0	0.0
1277	0.0	2.0	1.0
1278	0.0	2.0	1.0
1279	-1.0	0.0	-1.0
1280	-1.0	0.0	-1.0
1281	-1.0	0.0	-1.0
1282	-1.0	0.0	0.0
1283	-1.0	0.0	-1.0
1284	22.0	2.0	1.0
1285	-1.0	0.0	0.0
1286	-1.0	0.0	-1.0
1287	-1.0	0.0	0.0
1288	-1.0	0.0	-1.0
1289	-1.0	0.0	0.0
1290	-1.0	0.0	-1.0
1291	-1.0	0.0	0.0
1292	-1.0	0.0	-1.0
1293	-1.0	0.0	-1.0
1294	14.0	2.0	1.0
1295	-1.0	0.0	-1.0
1296	-1.0	0.0	-1.0
1297	-1.0	0.0	-1.0
1298	-1.0	0.0	-1.0
1299	-1.0	0.0	-1.0
1300	-1.0	0.0	0.0
1301	-1.0	0.0	-1.0
1302	-1.0	0.0	-1.0
1303	-1.0	0.0	-1.0
1304	-1.0	0.0	-1.0
1305	-1.0	0.0	-1.0
1306	-1.0	0.0	-1.0
1307	-1.0	0.0	-1.0
1308	-1.0	0.0	-1.0
1309	-1.0	0.0	-1.0
1310	-1.0	0.0	-1.0
1311	-1.0	0.0	-1.0
1312	-1.0	0.0	-1.0
1313	-1.0	0.0	0.0
1314	26.0	3.0	1.0
1315	10.0	2.0	1.0
1316	-1.0	0.0	0.0
1317	28.0	3.0	1.0
1318	-1.0	0.0	0.0
1319	-1.0	0.0	-1.0
1320	-1.0	0.0	-1.0
1321	0.0	2.0	1.0
1322	0.0	2.0	1.0
1323	-1.0	0.0	0.0
1324	0.0	2.0	1.0
1325	-1.0	0.0	0.0
1326	-1.0	0.0	-1.0
1327	-1.0	0.0	-1.0
1328	-1.0	0.0	0.0
1329	-1.0	0.0	0.0
1330	-1.0	0.0	0.0
1331	-1.0	0.0	-1.0
1332	-1.0	0.0	-1.0
1333	28.0	3.0	1.0
1334	-1.0	0.0	-1.0
1335	-1.0	0.0	0.0
1336	15.0	2.0	1.0
1337	27.0	2.0	1.0
1338	27.0	3.0	1.0
1339	0.0	2.0	1.0
1340	0.0	2.0	1.0
1341	18.0	2.0	1.0
1342	-1.0	0.0	-1.0
1343	-1.0	0.0	0.0
1344	-1.0	0.0	-1.0
1345	24.0	2.0	1.0
1346	-1.0	0.0	-1.0
1347	-1.0	0.0	-1.0
1348	-1.0	0.0	-1.0
1349	-1.0	0.0	-1.0
1350	-1.0	0.0	0.0
1351	-1.0	0.0	-1.0
1352	-1.0	0.0	-1.0
1353	0.0	2.0	1.0
1354	17.0	2.0	1.0
1355	-1.0	0.0	0.0
1356	-1.0	0.0	0.0
1357	21.0	3.0	1.0
1358	-1.0	0.0	-1.0
1359	10.0	3.0	1.0
1360	0.0	2.0	1.0
1361	-1.0	0.0	0.0
1362	-1.0	0.0	0.0
1363	-1.0	0.0	0.0
1364	-1.0	0.0	-1.0
1365	-1.0	0.0	-1.0
1366	-1.0	0.0	-1.0
1367	-1.0	0.0	0.0
1368	-1.0	0.0	0.0
1369	18.0	3.0	1.0
1370	-1.0	0.0	-1.0
1371	-1.0	0.0	-1.0
1372	-1.0	0.0	-1.0
1373	-1.0	0.0	-1.0
1374	-1.0	0.0	0.0
1375	-1.0	0.0	-1.0
1376	0.0	2.0	1.0
1377	-1.0	0.0	0.0
1378	-1.0	0.0	0.0
1379	23.0	2.0	1.0
1380	-1.0	0.0	-1.0
1381	-1.0	0.0	-1.0
1382	-1.0	0.0	0.0
1383	-1.0	0.0	-1.0
1384	-1.0	0.0	-1.0
1385	0.0	2.0	1.0
1386	-1.0	0.0	-1.0
1387	12.0	2.0	1.0
1388	-1.0	0.0	-1.0
1389	-1.0	0.0	-1.0
1390	-1.0	0.0	0.0
1391	26.0	2.0	1.0
1392	0.0	2.0	1.0
1393	-1.0	0.0	0.0
1394	0.0	2.0	1.0
1395	-1.0	0.0	-1.0
1396	26.0	2.0	1.0
1397	-1.0	0.0	0.0
1398	-1.0	0.0	-1.0
1399	-1.0	0.0	-1.0
1400	-1.0	0.0	-1.0
1401	-1.0	0.0	-1.0
1402	-1.0	0.0	0.0
1403	-1.0	0.0	-1.0
1404	9.0	2.0	1.0
1405	-1.0	0.0	-1.0
1406	27.0	3.0	1.0
1407	-1.0	0.0	-1.0
1408	18.0	2.0	1.0
1409	12.0	2.0	1.0
1410	-1.0	0.0	-1.0
1411	-1.0	0.0	-1.0
1412	18.0	2.0	1.0
1413	17.0	2.0	1.0
1414	26.0	2.0	1.0
1415	24.0	2.0	1.0
1416	-1.0	0.0	0.0
1417	-1.0	0.0	-1.0
1418	-1.0	0.0	-1.0
1419	-1.0	0.0	-1.0
1420	0.0	2.0	1.0
1421	-1.0	0.0	-1.0
1422	-1.0	0.0	-1.0
1423	-1.0	0.0	0.0
1424	-1.0	0.0	-1.0
1425	17.0	3.0	1.0
1426	-1.0	0.0	-1.0
1427	-1.0	0.0	-1.0
1428	24.0	3.0	1.0
1429	28.0	2.0	1.0
1430	19.0	2.0	1.0
1431	-1.0	0.0	-1.0
1432	-1.0	0.0	-1.0
1433	-1.0	0.0	0.0
1434	-1.0	0.0	0.0
1435	0.0	2.0	1.0
1436	-1.0	0.0	-1.0
1437	-1.0	0.0	-1.0
1438	-1.0	0.0	-1.0
1439	-1.0	0.0	0.0
1440	-1.0	0.0	0.0
1441	-1.0	0.0	0.0
1442	-1.0	0.0	0.0
1443	-1.0	0.0	0.0
1444	-1.0	0.0	-1.0
1445	-1.0	0.0	0.0
1446	-1.0	0.0	-1.0
1447	-1.0	0.0	0.0
1448	-1.0	0.0	-1.0
1449	27.0	2.0	1.0
1450	-1.0	0.0	-1.0
1451	0.0	2.0	1.0
1452	-1.0	0.0	-1.0
1453	-1.0	0.0	-1.0
1454	11.0	3.0	1.0
1455	-1.0	0.0	-1.0
1456	-1.0	0.0	-1.0
1457	0.0	2.0	1.0
1458	0.0	2.0	1.0
1459	-1.0	0.0	-1.0
1460	-1.0	0.0	0.0
1461	-1.0	0.0	0.0
1462	11.0	2.0	1.0
1463	-1.0	0.0	-1.0
1464	0.0	2.0	1.0
1465	-1.0	0.0	-1.0
1466	0.0	2.0	1.0
1467	-1.0	0.0	-1.0
1468	-1.0	0.0	0.0
1469	-1.0	0.0	-1.0
1470	-1.0	0.0	-1.0
1471	-1.0	0.0	-1.0
1472	18.0	2.0	1.0
1473	-1.0	0.0	0.0
1474	-1.0	0.0	-1.0
1475	-1.0	0.0	-1.0
1476	22.0	2.0	1.0
1477	-1.0	0.0	0.0
1478	-1.0	0.0	0.0
1479	-1.0	0.0	-1.0
1480	-1.0	0.0	-1.0
1481	-1.0	0.0	0.0
1482	-1.0	0.0	0.0
1483	-1.0	0.0	0.0
1484	-1.0	0.0	0.0
1485	-1.0	0.0	-1.0
1486	-1.0	0.0	-1.0
1487	-1.0	0.0	-1.0
1488	-1.0	0.0	-1.0
1489	-1.0	0.0	-1.0
1490	-1.0	0.0	0.0
1491	-1.0	0.0	-1.0
1492	-1.0	0.0	0.0
1493	-1.0	0.0	-1.0
1494	-1.0	0.0	-1.0
1495	28.0	3.0	1.0
1496	-1.0	0.0	-1.0
1497	-1.0	0.0	-1.0
1498	-1.0	0.0	0.0
1499	-1.0	0.0	-1.0
1500	-1.0	0.0	0.0
1501	27.0	2.0	1.0
1502	-1.0	0.0	-1.0
1503	-1.0	0.0	-1.0
1504	-1.0	0.0	-1.0
1505	-1.0	0.0	-1.0
1506	-1.0	0.0	-1.0
1507	11.0	2.0	1.0
1508	-1.0	0.0	-1.0
1509	12.0	2.0	1.0
1510	-1.0	0.0	-1.0
1511	27.0	2.0	1.0
1512	22.0	3.0	1.0
1513	17.0	2.0	1.0
1514	-1.0	0.0	0.0
1515	-1.0	0.0	0.0
1516	9.0	2.0	1.0
1517	-1.0	0.0	-1.0
1518	-1.0	0.0	-1.0
1519	-1.0	0.0	-1.0
1520	-1.0	0.0	-1.0
1521	12.0	2.0	1.0
1522	-1.0	0.0	-1.0
1523	-1.0	0.0	-1.0
1524	-1.0	0.0	-1.0
1525	-1.0	0.0	0.0
1526	-1.0	0.0	-1.0
1527	-1.0	0.0	0.0
1528	-1.0	0.0	0.0
1529	-1.0	0.0	0.0
1530	-1.0	0.0	-1.0
1531	8.0	2.0	1.0
1532	-1.0	0.0	0.0
1533	-1.0	0.0	0.0
1534	-1.0	0.0	0.0
1535	-1.0	0.0	-1.0
1536	-1.0	0.0	0.0
1537	-1.0	0.0	-1.0
1538	-1.0	0.0	0.0
1539	-1.0	0.0	-1.0
1540	-1.0	0.0	-1.0
1541	-1.0	0.0	0.0
1542	0.0	2.0	1.0
1543	-1.0	0.0	-1.0
1544	-1.0	0.0	-1.0
1545	-1.0	0.0	-1.0
1546	-1.0	0.0	-1.0
1547	-1.0	0.0	-1.0
1548	-1.0	0.0	-1.0
1549	-1.0	0.0	-1.0
1550	-1.0	0.0	-1.0
1551	-1.0	0.0	-1.0
1552	-1.0	0.0	0.0
1553	-1.0	0.0	-1.0
1554	-1.0	0.0	0.0
1555	-1.0	0.0	0.0
1556	-1.0	0.0	-1.0
1557	-1.0	0.0	-1.0
1558	-1.0	0.0	0.0
1559	-1.0	0.0	-1.0
1560	-1.0	0.0	0.0
1561	12.0	2.0	1.0
1562	-1.0	0.0	-1.0
1563	14.0	2.0	1.0
1564	-1.0	0.0	-1.0
1565	-1.0	0.0	-1.0
1566	-1.0	0.0	0.0
1567	-1.0	0.0	0.0
1568	10.0	3.0	1.0
1569	18.0	2.0	1.0
1570	-1.0	0.0	-1.0
1571	-1.0	0.0	-1.0
1572	-1.0	0.0	-1.0
1573	-1.0	0.0	0.0
1574	27.0	3.0	1.0
1575	11.0	2.0	1.0
1576	-1.0	0.0	0.0
1577	-1.0	0.0	-1.0
1578	21.0	2.0	1.0
1579	-1.0	0.0	-1.0
1580	-1.0	0.0	-1.0
1581	-1.0	0.0	0.0
1582	-1.0	0.0	0.0
1583	-1.0	0.0	0.0
1584	-1.0	0.0	-1.0
1585	-1.0	0.0	0.0
1586	-1.0	0.0	0.0
1587	-1.0	0.0	-1.0
1588	-1.0	0.0	-1.0
1589	-1.0	0.0	-1.0
1590	27.0	2.0	1.0
1591	-1.0	0.0	0.0
1592	-1.0	0.0	-1.0
1593	-1.0	0.0	0.0
1594	-1.0	0.0	0.0
1595	17.0	2.0	1.0
1596	-1.0	0.0	0.0
1597	-1.0	0.0	-1.0
1598	11.0	2.0	1.0
1599	-1.0	0.0	-1.0
1600	24.0	2.0	1.0
1601	9.0	2.0	1.0
1602	-1.0	0.0	-1.0
1603	-1.0	0.0	-1.0
1604	-1.0	0.0	-1.0
1605	-1.0	0.0	0.0
1606	-1.0	0.0	-1.0
1607	-1.0	0.0	-1.0
1608	-1.0	0.0	-1.0
1609	-1.0	0.0	-1.0
1610	-1.0	0.0	-1.0
1611	-1.0	0.0	0.0
1612	0.0	2.0	1.0
1613	-1.0	0.0	0.0
1614	-1.0	0.0	0.0
1615	-1.0	0.0	-1.0
1616	-1.0	0.0	0.0
1617	-1.0	0.0	-1.0
1618	0.0	2.0	1.0
1619	15.0	2.0	1.0
1620	-1.0	0.0	0.0
1621	15.0	2.0	1.0
1622	-1.0	0.0	-1.0
1623	-1.0	0.0	0.0
1624	-1.0	0.0	0.0
1625	15.0	2.0	1.0
1626	24.0	3.0	1.0
1627	-1.0	0.0	0.0
1628	-1.0	0.0	0.0
1629	-1.0	0.0	0.0
1630	0.0	2.0	1.0
1631	-1.0	0.0	0.0
1632	26.0	2.0	1.0
1633	-1.0	0.0	-1.0
1634	0.0	2.0	1.0
1635	-1.0	0.0	0.0
1636	-1.0	0.0	-1.0
1637	-1.0	0.0	-1.0
1638	-1.0	0.0	-1.0
1639	-1.0	0.0	-1.0
1640	9.0	2.0	1.0
1641	0.0	2.0	1.0
1642	-1.0	0.0	-1.0
1643	-1.0	0.0	0.0
1644	-1.0	0.0	-1.0
1645	0.0	2.0	1.0
1646	-1.0	0.0	-1.0
1647	27.0	2.0	1.0
1648	13.0	3.0	1.0
1649	-1.0	0.0	-1.0
1650	9.0	2.0	1.0
1651	24.0	2.0	1.0
1652	-1.0	0.0	0.0
1653	19.0	2.0	1.0
1654	-1.0	0.0	-1.0
1655	-1.0	0.0	-1.0
1656	-1.0	0.0	-1.0
1657	14.0	3.0	1.0
1658	-1.0	0.0	0.0
1659	18.0	3.0	1.0
1660	-1.0	0.0	-1.0
1661	27.0	2.0	1.0
1662	-1.0	0.0	-1.0
1663	-1.0	0.0	-1.0
1664	-1.0	0.0	-1.0
1665	-1.0	0.0	-1.0
1666	-1.0	0.0	-1.0
1667	0.0	2.0	1.0
1668	-1.0	0.0	0.0
1669	25.0	2.0	1.0
1670	-1.0	0.0	0.0
1671	-1.0	0.0	-1.0
1672	-1.0	0.0	0.0
1673	-1.0	0.0	-1.0
1674	-1.0	0.0	-1.0
1675	-1.0	0.0	-1.0
1676	-1.0	0.0	0.0
1677	0.0	2.0	1.0
1678	-1.0	0.0	0.0
1679	-1.0	0.0	-1.0
1680	-1.0	0.0	0.0
1681	23.0	3.0	1.0
1682	-1.0	0.0	-1.0
1683	-1.0	0.0	0.0
1684	-1.0	0.0	0.0
1685	-1.0	0.0	-1.0
1686	-1.0	0.0	0.0
1687	17.0	2.0	1.0
1688	12.0	2.0	1.0
1689	-1.0	0.0	-1.0
1690	-1.0	0.0	-1.0
1691	23.0	2.0	1.0
1692	-1.0	0.0	-1.0
1693	-1.0	0.0	0.0
1694	-1.0	0.0	0.0
1695	-1.0	0.0	-1.0
1696	-1.0	0.0	0.0
1697	-1.0	0.0	-1.0
1698	28.0	2.0	1.0
1699	0.0	2.0	1.0
1700	0.0	2.0	1.0
1701	0.0	2.0	1.0
1702	-1.0	0.0	-1.0
1703	-1.0	0.0	-1.0
1704	-1.0	0.0	-1.0
1705	-1.0	0.0	-1.0
1706	-1.0	0.0	-1.0
1707	-1.0	0.0	-1.0
1708	-1.0	0.0	-1.0
1709	-1.0	0.0	-1.0
1710	-1.0	0.0	-1.0
1711	-1.0	0.0	-1.0
1712	25.0	2.0	1.0
1713	-1.0	0.0	0.0
1714	-1.0	0.0	0.0
1715	24.0	2.0	1.0
1716	-1.0	0.0	-1.0
1717	-1.0	0.0	-1.0
1718	0.0	2.0	1.0
1719	19.0	3.0	1.0
1720	-1.0	0.0	-1.0
1721	-1.0	0.0	-1.0
1722	0.0	2.0	1.0
1723	25.0	2.0	1.0
1724	-1.0	0.0	-1.0
1725	0.0	2.0	1.0
1726	-1.0	0.0	0.0
1727	-1.0	0.0	-1.0
1728	-1.0	0.0	-1.0
1729	-1.0	0.0	0.0
1730	-1.0	0.0	-1.0
1731	24.0	3.0	1.0
1732	15.0	2.0	1.0
1733	0.0	2.0	1.0
1734	-1.0	0.0	0.0
1735	-1.0	0.0	0.0
1736	-1.0	0.0	0.0
1737	0.0	2.0	1.0
1738	0.0	2.0	1.0
1739	-1.0	0.0	-1.0
1740	-1.0	0.0	0.0
1741	-1.0	0.0	0.0
1742	-1.0	0.0	-1.0
1743	-1.0	0.0	-1.0
1744	28.0	2.0	1.0
1745	-1.0	0.0	-1.0
1746	-1.0	0.0	-1.0
1747	-1.0	0.0	-1.0
1748	-1.0	0.0	0.0
1749	-1.0	0.0	-1.0
1750	0.0	0.0	0.0
