index	outport	cost	SuccessFlag
0	24.0	3.0	1.0
1	8.0	2.0	1.0
2	8.0	2.0	1.0
3	22.0	2.0	1.0
4	26.0	3.0	1.0
5	14.0	3.0	1.0
6	11.0	3.0	1.0
7	0.0	2.0	1.0
8	16.0	3.0	1.0
9	9.0	2.0	1.0
10	28.0	3.0	1.0
11	12.0	3.0	1.0
12	0.0	2.0	1.0
13	0.0	2.0	1.0
14	11.0	3.0	1.0
15	9.0	2.0	1.0
16	9.0	3.0	1.0
17	12.0	3.0	1.0
18	16.0	3.0	1.0
19	15.0	2.0	1.0
20	0.0	2.0	1.0
21	-1.0	0.0	-1.0
22	22.0	2.0	1.0
23	27.0	3.0	1.0
24	9.0	3.0	1.0
25	15.0	2.0	1.0
26	8.0	3.0	1.0
27	0.0	2.0	1.0
28	8.0	3.0	1.0
29	0.0	2.0	1.0
30	0.0	2.0	1.0
31	0.0	2.0	1.0
32	24.0	3.0	1.0
33	8.0	3.0	1.0
34	0.0	2.0	1.0
35	15.0	2.0	1.0
36	11.0	3.0	1.0
37	0.0	2.0	1.0
38	15.0	2.0	1.0
39	11.0	3.0	1.0
40	12.0	3.0	1.0
41	9.0	3.0	1.0
42	8.0	2.0	1.0
43	0.0	2.0	1.0
44	20.0	3.0	1.0
45	18.0	3.0	1.0
46	9.0	3.0	1.0
47	15.0	2.0	1.0
48	9.0	2.0	1.0
49	0.0	2.0	1.0
50	20.0	3.0	1.0
51	-1.0	0.0	0.0
52	17.0	3.0	1.0
53	14.0	3.0	1.0
54	-1.0	0.0	-1.0
55	8.0	3.0	1.0
56	25.0	3.0	1.0
57	17.0	3.0	1.0
58	11.0	3.0	1.0
59	0.0	2.0	1.0
60	0.0	2.0	1.0
61	0.0	2.0	1.0
62	-1.0	0.0	-1.0
63	16.0	2.0	1.0
64	10.0	2.0	1.0
65	15.0	2.0	1.0
66	0.0	2.0	1.0
67	0.0	2.0	1.0
68	-1.0	0.0	-1.0
69	9.0	3.0	1.0
70	18.0	3.0	1.0
71	9.0	3.0	1.0
72	8.0	2.0	1.0
73	27.0	3.0	1.0
74	10.0	2.0	1.0
75	24.0	3.0	1.0
76	8.0	2.0	1.0
77	22.0	2.0	1.0
78	0.0	2.0	1.0
79	10.0	3.0	1.0
80	27.0	3.0	1.0
81	0.0	2.0	1.0
82	0.0	2.0	1.0
83	-1.0	0.0	0.0
84	17.0	3.0	1.0
85	19.0	3.0	1.0
86	0.0	2.0	1.0
87	19.0	3.0	1.0
88	13.0	3.0	1.0
89	9.0	2.0	1.0
90	22.0	2.0	1.0
91	28.0	3.0	1.0
92	15.0	2.0	1.0
93	21.0	3.0	1.0
94	11.0	3.0	1.0
95	18.0	3.0	1.0
96	-1.0	0.0	0.0
97	25.0	3.0	1.0
98	-1.0	0.0	0.0
99	-1.0	0.0	-1.0
100	23.0	3.0	1.0
101	28.0	3.0	1.0
102	24.0	3.0	1.0
103	-1.0	0.0	-1.0
104	8.0	2.0	1.0
105	0.0	2.0	1.0
106	11.0	2.0	1.0
107	22.0	2.0	1.0
108	13.0	3.0	1.0
109	0.0	2.0	1.0
110	15.0	2.0	1.0
111	15.0	2.0	1.0
112	14.0	3.0	1.0
113	0.0	2.0	1.0
114	-1.0	0.0	0.0
115	13.0	3.0	1.0
116	15.0	2.0	1.0
117	11.0	2.0	1.0
118	0.0	2.0	1.0
119	-1.0	0.0	-1.0
120	22.0	3.0	1.0
121	-1.0	0.0	-1.0
122	-1.0	0.0	0.0
123	22.0	2.0	1.0
124	0.0	2.0	1.0
125	18.0	3.0	1.0
126	-1.0	0.0	-1.0
127	28.0	3.0	1.0
128	0.0	2.0	1.0
129	10.0	2.0	1.0
130	10.0	2.0	1.0
131	-1.0	0.0	0.0
132	0.0	2.0	1.0
133	9.0	2.0	1.0
134	13.0	3.0	1.0
135	21.0	3.0	1.0
136	-1.0	0.0	0.0
137	-1.0	0.0	-1.0
138	0.0	2.0	1.0
139	17.0	2.0	1.0
140	20.0	3.0	1.0
141	-1.0	0.0	-1.0
142	-1.0	0.0	0.0
143	22.0	2.0	1.0
144	-1.0	0.0	-1.0
145	0.0	2.0	1.0
146	23.0	2.0	1.0
147	10.0	3.0	1.0
148	13.0	3.0	1.0
149	-1.0	0.0	-1.0
150	-1.0	0.0	-1.0
151	9.0	3.0	1.0
152	15.0	2.0	1.0
153	8.0	3.0	1.0
154	22.0	2.0	1.0
155	-1.0	0.0	-1.0
156	0.0	2.0	1.0
157	-1.0	0.0	-1.0
158	0.0	2.0	1.0
159	-1.0	0.0	0.0
160	12.0	3.0	1.0
161	16.0	2.0	1.0
162	0.0	2.0	1.0
163	-1.0	0.0	-1.0
164	16.0	2.0	1.0
165	22.0	3.0	1.0
166	0.0	2.0	1.0
167	19.0	3.0	1.0
168	27.0	3.0	1.0
169	28.0	3.0	1.0
170	-1.0	0.0	-1.0
171	18.0	3.0	1.0
172	26.0	3.0	1.0
173	23.0	2.0	1.0
174	0.0	2.0	1.0
175	22.0	2.0	1.0
176	27.0	3.0	1.0
177	12.0	3.0	1.0
178	-1.0	0.0	0.0
179	17.0	2.0	1.0
180	24.0	2.0	1.0
181	8.0	2.0	1.0
182	25.0	3.0	1.0
183	23.0	3.0	1.0
184	24.0	3.0	1.0
185	-1.0	0.0	-1.0
186	8.0	2.0	1.0
187	12.0	3.0	1.0
188	8.0	2.0	1.0
189	8.0	3.0	1.0
190	8.0	2.0	1.0
191	-1.0	0.0	-1.0
192	11.0	2.0	1.0
193	-1.0	0.0	0.0
194	15.0	2.0	1.0
195	-1.0	0.0	0.0
196	-1.0	0.0	-1.0
197	0.0	2.0	1.0
198	-1.0	0.0	0.0
199	19.0	3.0	1.0
200	8.0	2.0	1.0
201	0.0	2.0	1.0
202	22.0	2.0	1.0
203	17.0	3.0	1.0
204	-1.0	0.0	-1.0
205	19.0	2.0	1.0
206	0.0	2.0	1.0
207	24.0	2.0	1.0
208	8.0	3.0	1.0
209	12.0	2.0	1.0
210	-1.0	0.0	-1.0
211	0.0	2.0	1.0
212	16.0	2.0	1.0
213	17.0	3.0	1.0
214	10.0	2.0	1.0
215	0.0	2.0	1.0
216	0.0	2.0	1.0
217	26.0	3.0	1.0
218	-1.0	0.0	-1.0
219	-1.0	0.0	-1.0
220	15.0	3.0	1.0
221	13.0	3.0	1.0
222	0.0	2.0	1.0
223	-1.0	0.0	-1.0
224	11.0	3.0	1.0
225	-1.0	0.0	-1.0
226	-1.0	0.0	0.0
227	0.0	2.0	1.0
228	23.0	2.0	1.0
229	12.0	3.0	1.0
230	16.0	2.0	1.0
231	9.0	2.0	1.0
232	0.0	2.0	1.0
233	21.0	3.0	1.0
234	0.0	2.0	1.0
235	20.0	3.0	1.0
236	22.0	2.0	1.0
237	0.0	2.0	1.0
238	-1.0	0.0	-1.0
239	25.0	2.0	1.0
240	-1.0	0.0	-1.0
241	0.0	2.0	1.0
242	21.0	3.0	1.0
243	26.0	2.0	1.0
244	17.0	3.0	1.0
245	11.0	2.0	1.0
246	0.0	2.0	1.0
247	0.0	2.0	1.0
248	23.0	3.0	1.0
249	-1.0	0.0	0.0
250	15.0	2.0	1.0
251	24.0	3.0	1.0
252	23.0	3.0	1.0
253	-1.0	0.0	-1.0
254	-1.0	0.0	-1.0
255	21.0	3.0	1.0
256	-1.0	0.0	-1.0
257	24.0	3.0	1.0
258	15.0	2.0	1.0
259	17.0	3.0	1.0
260	17.0	3.0	1.0
261	0.0	2.0	1.0
262	-1.0	0.0	-1.0
263	15.0	3.0	1.0
264	0.0	2.0	1.0
265	24.0	2.0	1.0
266	11.0	3.0	1.0
267	10.0	2.0	1.0
268	18.0	3.0	1.0
269	25.0	3.0	1.0
270	-1.0	0.0	0.0
271	26.0	3.0	1.0
272	-1.0	0.0	-1.0
273	0.0	2.0	1.0
274	-1.0	0.0	-1.0
275	0.0	2.0	1.0
276	-1.0	0.0	-1.0
277	-1.0	0.0	-1.0
278	26.0	3.0	1.0
279	-1.0	0.0	0.0
280	-1.0	0.0	-1.0
281	-1.0	0.0	0.0
282	28.0	3.0	1.0
283	11.0	3.0	1.0
284	26.0	3.0	1.0
285	-1.0	0.0	-1.0
286	16.0	3.0	1.0
287	0.0	2.0	1.0
288	0.0	2.0	1.0
289	28.0	3.0	1.0
290	26.0	2.0	1.0
291	-1.0	0.0	-1.0
292	-1.0	0.0	-1.0
293	26.0	3.0	1.0
294	0.0	2.0	1.0
295	16.0	3.0	1.0
296	12.0	2.0	1.0
297	15.0	2.0	1.0
298	-1.0	0.0	-1.0
299	18.0	3.0	1.0
300	-1.0	0.0	-1.0
301	-1.0	0.0	-1.0
302	21.0	3.0	1.0
303	21.0	3.0	1.0
304	15.0	2.0	1.0
305	-1.0	0.0	0.0
306	18.0	2.0	1.0
307	0.0	2.0	1.0
308	13.0	2.0	1.0
309	-1.0	0.0	-1.0
310	-1.0	0.0	-1.0
311	17.0	3.0	1.0
312	-1.0	0.0	-1.0
313	17.0	3.0	1.0
314	-1.0	0.0	0.0
315	14.0	3.0	1.0
316	12.0	2.0	1.0
317	-1.0	0.0	0.0
318	27.0	2.0	1.0
319	20.0	2.0	1.0
320	-1.0	0.0	0.0
321	24.0	2.0	1.0
322	-1.0	0.0	-1.0
323	0.0	2.0	1.0
324	0.0	2.0	1.0
325	27.0	2.0	1.0
326	25.0	3.0	1.0
327	15.0	2.0	1.0
328	-1.0	0.0	0.0
329	23.0	2.0	1.0
330	0.0	2.0	1.0
331	13.0	3.0	1.0
332	-1.0	0.0	-1.0
333	0.0	2.0	1.0
334	-1.0	0.0	-1.0
335	26.0	3.0	1.0
336	-1.0	0.0	-1.0
337	-1.0	0.0	-1.0
338	22.0	2.0	1.0
339	22.0	2.0	1.0
340	-1.0	0.0	-1.0
341	22.0	3.0	1.0
342	0.0	2.0	1.0
343	21.0	3.0	1.0
344	0.0	2.0	1.0
345	16.0	3.0	1.0
346	0.0	2.0	1.0
347	17.0	3.0	1.0
348	-1.0	0.0	-1.0
349	-1.0	0.0	-1.0
350	0.0	2.0	1.0
351	-1.0	0.0	-1.0
352	-1.0	0.0	-1.0
353	0.0	2.0	1.0
354	22.0	2.0	1.0
355	27.0	3.0	1.0
356	14.0	3.0	1.0
357	22.0	3.0	1.0
358	-1.0	0.0	-1.0
359	15.0	2.0	1.0
360	20.0	3.0	1.0
361	-1.0	0.0	0.0
362	-1.0	0.0	0.0
363	-1.0	0.0	-1.0
364	-1.0	0.0	0.0
365	-1.0	0.0	-1.0
366	-1.0	0.0	0.0
367	28.0	2.0	1.0
368	-1.0	0.0	-1.0
369	-1.0	0.0	-1.0
370	18.0	2.0	1.0
371	23.0	2.0	1.0
372	15.0	2.0	1.0
373	-1.0	0.0	-1.0
374	11.0	3.0	1.0
375	-1.0	0.0	-1.0
376	-1.0	0.0	0.0
377	26.0	3.0	1.0
378	0.0	2.0	1.0
379	-1.0	0.0	0.0
380	-1.0	0.0	0.0
381	10.0	3.0	1.0
382	21.0	3.0	1.0
383	-1.0	0.0	-1.0
384	-1.0	0.0	-1.0
385	0.0	2.0	1.0
386	13.0	2.0	1.0
387	0.0	2.0	1.0
388	19.0	2.0	1.0
389	0.0	2.0	1.0
390	21.0	3.0	1.0
391	-1.0	0.0	0.0
392	-1.0	0.0	-1.0
393	23.0	2.0	1.0
394	-1.0	0.0	0.0
395	-1.0	0.0	-1.0
396	0.0	2.0	1.0
397	-1.0	0.0	0.0
398	10.0	3.0	1.0
399	-1.0	0.0	0.0
400	-1.0	0.0	-1.0
401	-1.0	0.0	-1.0
402	-1.0	0.0	0.0
403	-1.0	0.0	-1.0
404	25.0	3.0	1.0
405	17.0	2.0	1.0
406	-1.0	0.0	-1.0
407	-1.0	0.0	0.0
408	-1.0	0.0	-1.0
409	0.0	2.0	1.0
410	11.0	3.0	1.0
411	-1.0	0.0	0.0
412	0.0	2.0	1.0
413	0.0	2.0	1.0
414	24.0	3.0	1.0
415	14.0	3.0	1.0
416	-1.0	0.0	-1.0
417	18.0	3.0	1.0
418	-1.0	0.0	-1.0
419	-1.0	0.0	-1.0
420	-1.0	0.0	0.0
421	10.0	2.0	1.0
422	15.0	2.0	1.0
423	26.0	3.0	1.0
424	13.0	3.0	1.0
425	22.0	2.0	1.0
426	-1.0	0.0	-1.0
427	-1.0	0.0	-1.0
428	0.0	2.0	1.0
429	25.0	2.0	1.0
430	24.0	3.0	1.0
431	-1.0	0.0	0.0
432	-1.0	0.0	0.0
433	10.0	2.0	1.0
434	21.0	2.0	1.0
435	22.0	2.0	1.0
436	22.0	2.0	1.0
437	23.0	2.0	1.0
438	-1.0	0.0	-1.0
439	-1.0	0.0	-1.0
440	-1.0	0.0	-1.0
441	-1.0	0.0	-1.0
442	25.0	3.0	1.0
443	-1.0	0.0	0.0
444	13.0	2.0	1.0
445	-1.0	0.0	-1.0
446	14.0	3.0	1.0
447	0.0	2.0	1.0
448	10.0	3.0	1.0
449	13.0	2.0	1.0
450	0.0	2.0	1.0
451	25.0	3.0	1.0
452	-1.0	0.0	-1.0
453	-1.0	0.0	0.0
454	24.0	2.0	1.0
455	-1.0	0.0	-1.0
456	24.0	3.0	1.0
457	-1.0	0.0	-1.0
458	-1.0	0.0	0.0
459	8.0	2.0	1.0
460	0.0	2.0	1.0
461	-1.0	0.0	-1.0
462	-1.0	0.0	-1.0
463	15.0	2.0	1.0
464	-1.0	0.0	-1.0
465	-1.0	0.0	-1.0
466	-1.0	0.0	0.0
467	15.0	2.0	1.0
468	18.0	2.0	1.0
469	19.0	3.0	1.0
470	-1.0	0.0	-1.0
471	-1.0	0.0	-1.0
472	11.0	2.0	1.0
473	15.0	2.0	1.0
474	-1.0	0.0	0.0
475	0.0	2.0	1.0
476	27.0	3.0	1.0
477	0.0	2.0	1.0
478	23.0	2.0	1.0
479	-1.0	0.0	-1.0
480	-1.0	0.0	0.0
481	-1.0	0.0	0.0
482	13.0	2.0	1.0
483	-1.0	0.0	-1.0
484	-1.0	0.0	-1.0
485	-1.0	0.0	-1.0
486	-1.0	0.0	0.0
487	25.0	2.0	1.0
488	-1.0	0.0	0.0
489	16.0	3.0	1.0
490	12.0	3.0	1.0
491	9.0	2.0	1.0
492	-1.0	0.0	-1.0
493	-1.0	0.0	0.0
494	19.0	3.0	1.0
495	-1.0	0.0	0.0
496	16.0	2.0	1.0
497	-1.0	0.0	-1.0
498	14.0	3.0	1.0
499	8.0	3.0	1.0
500	24.0	2.0	1.0
501	10.0	3.0	1.0
502	-1.0	0.0	-1.0
503	-1.0	0.0	-1.0
504	-1.0	0.0	-1.0
505	0.0	2.0	1.0
506	-1.0	0.0	0.0
507	0.0	2.0	1.0
508	22.0	2.0	1.0
509	15.0	3.0	1.0
510	-1.0	0.0	0.0
511	0.0	2.0	1.0
512	-1.0	0.0	-1.0
513	-1.0	0.0	0.0
514	22.0	2.0	1.0
515	-1.0	0.0	-1.0
516	23.0	2.0	1.0
517	-1.0	0.0	-1.0
518	22.0	2.0	1.0
519	20.0	3.0	1.0
520	-1.0	0.0	0.0
521	-1.0	0.0	-1.0
522	16.0	2.0	1.0
523	16.0	3.0	1.0
524	17.0	2.0	1.0
525	17.0	2.0	1.0
526	-1.0	0.0	0.0
527	-1.0	0.0	-1.0
528	24.0	2.0	1.0
529	12.0	3.0	1.0
530	-1.0	0.0	-1.0
531	16.0	2.0	1.0
532	-1.0	0.0	-1.0
533	0.0	2.0	1.0
534	-1.0	0.0	0.0
535	-1.0	0.0	-1.0
536	-1.0	0.0	-1.0
537	13.0	2.0	1.0
538	-1.0	0.0	0.0
539	-1.0	0.0	0.0
540	-1.0	0.0	-1.0
541	0.0	2.0	1.0
542	0.0	2.0	1.0
543	-1.0	0.0	0.0
544	25.0	2.0	1.0
545	15.0	3.0	1.0
546	20.0	2.0	1.0
547	-1.0	0.0	-1.0
548	-1.0	0.0	0.0
549	16.0	2.0	1.0
550	-1.0	0.0	-1.0
551	-1.0	0.0	-1.0
552	16.0	2.0	1.0
553	22.0	2.0	1.0
554	-1.0	0.0	-1.0
555	0.0	2.0	1.0
556	-1.0	0.0	0.0
557	-1.0	0.0	-1.0
558	-1.0	0.0	-1.0
559	-1.0	0.0	-1.0
560	-1.0	0.0	-1.0
561	-1.0	0.0	0.0
562	-1.0	0.0	-1.0
563	-1.0	0.0	-1.0
564	-1.0	0.0	-1.0
565	-1.0	0.0	0.0
566	8.0	2.0	1.0
567	-1.0	0.0	-1.0
568	-1.0	0.0	-1.0
569	-1.0	0.0	-1.0
570	-1.0	0.0	-1.0
571	9.0	2.0	1.0
572	-1.0	0.0	-1.0
573	-1.0	0.0	-1.0
574	26.0	2.0	1.0
575	0.0	2.0	1.0
576	17.0	2.0	1.0
577	21.0	3.0	1.0
578	0.0	2.0	1.0
579	0.0	2.0	1.0
580	26.0	2.0	1.0
581	12.0	3.0	1.0
582	-1.0	0.0	0.0
583	-1.0	0.0	-1.0
584	24.0	2.0	1.0
585	0.0	2.0	1.0
586	-1.0	0.0	0.0
587	24.0	3.0	1.0
588	0.0	2.0	1.0
589	-1.0	0.0	0.0
590	-1.0	0.0	-1.0
591	-1.0	0.0	-1.0
592	0.0	2.0	1.0
593	-1.0	0.0	-1.0
594	-1.0	0.0	0.0
595	-1.0	0.0	0.0
596	-1.0	0.0	-1.0
597	-1.0	0.0	-1.0
598	-1.0	0.0	0.0
599	-1.0	0.0	-1.0
600	-1.0	0.0	-1.0
601	25.0	3.0	1.0
602	-1.0	0.0	0.0
603	21.0	3.0	1.0
604	-1.0	0.0	0.0
605	0.0	2.0	1.0
606	-1.0	0.0	-1.0
607	-1.0	0.0	0.0
608	0.0	2.0	1.0
609	21.0	3.0	1.0
610	-1.0	0.0	0.0
611	-1.0	0.0	-1.0
612	-1.0	0.0	-1.0
613	9.0	2.0	1.0
614	15.0	2.0	1.0
615	0.0	2.0	1.0
616	-1.0	0.0	0.0
617	14.0	2.0	1.0
618	11.0	3.0	1.0
619	-1.0	0.0	-1.0
620	-1.0	0.0	-1.0
621	0.0	2.0	1.0
622	28.0	3.0	1.0
623	-1.0	0.0	0.0
624	23.0	3.0	1.0
625	10.0	3.0	1.0
626	-1.0	0.0	0.0
627	-1.0	0.0	-1.0
628	0.0	2.0	1.0
629	-1.0	0.0	0.0
630	11.0	2.0	1.0
631	-1.0	0.0	0.0
632	-1.0	0.0	-1.0
633	20.0	3.0	1.0
634	0.0	2.0	1.0
635	0.0	2.0	1.0
636	-1.0	0.0	0.0
637	15.0	2.0	1.0
638	-1.0	0.0	-1.0
639	0.0	2.0	1.0
640	-1.0	0.0	0.0
641	-1.0	0.0	0.0
642	0.0	2.0	1.0
643	-1.0	0.0	0.0
644	-1.0	0.0	0.0
645	-1.0	0.0	-1.0
646	14.0	2.0	1.0
647	-1.0	0.0	-1.0
648	10.0	3.0	1.0
649	16.0	2.0	1.0
650	-1.0	0.0	-1.0
651	-1.0	0.0	0.0
652	-1.0	0.0	-1.0
653	-1.0	0.0	-1.0
654	13.0	3.0	1.0
655	-1.0	0.0	-1.0
656	-1.0	0.0	0.0
657	-1.0	0.0	-1.0
658	-1.0	0.0	-1.0
659	-1.0	0.0	-1.0
660	25.0	2.0	1.0
661	0.0	2.0	1.0
662	-1.0	0.0	-1.0
663	-1.0	0.0	-1.0
664	0.0	2.0	1.0
665	23.0	2.0	1.0
666	23.0	2.0	1.0
667	23.0	2.0	1.0
668	-1.0	0.0	-1.0
669	22.0	2.0	1.0
670	-1.0	0.0	-1.0
671	-1.0	0.0	0.0
672	-1.0	0.0	-1.0
673	-1.0	0.0	-1.0
674	-1.0	0.0	-1.0
675	23.0	2.0	1.0
676	-1.0	0.0	-1.0
677	-1.0	0.0	-1.0
678	8.0	2.0	1.0
679	-1.0	0.0	-1.0
680	-1.0	0.0	0.0
681	-1.0	0.0	-1.0
682	24.0	3.0	1.0
683	-1.0	0.0	-1.0
684	0.0	2.0	1.0
685	-1.0	0.0	-1.0
686	14.0	3.0	1.0
687	-1.0	0.0	-1.0
688	-1.0	0.0	-1.0
689	13.0	3.0	1.0
690	14.0	2.0	1.0
691	-1.0	0.0	-1.0
692	-1.0	0.0	-1.0
693	10.0	3.0	1.0
694	-1.0	0.0	-1.0
695	-1.0	0.0	0.0
696	-1.0	0.0	0.0
697	-1.0	0.0	0.0
698	-1.0	0.0	-1.0
699	-1.0	0.0	-1.0
700	24.0	3.0	1.0
701	0.0	2.0	1.0
702	12.0	3.0	1.0
703	-1.0	0.0	-1.0
704	-1.0	0.0	0.0
705	0.0	2.0	1.0
706	19.0	3.0	1.0
707	-1.0	0.0	0.0
708	0.0	2.0	1.0
709	-1.0	0.0	-1.0
710	-1.0	0.0	-1.0
711	-1.0	0.0	-1.0
712	26.0	2.0	1.0
713	9.0	3.0	1.0
714	-1.0	0.0	0.0
715	0.0	2.0	1.0
716	-1.0	0.0	-1.0
717	22.0	2.0	1.0
718	0.0	2.0	1.0
719	0.0	2.0	1.0
720	-1.0	0.0	-1.0
721	15.0	2.0	1.0
722	-1.0	0.0	-1.0
723	-1.0	0.0	-1.0
724	18.0	2.0	1.0
725	-1.0	0.0	-1.0
726	14.0	3.0	1.0
727	10.0	3.0	1.0
728	-1.0	0.0	-1.0
729	-1.0	0.0	-1.0
730	-1.0	0.0	-1.0
731	-1.0	0.0	0.0
732	-1.0	0.0	0.0
733	27.0	3.0	1.0
734	8.0	2.0	1.0
735	-1.0	0.0	-1.0
736	24.0	2.0	1.0
737	20.0	3.0	1.0
738	-1.0	0.0	0.0
739	-1.0	0.0	0.0
740	-1.0	0.0	0.0
741	0.0	2.0	1.0
742	13.0	3.0	1.0
743	-1.0	0.0	-1.0
744	-1.0	0.0	-1.0
745	15.0	2.0	1.0
746	-1.0	0.0	-1.0
747	11.0	2.0	1.0
748	-1.0	0.0	0.0
749	0.0	2.0	1.0
750	-1.0	0.0	0.0
751	-1.0	0.0	-1.0
752	-1.0	0.0	-1.0
753	17.0	2.0	1.0
754	0.0	2.0	1.0
755	-1.0	0.0	0.0
756	-1.0	0.0	-1.0
757	22.0	3.0	1.0
758	-1.0	0.0	-1.0
759	-1.0	0.0	-1.0
760	-1.0	0.0	-1.0
761	16.0	2.0	1.0
762	-1.0	0.0	-1.0
763	28.0	3.0	1.0
764	-1.0	0.0	0.0
765	-1.0	0.0	0.0
766	-1.0	0.0	-1.0
767	-1.0	0.0	0.0
768	-1.0	0.0	-1.0
769	-1.0	0.0	0.0
770	28.0	3.0	1.0
771	18.0	2.0	1.0
772	-1.0	0.0	0.0
773	-1.0	0.0	-1.0
774	16.0	3.0	1.0
775	17.0	2.0	1.0
776	-1.0	0.0	0.0
777	21.0	2.0	1.0
778	-1.0	0.0	0.0
779	-1.0	0.0	0.0
780	17.0	2.0	1.0
781	25.0	2.0	1.0
782	-1.0	0.0	0.0
783	0.0	2.0	1.0
784	0.0	2.0	1.0
785	0.0	2.0	1.0
786	15.0	2.0	1.0
787	19.0	3.0	1.0
788	-1.0	0.0	-1.0
789	-1.0	0.0	-1.0
790	26.0	3.0	1.0
791	24.0	2.0	1.0
792	23.0	2.0	1.0
793	0.0	2.0	1.0
794	-1.0	0.0	-1.0
795	0.0	2.0	1.0
796	-1.0	0.0	0.0
797	-1.0	0.0	0.0
798	-1.0	0.0	-1.0
799	0.0	2.0	1.0
800	0.0	2.0	1.0
801	-1.0	0.0	0.0
802	19.0	3.0	1.0
803	0.0	2.0	1.0
804	26.0	2.0	1.0
805	-1.0	0.0	-1.0
806	26.0	2.0	1.0
807	28.0	3.0	1.0
808	-1.0	0.0	-1.0
809	-1.0	0.0	-1.0
810	-1.0	0.0	0.0
811	-1.0	0.0	0.0
812	-1.0	0.0	0.0
813	-1.0	0.0	-1.0
814	26.0	2.0	1.0
815	-1.0	0.0	-1.0
816	-1.0	0.0	-1.0
817	-1.0	0.0	-1.0
818	-1.0	0.0	0.0
819	27.0	2.0	1.0
820	16.0	2.0	1.0
821	0.0	2.0	1.0
822	-1.0	0.0	0.0
823	-1.0	0.0	-1.0
824	-1.0	0.0	0.0
825	-1.0	0.0	-1.0
826	-1.0	0.0	-1.0
827	-1.0	0.0	0.0
828	-1.0	0.0	-1.0
829	0.0	2.0	1.0
830	28.0	2.0	1.0
831	-1.0	0.0	-1.0
832	9.0	2.0	1.0
833	22.0	2.0	1.0
834	0.0	2.0	1.0
835	16.0	2.0	1.0
836	-1.0	0.0	-1.0
837	18.0	3.0	1.0
838	-1.0	0.0	-1.0
839	9.0	2.0	1.0
840	-1.0	0.0	0.0
841	0.0	2.0	1.0
842	-1.0	0.0	0.0
843	-1.0	0.0	-1.0
844	-1.0	0.0	0.0
845	-1.0	0.0	0.0
846	-1.0	0.0	-1.0
847	-1.0	0.0	-1.0
848	-1.0	0.0	0.0
849	0.0	2.0	1.0
850	-1.0	0.0	-1.0
851	-1.0	0.0	-1.0
852	-1.0	0.0	-1.0
853	21.0	3.0	1.0
854	-1.0	0.0	-1.0
855	-1.0	0.0	-1.0
856	-1.0	0.0	-1.0
857	-1.0	0.0	-1.0
858	-1.0	0.0	0.0
859	0.0	2.0	1.0
860	-1.0	0.0	-1.0
861	-1.0	0.0	-1.0
862	-1.0	0.0	0.0
863	0.0	2.0	1.0
864	-1.0	0.0	0.0
865	-1.0	0.0	-1.0
866	0.0	2.0	1.0
867	10.0	3.0	1.0
868	0.0	2.0	1.0
869	-1.0	0.0	-1.0
870	-1.0	0.0	-1.0
871	-1.0	0.0	0.0
872	13.0	2.0	1.0
873	-1.0	0.0	-1.0
874	-1.0	0.0	-1.0
875	-1.0	0.0	-1.0
876	25.0	3.0	1.0
877	-1.0	0.0	0.0
878	-1.0	0.0	-1.0
879	-1.0	0.0	0.0
880	23.0	2.0	1.0
881	-1.0	0.0	-1.0
882	8.0	2.0	1.0
883	-1.0	0.0	-1.0
884	-1.0	0.0	-1.0
885	0.0	2.0	1.0
886	-1.0	0.0	0.0
887	-1.0	0.0	-1.0
888	25.0	2.0	1.0
889	-1.0	0.0	-1.0
890	18.0	2.0	1.0
891	-1.0	0.0	0.0
892	27.0	2.0	1.0
893	-1.0	0.0	0.0
894	0.0	2.0	1.0
895	-1.0	0.0	-1.0
896	-1.0	0.0	-1.0
897	-1.0	0.0	-1.0
898	-1.0	0.0	-1.0
899	23.0	2.0	1.0
900	20.0	2.0	1.0
901	-1.0	0.0	0.0
902	-1.0	0.0	0.0
903	-1.0	0.0	0.0
904	-1.0	0.0	-1.0
905	16.0	2.0	1.0
906	0.0	2.0	1.0
907	-1.0	0.0	-1.0
908	24.0	3.0	1.0
909	-1.0	0.0	0.0
910	-1.0	0.0	0.0
911	28.0	3.0	1.0
912	-1.0	0.0	-1.0
913	20.0	3.0	1.0
914	-1.0	0.0	-1.0
915	-1.0	0.0	-1.0
916	-1.0	0.0	0.0
917	-1.0	0.0	0.0
918	-1.0	0.0	-1.0
919	15.0	2.0	1.0
920	0.0	2.0	1.0
921	-1.0	0.0	0.0
922	-1.0	0.0	-1.0
923	-1.0	0.0	0.0
924	-1.0	0.0	0.0
925	-1.0	0.0	-1.0
926	10.0	2.0	1.0
927	22.0	2.0	1.0
928	14.0	2.0	1.0
929	22.0	3.0	1.0
930	0.0	2.0	1.0
931	-1.0	0.0	0.0
932	-1.0	0.0	0.0
933	-1.0	0.0	-1.0
934	28.0	3.0	1.0
935	18.0	2.0	1.0
936	-1.0	0.0	0.0
937	21.0	2.0	1.0
938	-1.0	0.0	-1.0
939	-1.0	0.0	0.0
940	20.0	3.0	1.0
941	8.0	2.0	1.0
942	-1.0	0.0	0.0
943	-1.0	0.0	-1.0
944	-1.0	0.0	-1.0
945	19.0	2.0	1.0
946	-1.0	0.0	-1.0
947	-1.0	0.0	-1.0
948	0.0	2.0	1.0
949	-1.0	0.0	-1.0
950	-1.0	0.0	0.0
951	-1.0	0.0	-1.0
952	-1.0	0.0	0.0
953	22.0	2.0	1.0
954	-1.0	0.0	0.0
955	-1.0	0.0	-1.0
956	0.0	2.0	1.0
957	-1.0	0.0	0.0
958	-1.0	0.0	0.0
959	20.0	2.0	1.0
960	15.0	2.0	1.0
961	23.0	2.0	1.0
962	-1.0	0.0	-1.0
963	-1.0	0.0	-1.0
964	-1.0	0.0	-1.0
965	-1.0	0.0	0.0
966	-1.0	0.0	-1.0
967	-1.0	0.0	-1.0
968	0.0	2.0	1.0
969	-1.0	0.0	-1.0
970	-1.0	0.0	0.0
971	-1.0	0.0	0.0
972	-1.0	0.0	0.0
973	25.0	3.0	1.0
974	-1.0	0.0	0.0
975	15.0	2.0	1.0
976	-1.0	0.0	-1.0
977	28.0	2.0	1.0
978	0.0	2.0	1.0
979	11.0	3.0	1.0
980	17.0	3.0	1.0
981	0.0	2.0	1.0
982	18.0	2.0	1.0
983	0.0	2.0	1.0
984	0.0	2.0	1.0
985	0.0	2.0	1.0
986	19.0	3.0	1.0
987	0.0	2.0	1.0
988	0.0	2.0	1.0
989	0.0	2.0	1.0
990	-1.0	0.0	0.0
991	0.0	2.0	1.0
992	-1.0	0.0	-1.0
993	-1.0	0.0	0.0
994	27.0	2.0	1.0
995	-1.0	0.0	0.0
996	0.0	2.0	1.0
997	-1.0	0.0	-1.0
998	-1.0	0.0	0.0
999	-1.0	0.0	0.0
1000	-1.0	0.0	0.0
1001	-1.0	0.0	0.0
1002	-1.0	0.0	-1.0
1003	-1.0	0.0	0.0
1004	-1.0	0.0	-1.0
1005	24.0	2.0	1.0
1006	19.0	2.0	1.0
1007	-1.0	0.0	-1.0
1008	-1.0	0.0	0.0
1009	0.0	2.0	1.0
1010	0.0	2.0	1.0
1011	-1.0	0.0	0.0
1012	0.0	2.0	1.0
1013	-1.0	0.0	-1.0
1014	21.0	3.0	1.0
1015	25.0	2.0	1.0
1016	-1.0	0.0	-1.0
1017	28.0	3.0	1.0
1018	0.0	2.0	1.0
1019	-1.0	0.0	0.0
1020	8.0	2.0	1.0
1021	-1.0	0.0	0.0
1022	-1.0	0.0	-1.0
1023	-1.0	0.0	-1.0
1024	-1.0	0.0	-1.0
1025	0.0	2.0	1.0
1026	-1.0	0.0	-1.0
1027	-1.0	0.0	0.0
1028	-1.0	0.0	-1.0
1029	-1.0	0.0	0.0
1030	19.0	2.0	1.0
1031	-1.0	0.0	-1.0
1032	-1.0	0.0	-1.0
1033	-1.0	0.0	-1.0
1034	-1.0	0.0	0.0
1035	0.0	2.0	1.0
1036	-1.0	0.0	-1.0
1037	0.0	2.0	1.0
1038	-1.0	0.0	-1.0
1039	-1.0	0.0	-1.0
1040	-1.0	0.0	-1.0
1041	8.0	2.0	1.0
1042	-1.0	0.0	0.0
1043	17.0	3.0	1.0
1044	-1.0	0.0	-1.0
1045	17.0	3.0	1.0
1046	-1.0	0.0	-1.0
1047	28.0	3.0	1.0
1048	-1.0	0.0	-1.0
1049	-1.0	0.0	-1.0
1050	-1.0	0.0	-1.0
1051	-1.0	0.0	-1.0
1052	-1.0	0.0	0.0
1053	0.0	2.0	1.0
1054	22.0	2.0	1.0
1055	-1.0	0.0	-1.0
1056	-1.0	0.0	-1.0
1057	-1.0	0.0	0.0
1058	-1.0	0.0	0.0
1059	-1.0	0.0	-1.0
1060	-1.0	0.0	-1.0
1061	9.0	3.0	1.0
1062	-1.0	0.0	-1.0
1063	0.0	2.0	1.0
1064	12.0	2.0	1.0
1065	25.0	2.0	1.0
1066	0.0	2.0	1.0
1067	-1.0	0.0	-1.0
1068	-1.0	0.0	0.0
1069	-1.0	0.0	-1.0
1070	17.0	3.0	1.0
1071	-1.0	0.0	0.0
1072	-1.0	0.0	-1.0
1073	19.0	3.0	1.0
1074	-1.0	0.0	-1.0
1075	0.0	2.0	1.0
1076	25.0	3.0	1.0
1077	23.0	3.0	1.0
1078	-1.0	0.0	-1.0
1079	-1.0	0.0	-1.0
1080	17.0	3.0	1.0
1081	-1.0	0.0	0.0
1082	0.0	2.0	1.0
1083	25.0	2.0	1.0
1084	-1.0	0.0	0.0
1085	-1.0	0.0	0.0
1086	23.0	2.0	1.0
1087	-1.0	0.0	-1.0
1088	-1.0	0.0	-1.0
1089	-1.0	0.0	-1.0
1090	-1.0	0.0	-1.0
1091	23.0	2.0	1.0
1092	8.0	2.0	1.0
1093	-1.0	0.0	0.0
1094	28.0	2.0	1.0
1095	-1.0	0.0	-1.0
1096	-1.0	0.0	0.0
1097	-1.0	0.0	-1.0
1098	0.0	2.0	1.0
1099	-1.0	0.0	-1.0
1100	-1.0	0.0	-1.0
1101	-1.0	0.0	0.0
1102	-1.0	0.0	-1.0
1103	-1.0	0.0	-1.0
1104	9.0	2.0	1.0
1105	-1.0	0.0	0.0
1106	-1.0	0.0	-1.0
1107	23.0	2.0	1.0
1108	-1.0	0.0	-1.0
1109	-1.0	0.0	-1.0
1110	10.0	2.0	1.0
1111	18.0	2.0	1.0
1112	8.0	3.0	1.0
1113	10.0	2.0	1.0
1114	-1.0	0.0	-1.0
1115	0.0	2.0	1.0
1116	-1.0	0.0	-1.0
1117	-1.0	0.0	-1.0
1118	-1.0	0.0	0.0
1119	0.0	2.0	1.0
1120	0.0	2.0	1.0
1121	-1.0	0.0	0.0
1122	16.0	2.0	1.0
1123	-1.0	0.0	-1.0
1124	-1.0	0.0	-1.0
1125	-1.0	0.0	-1.0
1126	-1.0	0.0	-1.0
1127	17.0	3.0	1.0
1128	-1.0	0.0	-1.0
1129	-1.0	0.0	0.0
1130	16.0	2.0	1.0
1131	-1.0	0.0	-1.0
1132	-1.0	0.0	0.0
1133	-1.0	0.0	0.0
1134	-1.0	0.0	-1.0
1135	-1.0	0.0	0.0
1136	0.0	2.0	1.0
1137	-1.0	0.0	-1.0
1138	-1.0	0.0	-1.0
1139	9.0	2.0	1.0
1140	-1.0	0.0	-1.0
1141	-1.0	0.0	0.0
1142	-1.0	0.0	-1.0
1143	-1.0	0.0	-1.0
1144	-1.0	0.0	0.0
1145	23.0	2.0	1.0
1146	0.0	2.0	1.0
1147	-1.0	0.0	-1.0
1148	-1.0	0.0	-1.0
1149	23.0	2.0	1.0
1150	-1.0	0.0	-1.0
1151	25.0	3.0	1.0
1152	0.0	2.0	1.0
1153	26.0	2.0	1.0
1154	0.0	2.0	1.0
1155	-1.0	0.0	0.0
1156	-1.0	0.0	0.0
1157	-1.0	0.0	-1.0
1158	-1.0	0.0	0.0
1159	-1.0	0.0	-1.0
1160	-1.0	0.0	0.0
1161	-1.0	0.0	-1.0
1162	28.0	2.0	1.0
1163	-1.0	0.0	-1.0
1164	26.0	2.0	1.0
1165	-1.0	0.0	-1.0
1166	-1.0	0.0	-1.0
1167	-1.0	0.0	-1.0
1168	0.0	2.0	1.0
1169	12.0	3.0	1.0
1170	-1.0	0.0	0.0
1171	9.0	2.0	1.0
1172	-1.0	0.0	-1.0
1173	0.0	2.0	1.0
1174	19.0	2.0	1.0
1175	-1.0	0.0	-1.0
1176	-1.0	0.0	-1.0
1177	-1.0	0.0	0.0
1178	-1.0	0.0	-1.0
1179	26.0	2.0	1.0
1180	-1.0	0.0	-1.0
1181	27.0	3.0	1.0
1182	-1.0	0.0	0.0
1183	0.0	2.0	1.0
1184	-1.0	0.0	-1.0
1185	25.0	2.0	1.0
1186	-1.0	0.0	-1.0
1187	-1.0	0.0	0.0
1188	0.0	2.0	1.0
1189	-1.0	0.0	-1.0
1190	-1.0	0.0	-1.0
1191	8.0	2.0	1.0
1192	-1.0	0.0	0.0
1193	-1.0	0.0	0.0
1194	0.0	2.0	1.0
1195	0.0	2.0	1.0
1196	-1.0	0.0	-1.0
1197	-1.0	0.0	-1.0
1198	0.0	2.0	1.0
1199	15.0	3.0	1.0
1200	16.0	2.0	1.0
1201	14.0	3.0	1.0
1202	-1.0	0.0	0.0
1203	-1.0	0.0	-1.0
1204	0.0	2.0	1.0
1205	-1.0	0.0	0.0
1206	-1.0	0.0	-1.0
1207	-1.0	0.0	-1.0
1208	16.0	2.0	1.0
1209	-1.0	0.0	0.0
1210	23.0	2.0	1.0
1211	19.0	2.0	1.0
1212	-1.0	0.0	0.0
1213	25.0	3.0	1.0
1214	20.0	3.0	1.0
1215	8.0	2.0	1.0
1216	-1.0	0.0	-1.0
1217	28.0	2.0	1.0
1218	-1.0	0.0	-1.0
1219	-1.0	0.0	0.0
1220	-1.0	0.0	0.0
1221	23.0	2.0	1.0
1222	-1.0	0.0	-1.0
1223	-1.0	0.0	0.0
1224	21.0	3.0	1.0
1225	-1.0	0.0	-1.0
1226	-1.0	0.0	0.0
1227	-1.0	0.0	-1.0
1228	-1.0	0.0	-1.0
1229	-1.0	0.0	-1.0
1230	-1.0	0.0	-1.0
1231	18.0	2.0	1.0
1232	0.0	2.0	1.0
1233	-1.0	0.0	0.0
1234	18.0	2.0	1.0
1235	-1.0	0.0	-1.0
1236	-1.0	0.0	-1.0
1237	-1.0	0.0	-1.0
1238	-1.0	0.0	0.0
1239	-1.0	0.0	0.0
1240	-1.0	0.0	-1.0
1241	28.0	3.0	1.0
1242	-1.0	0.0	0.0
1243	-1.0	0.0	-1.0
1244	-1.0	0.0	0.0
1245	-1.0	0.0	-1.0
1246	-1.0	0.0	-1.0
1247	26.0	2.0	1.0
1248	17.0	2.0	1.0
1249	26.0	2.0	1.0
1250	-1.0	0.0	0.0
1251	9.0	2.0	1.0
1252	-1.0	0.0	0.0
1253	-1.0	0.0	0.0
1254	-1.0	0.0	0.0
1255	-1.0	0.0	-1.0
1256	-1.0	0.0	-1.0
1257	-1.0	0.0	-1.0
1258	-1.0	0.0	0.0
1259	-1.0	0.0	-1.0
1260	-1.0	0.0	-1.0
1261	0.0	2.0	1.0
1262	-1.0	0.0	-1.0
1263	-1.0	0.0	-1.0
1264	-1.0	0.0	-1.0
1265	13.0	2.0	1.0
1266	9.0	2.0	1.0
1267	11.0	3.0	1.0
1268	-1.0	0.0	-1.0
1269	-1.0	0.0	-1.0
1270	-1.0	0.0	-1.0
1271	-1.0	0.0	-1.0
1272	-1.0	0.0	-1.0
1273	0.0	2.0	1.0
1274	-1.0	0.0	0.0
1275	-1.0	0.0	-1.0
1276	19.0	3.0	1.0
1277	-1.0	0.0	-1.0
1278	-1.0	0.0	0.0
1279	-1.0	0.0	-1.0
1280	-1.0	0.0	-1.0
1281	12.0	3.0	1.0
1282	-1.0	0.0	-1.0
1283	-1.0	0.0	0.0
1284	15.0	2.0	1.0
1285	27.0	2.0	1.0
1286	-1.0	0.0	0.0
1287	-1.0	0.0	-1.0
1288	17.0	2.0	1.0
1289	0.0	2.0	1.0
1290	17.0	3.0	1.0
1291	-1.0	0.0	0.0
1292	-1.0	0.0	-1.0
1293	-1.0	0.0	-1.0
1294	0.0	2.0	1.0
1295	0.0	2.0	1.0
1296	-1.0	0.0	0.0
1297	20.0	2.0	1.0
1298	21.0	3.0	1.0
1299	-1.0	0.0	-1.0
1300	-1.0	0.0	-1.0
1301	-1.0	0.0	-1.0
1302	-1.0	0.0	-1.0
1303	-1.0	0.0	0.0
1304	-1.0	0.0	-1.0
1305	-1.0	0.0	-1.0
1306	-1.0	0.0	-1.0
1307	12.0	2.0	1.0
1308	15.0	2.0	1.0
1309	19.0	2.0	1.0
1310	-1.0	0.0	-1.0
1311	-1.0	0.0	-1.0
1312	0.0	2.0	1.0
1313	-1.0	0.0	0.0
1314	17.0	2.0	1.0
1315	24.0	3.0	1.0
1316	14.0	2.0	1.0
1317	-1.0	0.0	0.0
1318	-1.0	0.0	-1.0
1319	-1.0	0.0	0.0
1320	-1.0	0.0	-1.0
1321	0.0	2.0	1.0
1322	-1.0	0.0	0.0
1323	0.0	2.0	1.0
1324	0.0	2.0	1.0
1325	-1.0	0.0	0.0
1326	-1.0	0.0	0.0
1327	-1.0	0.0	-1.0
1328	0.0	2.0	1.0
1329	19.0	2.0	1.0
1330	-1.0	0.0	-1.0
1331	-1.0	0.0	0.0
1332	22.0	2.0	1.0
1333	-1.0	0.0	0.0
1334	-1.0	0.0	0.0
1335	0.0	2.0	1.0
1336	25.0	3.0	1.0
1337	-1.0	0.0	-1.0
1338	-1.0	0.0	0.0
1339	-1.0	0.0	-1.0
1340	-1.0	0.0	0.0
1341	-1.0	0.0	-1.0
1342	-1.0	0.0	-1.0
1343	-1.0	0.0	-1.0
1344	-1.0	0.0	0.0
1345	-1.0	0.0	-1.0
1346	-1.0	0.0	-1.0
1347	17.0	2.0	1.0
1348	-1.0	0.0	-1.0
1349	-1.0	0.0	0.0
1350	-1.0	0.0	-1.0
1351	23.0	3.0	1.0
1352	-1.0	0.0	0.0
1353	9.0	3.0	1.0
1354	23.0	2.0	1.0
1355	27.0	2.0	1.0
1356	-1.0	0.0	-1.0
1357	-1.0	0.0	0.0
1358	-1.0	0.0	-1.0
1359	-1.0	0.0	-1.0
1360	-1.0	0.0	0.0
1361	-1.0	0.0	-1.0
1362	-1.0	0.0	0.0
1363	-1.0	0.0	-1.0
1364	-1.0	0.0	0.0
1365	-1.0	0.0	0.0
1366	-1.0	0.0	0.0
1367	-1.0	0.0	-1.0
1368	25.0	2.0	1.0
1369	-1.0	0.0	0.0
1370	0.0	2.0	1.0
1371	19.0	3.0	1.0
1372	0.0	2.0	1.0
1373	17.0	2.0	1.0
1374	-1.0	0.0	-1.0
1375	-1.0	0.0	-1.0
1376	23.0	2.0	1.0
1377	-1.0	0.0	0.0
1378	-1.0	0.0	-1.0
1379	28.0	3.0	1.0
1380	0.0	2.0	1.0
1381	0.0	2.0	1.0
1382	-1.0	0.0	0.0
1383	-1.0	0.0	-1.0
1384	-1.0	0.0	0.0
1385	-1.0	0.0	-1.0
1386	15.0	2.0	1.0
1387	-1.0	0.0	-1.0
1388	-1.0	0.0	-1.0
1389	0.0	2.0	1.0
1390	-1.0	0.0	-1.0
1391	0.0	2.0	1.0
1392	-1.0	0.0	0.0
1393	-1.0	0.0	0.0
1394	-1.0	0.0	0.0
1395	-1.0	0.0	-1.0
1396	-1.0	0.0	-1.0
1397	-1.0	0.0	-1.0
1398	-1.0	0.0	-1.0
1399	-1.0	0.0	-1.0
1400	-1.0	0.0	-1.0
1401	-1.0	0.0	-1.0
1402	-1.0	0.0	-1.0
1403	-1.0	0.0	-1.0
1404	-1.0	0.0	0.0
1405	9.0	2.0	1.0
1406	-1.0	0.0	-1.0
1407	-1.0	0.0	-1.0
1408	-1.0	0.0	0.0
1409	-1.0	0.0	0.0
1410	28.0	2.0	1.0
1411	-1.0	0.0	-1.0
1412	-1.0	0.0	0.0
1413	22.0	2.0	1.0
1414	-1.0	0.0	0.0
1415	-1.0	0.0	-1.0
1416	-1.0	0.0	-1.0
1417	11.0	2.0	1.0
1418	0.0	2.0	1.0
1419	-1.0	0.0	-1.0
1420	17.0	2.0	1.0
1421	28.0	2.0	1.0
1422	-1.0	0.0	-1.0
1423	-1.0	0.0	-1.0
1424	-1.0	0.0	-1.0
1425	-1.0	0.0	-1.0
1426	-1.0	0.0	-1.0
1427	-1.0	0.0	0.0
1428	-1.0	0.0	0.0
1429	-1.0	0.0	-1.0
1430	-1.0	0.0	0.0
1431	21.0	2.0	1.0
1432	-1.0	0.0	0.0
1433	0.0	2.0	1.0
1434	-1.0	0.0	-1.0
1435	-1.0	0.0	-1.0
1436	-1.0	0.0	-1.0
1437	-1.0	0.0	-1.0
1438	-1.0	0.0	0.0
1439	-1.0	0.0	-1.0
1440	-1.0	0.0	-1.0
1441	-1.0	0.0	-1.0
1442	15.0	2.0	1.0
1443	-1.0	0.0	-1.0
1444	-1.0	0.0	0.0
1445	-1.0	0.0	-1.0
1446	-1.0	0.0	0.0
1447	9.0	3.0	1.0
1448	-1.0	0.0	-1.0
1449	-1.0	0.0	-1.0
1450	14.0	2.0	1.0
1451	-1.0	0.0	-1.0
1452	-1.0	0.0	0.0
1453	-1.0	0.0	0.0
1454	-1.0	0.0	-1.0
1455	-1.0	0.0	-1.0
1456	-1.0	0.0	-1.0
1457	0.0	2.0	1.0
1458	0.0	2.0	1.0
1459	-1.0	0.0	-1.0
1460	10.0	2.0	1.0
1461	26.0	2.0	1.0
1462	-1.0	0.0	-1.0
1463	28.0	2.0	1.0
1464	0.0	2.0	1.0
1465	-1.0	0.0	-1.0
1466	-1.0	0.0	0.0
1467	24.0	2.0	1.0
1468	-1.0	0.0	0.0
1469	-1.0	0.0	0.0
1470	18.0	2.0	1.0
1471	-1.0	0.0	0.0
1472	-1.0	0.0	-1.0
1473	-1.0	0.0	0.0
1474	-1.0	0.0	-1.0
1475	-1.0	0.0	-1.0
1476	-1.0	0.0	0.0
1477	-1.0	0.0	0.0
1478	15.0	2.0	1.0
1479	17.0	2.0	1.0
1480	12.0	3.0	1.0
1481	-1.0	0.0	-1.0
1482	-1.0	0.0	0.0
1483	-1.0	0.0	-1.0
1484	11.0	2.0	1.0
1485	-1.0	0.0	-1.0
1486	0.0	2.0	1.0
1487	-1.0	0.0	-1.0
1488	23.0	2.0	1.0
1489	-1.0	0.0	-1.0
1490	0.0	2.0	1.0
1491	-1.0	0.0	0.0
1492	-1.0	0.0	0.0
1493	-1.0	0.0	0.0
1494	-1.0	0.0	-1.0
1495	-1.0	0.0	-1.0
1496	-1.0	0.0	-1.0
1497	-1.0	0.0	-1.0
1498	19.0	2.0	1.0
1499	0.0	2.0	1.0
1500	-1.0	0.0	0.0
1501	-1.0	0.0	0.0
1502	-1.0	0.0	0.0
1503	11.0	2.0	1.0
1504	-1.0	0.0	0.0
1505	-1.0	0.0	-1.0
1506	-1.0	0.0	-1.0
1507	18.0	2.0	1.0
1508	18.0	2.0	1.0
1509	27.0	2.0	1.0
1510	-1.0	0.0	0.0
1511	-1.0	0.0	0.0
1512	-1.0	0.0	0.0
1513	16.0	2.0	1.0
1514	-1.0	0.0	0.0
1515	-1.0	0.0	0.0
1516	0.0	2.0	1.0
1517	-1.0	0.0	0.0
1518	0.0	2.0	1.0
1519	-1.0	0.0	0.0
1520	-1.0	0.0	-1.0
1521	-1.0	0.0	-1.0
1522	-1.0	0.0	-1.0
1523	-1.0	0.0	-1.0
1524	18.0	2.0	1.0
1525	-1.0	0.0	-1.0
1526	-1.0	0.0	0.0
1527	-1.0	0.0	0.0
1528	-1.0	0.0	0.0
1529	0.0	2.0	1.0
1530	-1.0	0.0	-1.0
1531	-1.0	0.0	0.0
1532	-1.0	0.0	-1.0
1533	-1.0	0.0	0.0
1534	-1.0	0.0	0.0
1535	19.0	3.0	1.0
1536	18.0	2.0	1.0
1537	-1.0	0.0	-1.0
1538	-1.0	0.0	0.0
1539	-1.0	0.0	-1.0
1540	-1.0	0.0	-1.0
1541	-1.0	0.0	-1.0
1542	-1.0	0.0	-1.0
1543	-1.0	0.0	-1.0
1544	-1.0	0.0	-1.0
1545	23.0	2.0	1.0
1546	-1.0	0.0	-1.0
1547	-1.0	0.0	-1.0
1548	-1.0	0.0	-1.0
1549	-1.0	0.0	-1.0
1550	-1.0	0.0	-1.0
1551	-1.0	0.0	0.0
1552	-1.0	0.0	0.0
1553	-1.0	0.0	-1.0
1554	9.0	2.0	1.0
1555	-1.0	0.0	-1.0
1556	-1.0	0.0	0.0
1557	-1.0	0.0	0.0
1558	-1.0	0.0	-1.0
1559	-1.0	0.0	-1.0
1560	-1.0	0.0	-1.0
1561	-1.0	0.0	-1.0
1562	-1.0	0.0	-1.0
1563	28.0	3.0	1.0
1564	-1.0	0.0	-1.0
1565	-1.0	0.0	0.0
1566	0.0	2.0	1.0
1567	-1.0	0.0	0.0
1568	-1.0	0.0	0.0
1569	-1.0	0.0	0.0
1570	19.0	3.0	1.0
1571	-1.0	0.0	-1.0
1572	-1.0	0.0	-1.0
1573	21.0	2.0	1.0
1574	-1.0	0.0	0.0
1575	-1.0	0.0	-1.0
1576	-1.0	0.0	-1.0
1577	-1.0	0.0	-1.0
1578	17.0	2.0	1.0
1579	-1.0	0.0	0.0
1580	-1.0	0.0	-1.0
1581	-1.0	0.0	-1.0
1582	-1.0	0.0	0.0
1583	-1.0	0.0	-1.0
1584	20.0	2.0	1.0
1585	-1.0	0.0	-1.0
1586	-1.0	0.0	-1.0
1587	0.0	2.0	1.0
1588	-1.0	0.0	-1.0
1589	0.0	2.0	1.0
1590	-1.0	0.0	0.0
1591	13.0	3.0	1.0
1592	-1.0	0.0	0.0
1593	-1.0	0.0	-1.0
1594	-1.0	0.0	-1.0
1595	-1.0	0.0	-1.0
1596	0.0	2.0	1.0
1597	-1.0	0.0	-1.0
1598	22.0	2.0	1.0
1599	18.0	3.0	1.0
1600	-1.0	0.0	-1.0
1601	-1.0	0.0	-1.0
1602	11.0	2.0	1.0
1603	-1.0	0.0	-1.0
1604	-1.0	0.0	-1.0
1605	-1.0	0.0	-1.0
1606	-1.0	0.0	-1.0
1607	-1.0	0.0	-1.0
1608	-1.0	0.0	0.0
1609	-1.0	0.0	-1.0
1610	0.0	2.0	1.0
1611	15.0	3.0	1.0
1612	-1.0	0.0	0.0
1613	12.0	3.0	1.0
1614	-1.0	0.0	0.0
1615	-1.0	0.0	0.0
1616	0.0	2.0	1.0
1617	-1.0	0.0	0.0
1618	-1.0	0.0	0.0
1619	-1.0	0.0	-1.0
1620	-1.0	0.0	-1.0
1621	-1.0	0.0	0.0
1622	-1.0	0.0	-1.0
1623	28.0	2.0	1.0
1624	0.0	2.0	1.0
1625	-1.0	0.0	0.0
1626	-1.0	0.0	0.0
1627	-1.0	0.0	0.0
1628	22.0	2.0	1.0
1629	-1.0	0.0	-1.0
1630	0.0	2.0	1.0
1631	-1.0	0.0	0.0
1632	-1.0	0.0	-1.0
1633	0.0	2.0	1.0
1634	0.0	2.0	1.0
1635	-1.0	0.0	-1.0
1636	-1.0	0.0	0.0
1637	-1.0	0.0	0.0
1638	-1.0	0.0	-1.0
1639	0.0	2.0	1.0
1640	-1.0	0.0	-1.0
1641	-1.0	0.0	-1.0
1642	-1.0	0.0	-1.0
1643	-1.0	0.0	-1.0
1644	-1.0	0.0	0.0
1645	-1.0	0.0	-1.0
1646	-1.0	0.0	-1.0
1647	-1.0	0.0	-1.0
1648	-1.0	0.0	0.0
1649	-1.0	0.0	-1.0
1650	0.0	2.0	1.0
1651	-1.0	0.0	0.0
1652	-1.0	0.0	-1.0
1653	26.0	2.0	1.0
1654	8.0	2.0	1.0
1655	-1.0	0.0	-1.0
1656	16.0	2.0	1.0
1657	19.0	2.0	1.0
1658	-1.0	0.0	-1.0
1659	0.0	2.0	1.0
1660	-1.0	0.0	0.0
1661	-1.0	0.0	-1.0
1662	-1.0	0.0	-1.0
1663	-1.0	0.0	0.0
1664	-1.0	0.0	-1.0
1665	-1.0	0.0	0.0
1666	-1.0	0.0	-1.0
1667	-1.0	0.0	-1.0
1668	-1.0	0.0	-1.0
1669	-1.0	0.0	-1.0
1670	-1.0	0.0	0.0
1671	-1.0	0.0	-1.0
1672	0.0	2.0	1.0
1673	25.0	2.0	1.0
1674	-1.0	0.0	0.0
1675	25.0	2.0	1.0
1676	-1.0	0.0	0.0
1677	-1.0	0.0	0.0
1678	-1.0	0.0	-1.0
1679	-1.0	0.0	0.0
1680	12.0	3.0	1.0
1681	0.0	2.0	1.0
1682	-1.0	0.0	-1.0
1683	0.0	2.0	1.0
1684	-1.0	0.0	0.0
1685	-1.0	0.0	0.0
1686	-1.0	0.0	-1.0
1687	9.0	2.0	1.0
1688	16.0	2.0	1.0
1689	-1.0	0.0	0.0
1690	-1.0	0.0	0.0
1691	-1.0	0.0	0.0
1692	-1.0	0.0	-1.0
1693	-1.0	0.0	-1.0
1694	-1.0	0.0	0.0
1695	-1.0	0.0	0.0
1696	0.0	2.0	1.0
1697	0.0	2.0	1.0
1698	-1.0	0.0	-1.0
1699	-1.0	0.0	-1.0
1700	-1.0	0.0	-1.0
1701	-1.0	0.0	-1.0
1702	-1.0	0.0	-1.0
1703	-1.0	0.0	-1.0
1704	-1.0	0.0	-1.0
1705	23.0	2.0	1.0
1706	-1.0	0.0	0.0
1707	-1.0	0.0	-1.0
1708	11.0	2.0	1.0
1709	0.0	2.0	1.0
1710	-1.0	0.0	-1.0
1711	-1.0	0.0	0.0
1712	-1.0	0.0	-1.0
1713	-1.0	0.0	-1.0
1714	-1.0	0.0	0.0
1715	-1.0	0.0	0.0
1716	-1.0	0.0	0.0
1717	-1.0	0.0	-1.0
1718	-1.0	0.0	-1.0
1719	12.0	3.0	1.0
1720	-1.0	0.0	-1.0
1721	-1.0	0.0	0.0
1722	-1.0	0.0	-1.0
1723	-1.0	0.0	-1.0
1724	-1.0	0.0	-1.0
1725	-1.0	0.0	-1.0
1726	0.0	2.0	1.0
1727	-1.0	0.0	0.0
1728	21.0	2.0	1.0
1729	-1.0	0.0	-1.0
1730	0.0	2.0	1.0
1731	-1.0	0.0	-1.0
1732	-1.0	0.0	0.0
1733	25.0	2.0	1.0
1734	-1.0	0.0	-1.0
1735	18.0	2.0	1.0
1736	-1.0	0.0	-1.0
1737	-1.0	0.0	-1.0
1738	-1.0	0.0	0.0
1739	-1.0	0.0	0.0
1740	-1.0	0.0	-1.0
1741	-1.0	0.0	0.0
1742	-1.0	0.0	-1.0
1743	-1.0	0.0	-1.0
1744	-1.0	0.0	0.0
1745	0.0	2.0	1.0
1746	-1.0	0.0	-1.0
1747	-1.0	0.0	-1.0
1748	0.0	2.0	1.0
1749	-1.0	0.0	-1.0
1750	-1.0	0.0	-1.0
1751	-1.0	0.0	0.0
1752	-1.0	0.0	-1.0
1753	-1.0	0.0	-1.0
1754	0.0	2.0	1.0
1755	0.0	2.0	1.0
1756	-1.0	0.0	-1.0
1757	-1.0	0.0	-1.0
1758	23.0	2.0	1.0
1759	0.0	2.0	1.0
1760	0.0	2.0	1.0
1761	0.0	2.0	1.0
1762	0.0	2.0	1.0
1763	-1.0	0.0	-1.0
1764	-1.0	0.0	0.0
1765	-1.0	0.0	-1.0
1766	-1.0	0.0	0.0
1767	-1.0	0.0	0.0
1768	25.0	3.0	1.0
1769	-1.0	0.0	-1.0
1770	-1.0	0.0	0.0
1771	0.0	2.0	1.0
1772	24.0	2.0	1.0
1773	-1.0	0.0	0.0
1774	-1.0	0.0	-1.0
1775	-1.0	0.0	0.0
1776	-1.0	0.0	0.0
1777	-1.0	0.0	-1.0
1778	-1.0	0.0	-1.0
1779	0.0	2.0	1.0
1780	13.0	3.0	1.0
1781	-1.0	0.0	-1.0
1782	-1.0	0.0	-1.0
1783	-1.0	0.0	-1.0
1784	-1.0	0.0	0.0
1785	-1.0	0.0	-1.0
1786	0.0	2.0	1.0
1787	0.0	2.0	1.0
1788	0.0	2.0	1.0
1789	-1.0	0.0	-1.0
1790	-1.0	0.0	-1.0
1791	-1.0	0.0	-1.0
1792	-1.0	0.0	-1.0
1793	-1.0	0.0	-1.0
1794	-1.0	0.0	0.0
1795	27.0	3.0	1.0
1796	-1.0	0.0	-1.0
1797	25.0	2.0	1.0
1798	-1.0	0.0	-1.0
1799	-1.0	0.0	0.0
1800	-1.0	0.0	-1.0
1801	-1.0	0.0	-1.0
1802	-1.0	0.0	0.0
1803	-1.0	0.0	0.0
1804	-1.0	0.0	-1.0
1805	-1.0	0.0	-1.0
1806	-1.0	0.0	0.0
1807	-1.0	0.0	-1.0
1808	-1.0	0.0	-1.0
1809	-1.0	0.0	-1.0
1810	-1.0	0.0	-1.0
1811	-1.0	0.0	0.0
1812	-1.0	0.0	-1.0
1813	-1.0	0.0	-1.0
1814	18.0	2.0	1.0
1815	-1.0	0.0	0.0
1816	-1.0	0.0	-1.0
1817	0.0	2.0	1.0
1818	-1.0	0.0	0.0
1819	-1.0	0.0	-1.0
1820	-1.0	0.0	-1.0
1821	-1.0	0.0	-1.0
1822	-1.0	0.0	0.0
1823	-1.0	0.0	-1.0
1824	15.0	2.0	1.0
1825	-1.0	0.0	-1.0
1826	-1.0	0.0	-1.0
1827	18.0	2.0	1.0
1828	-1.0	0.0	0.0
1829	25.0	2.0	1.0
1830	-1.0	0.0	-1.0
1831	0.0	2.0	1.0
1832	16.0	2.0	1.0
1833	20.0	2.0	1.0
1834	18.0	2.0	1.0
1835	-1.0	0.0	-1.0
1836	-1.0	0.0	0.0
1837	13.0	2.0	1.0
1838	0.0	2.0	1.0
1839	-1.0	0.0	0.0
1840	-1.0	0.0	-1.0
1841	0.0	2.0	1.0
1842	-1.0	0.0	0.0
1843	0.0	2.0	1.0
1844	-1.0	0.0	0.0
1845	-1.0	0.0	-1.0
1846	21.0	2.0	1.0
1847	-1.0	0.0	-1.0
1848	10.0	2.0	1.0
1849	-1.0	0.0	0.0
1850	-1.0	0.0	-1.0
1851	11.0	3.0	1.0
1852	-1.0	0.0	-1.0
1853	-1.0	0.0	0.0
1854	27.0	3.0	1.0
1855	0.0	2.0	1.0
1856	0.0	2.0	1.0
1857	-1.0	0.0	-1.0
1858	-1.0	0.0	-1.0
1859	-1.0	0.0	-1.0
1860	9.0	2.0	1.0
1861	-1.0	0.0	0.0
1862	-1.0	0.0	-1.0
1863	-1.0	0.0	0.0
1864	11.0	2.0	1.0
1865	-1.0	0.0	-1.0
1866	-1.0	0.0	-1.0
1867	-1.0	0.0	0.0
1868	0.0	2.0	1.0
1869	-1.0	0.0	-1.0
1870	-1.0	0.0	0.0
1871	9.0	2.0	1.0
1872	-1.0	0.0	-1.0
1873	-1.0	0.0	-1.0
1874	-1.0	0.0	-1.0
1875	-1.0	0.0	-1.0
1876	-1.0	0.0	-1.0
1877	-1.0	0.0	-1.0
1878	-1.0	0.0	0.0
1879	0.0	2.0	1.0
1880	0.0	2.0	1.0
1881	-1.0	0.0	0.0
1882	0.0	2.0	1.0
1883	-1.0	0.0	-1.0
1884	-1.0	0.0	-1.0
1885	-1.0	0.0	-1.0
1886	-1.0	0.0	0.0
1887	-1.0	0.0	-1.0
1888	-1.0	0.0	-1.0
1889	-1.0	0.0	-1.0
1890	-1.0	0.0	0.0
1891	0.0	2.0	1.0
1892	-1.0	0.0	-1.0
1893	-1.0	0.0	0.0
1894	13.0	3.0	1.0
1895	-1.0	0.0	0.0
1896	0.0	2.0	1.0
1897	-1.0	0.0	-1.0
1898	-1.0	0.0	-1.0
1899	-1.0	0.0	-1.0
1900	-1.0	0.0	-1.0
1901	16.0	2.0	1.0
1902	0.0	2.0	1.0
1903	-1.0	0.0	0.0
1904	-1.0	0.0	-1.0
1905	19.0	3.0	1.0
1906	8.0	2.0	1.0
1907	-1.0	0.0	0.0
1908	-1.0	0.0	0.0
1909	-1.0	0.0	-1.0
1910	0.0	2.0	1.0
1911	-1.0	0.0	-1.0
1912	-1.0	0.0	-1.0
1913	0.0	2.0	1.0
1914	-1.0	0.0	-1.0
1915	-1.0	0.0	-1.0
1916	-1.0	0.0	-1.0
1917	-1.0	0.0	-1.0
1918	17.0	2.0	1.0
1919	-1.0	0.0	-1.0
1920	-1.0	0.0	-1.0
1921	-1.0	0.0	0.0
1922	-1.0	0.0	-1.0
1923	22.0	2.0	1.0
1924	-1.0	0.0	-1.0
1925	-1.0	0.0	0.0
1926	-1.0	0.0	-1.0
1927	20.0	3.0	1.0
1928	-1.0	0.0	-1.0
1929	0.0	2.0	1.0
1930	-1.0	0.0	-1.0
1931	-1.0	0.0	-1.0
1932	-1.0	0.0	-1.0
1933	-1.0	0.0	0.0
1934	27.0	2.0	1.0
1935	-1.0	0.0	-1.0
1936	13.0	3.0	1.0
1937	-1.0	0.0	0.0
1938	-1.0	0.0	0.0
1939	-1.0	0.0	-1.0
1940	19.0	2.0	1.0
1941	-1.0	0.0	-1.0
1942	23.0	2.0	1.0
1943	0.0	2.0	1.0
1944	12.0	2.0	1.0
1945	0.0	2.0	1.0
1946	-1.0	0.0	0.0
1947	-1.0	0.0	-1.0
1948	-1.0	0.0	-1.0
1949	20.0	2.0	1.0
1950	14.0	2.0	1.0
1951	-1.0	0.0	-1.0
1952	-1.0	0.0	0.0
1953	-1.0	0.0	-1.0
1954	-1.0	0.0	0.0
1955	14.0	2.0	1.0
1956	0.0	2.0	1.0
1957	0.0	2.0	1.0
1958	-1.0	0.0	-1.0
1959	-1.0	0.0	-1.0
1960	-1.0	0.0	-1.0
1961	25.0	2.0	1.0
1962	-1.0	0.0	-1.0
1963	-1.0	0.0	0.0
1964	-1.0	0.0	-1.0
1965	27.0	2.0	1.0
1966	-1.0	0.0	0.0
1967	-1.0	0.0	-1.0
1968	-1.0	0.0	-1.0
1969	-1.0	0.0	-1.0
1970	-1.0	0.0	0.0
1971	-1.0	0.0	0.0
1972	-1.0	0.0	0.0
1973	-1.0	0.0	-1.0
1974	0.0	2.0	1.0
1975	-1.0	0.0	0.0
1976	9.0	2.0	1.0
1977	-1.0	0.0	0.0
1978	-1.0	0.0	0.0
1979	-1.0	0.0	0.0
1980	-1.0	0.0	-1.0
1981	-1.0	0.0	0.0
1982	-1.0	0.0	0.0
1983	-1.0	0.0	0.0
1984	-1.0	0.0	0.0
1985	0.0	2.0	1.0
1986	-1.0	0.0	-1.0
1987	-1.0	0.0	-1.0
1988	-1.0	0.0	-1.0
1989	-1.0	0.0	0.0
1990	0.0	2.0	1.0
1991	-1.0	0.0	-1.0
1992	0.0	2.0	1.0
1993	0.0	2.0	1.0
1994	-1.0	0.0	-1.0
1995	0.0	2.0	1.0
1996	0.0	2.0	1.0
1997	8.0	3.0	1.0
1998	-1.0	0.0	0.0
1999	-1.0	0.0	-1.0
2000	-1.0	0.0	0.0
2001	-1.0	0.0	-1.0
2002	-1.0	0.0	0.0
2003	-1.0	0.0	-1.0
2004	24.0	2.0	1.0
2005	0.0	2.0	1.0
2006	0.0	2.0	1.0
2007	-1.0	0.0	-1.0
2008	0.0	2.0	1.0
2009	0.0	2.0	1.0
2010	-1.0	0.0	-1.0
2011	-1.0	0.0	0.0
2012	21.0	2.0	1.0
2013	-1.0	0.0	-1.0
2014	26.0	2.0	1.0
2015	-1.0	0.0	-1.0
2016	-1.0	0.0	-1.0
2017	0.0	2.0	1.0
2018	-1.0	0.0	0.0
2019	21.0	2.0	1.0
2020	-1.0	0.0	-1.0
2021	-1.0	0.0	-1.0
2022	-1.0	0.0	-1.0
2023	0.0	2.0	1.0
2024	-1.0	0.0	0.0
2025	0.0	2.0	1.0
2026	-1.0	0.0	-1.0
2027	-1.0	0.0	0.0
2028	-1.0	0.0	-1.0
2029	27.0	2.0	1.0
2030	-1.0	0.0	-1.0
2031	-1.0	0.0	0.0
2032	-1.0	0.0	-1.0
2033	-1.0	0.0	0.0
2034	-1.0	0.0	-1.0
2035	-1.0	0.0	0.0
2036	-1.0	0.0	-1.0
2037	26.0	2.0	1.0
2038	0.0	2.0	1.0
2039	-1.0	0.0	-1.0
2040	-1.0	0.0	-1.0
2041	-1.0	0.0	-1.0
2042	-1.0	0.0	0.0
2043	-1.0	0.0	-1.0
2044	-1.0	0.0	-1.0
2045	-1.0	0.0	-1.0
2046	-1.0	0.0	-1.0
2047	-1.0	0.0	0.0
2048	-1.0	0.0	-1.0
2049	-1.0	0.0	0.0
2050	-1.0	0.0	-1.0
2051	-1.0	0.0	-1.0
2052	-1.0	0.0	0.0
2053	-1.0	0.0	-1.0
2054	-1.0	0.0	0.0
2055	-1.0	0.0	0.0
2056	0.0	2.0	1.0
2057	-1.0	0.0	-1.0
2058	-1.0	0.0	-1.0
2059	0.0	2.0	1.0
2060	14.0	2.0	1.0
2061	-1.0	0.0	-1.0
2062	-1.0	0.0	-1.0
2063	-1.0	0.0	0.0
2064	28.0	2.0	1.0
2065	-1.0	0.0	0.0
2066	-1.0	0.0	-1.0
2067	-1.0	0.0	0.0
2068	-1.0	0.0	-1.0
2069	0.0	2.0	1.0
2070	-1.0	0.0	-1.0
2071	-1.0	0.0	0.0
2072	-1.0	0.0	-1.0
2073	-1.0	0.0	-1.0
2074	-1.0	0.0	-1.0
2075	-1.0	0.0	-1.0
2076	21.0	3.0	1.0
2077	-1.0	0.0	-1.0
2078	-1.0	0.0	-1.0
2079	-1.0	0.0	0.0
2080	-1.0	0.0	0.0
2081	-1.0	0.0	-1.0
2082	-1.0	0.0	0.0
2083	-1.0	0.0	-1.0
2084	-1.0	0.0	-1.0
2085	-1.0	0.0	-1.0
2086	-1.0	0.0	0.0
2087	-1.0	0.0	-1.0
2088	-1.0	0.0	0.0
2089	-1.0	0.0	0.0
2090	-1.0	0.0	-1.0
2091	-1.0	0.0	0.0
2092	15.0	2.0	1.0
2093	-1.0	0.0	-1.0
2094	0.0	2.0	1.0
2095	-1.0	0.0	0.0
2096	-1.0	0.0	-1.0
2097	-1.0	0.0	-1.0
2098	-1.0	0.0	-1.0
2099	-1.0	0.0	0.0
2100	-1.0	0.0	-1.0
2101	0.0	2.0	1.0
2102	9.0	2.0	1.0
2103	-1.0	0.0	-1.0
2104	-1.0	0.0	0.0
2105	-1.0	0.0	-1.0
2106	0.0	2.0	1.0
2107	0.0	2.0	1.0
2108	-1.0	0.0	0.0
2109	-1.0	0.0	0.0
2110	10.0	2.0	1.0
2111	0.0	2.0	1.0
2112	-1.0	0.0	0.0
2113	-1.0	0.0	-1.0
2114	-1.0	0.0	-1.0
2115	0.0	2.0	1.0
2116	-1.0	0.0	0.0
2117	0.0	2.0	1.0
2118	-1.0	0.0	-1.0
2119	22.0	2.0	1.0
2120	-1.0	0.0	-1.0
2121	-1.0	0.0	0.0
2122	-1.0	0.0	-1.0
2123	-1.0	0.0	-1.0
2124	-1.0	0.0	0.0
2125	-1.0	0.0	-1.0
2126	-1.0	0.0	-1.0
2127	-1.0	0.0	-1.0
2128	-1.0	0.0	0.0
2129	-1.0	0.0	-1.0
2130	-1.0	0.0	0.0
2131	-1.0	0.0	-1.0
2132	-1.0	0.0	0.0
2133	-1.0	0.0	-1.0
2134	-1.0	0.0	-1.0
2135	-1.0	0.0	0.0
2136	-1.0	0.0	0.0
2137	8.0	2.0	1.0
2138	-1.0	0.0	0.0
2139	-1.0	0.0	-1.0
2140	-1.0	0.0	-1.0
2141	-1.0	0.0	0.0
2142	-1.0	0.0	0.0
2143	0.0	2.0	1.0
2144	11.0	2.0	1.0
2145	-1.0	0.0	0.0
2146	-1.0	0.0	0.0
2147	-1.0	0.0	-1.0
2148	-1.0	0.0	0.0
2149	-1.0	0.0	0.0
2150	-1.0	0.0	0.0
2151	-1.0	0.0	-1.0
2152	21.0	2.0	1.0
2153	14.0	2.0	1.0
2154	13.0	2.0	1.0
2155	-1.0	0.0	-1.0
2156	-1.0	0.0	-1.0
2157	-1.0	0.0	-1.0
2158	19.0	2.0	1.0
2159	0.0	2.0	1.0
2160	-1.0	0.0	0.0
2161	-1.0	0.0	-1.0
2162	-1.0	0.0	0.0
2163	-1.0	0.0	-1.0
2164	-1.0	0.0	0.0
2165	-1.0	0.0	0.0
2166	-1.0	0.0	-1.0
2167	-1.0	0.0	-1.0
2168	-1.0	0.0	-1.0
2169	-1.0	0.0	0.0
2170	0.0	2.0	1.0
2171	-1.0	0.0	-1.0
2172	-1.0	0.0	0.0
2173	-1.0	0.0	-1.0
2174	-1.0	0.0	0.0
2175	-1.0	0.0	-1.0
2176	-1.0	0.0	0.0
2177	-1.0	0.0	-1.0
2178	-1.0	0.0	-1.0
2179	-1.0	0.0	0.0
2180	20.0	2.0	1.0
2181	16.0	2.0	1.0
2182	-1.0	0.0	0.0
2183	17.0	2.0	1.0
2184	-1.0	0.0	-1.0
2185	-1.0	0.0	0.0
2186	-1.0	0.0	-1.0
2187	-1.0	0.0	-1.0
2188	-1.0	0.0	-1.0
2189	-1.0	0.0	-1.0
2190	-1.0	0.0	-1.0
2191	-1.0	0.0	-1.0
2192	-1.0	0.0	-1.0
2193	-1.0	0.0	-1.0
2194	-1.0	0.0	-1.0
2195	-1.0	0.0	0.0
2196	-1.0	0.0	-1.0
2197	28.0	2.0	1.0
2198	-1.0	0.0	-1.0
2199	-1.0	0.0	-1.0
2200	-1.0	0.0	0.0
2201	-1.0	0.0	-1.0
2202	-1.0	0.0	-1.0
2203	-1.0	0.0	0.0
2204	0.0	2.0	1.0
2205	-1.0	0.0	0.0
2206	-1.0	0.0	-1.0
2207	-1.0	0.0	-1.0
2208	13.0	2.0	1.0
2209	24.0	2.0	1.0
2210	-1.0	0.0	0.0
2211	-1.0	0.0	-1.0
2212	-1.0	0.0	-1.0
2213	-1.0	0.0	0.0
2214	-1.0	0.0	0.0
2215	20.0	2.0	1.0
2216	-1.0	0.0	-1.0
2217	-1.0	0.0	-1.0
2218	-1.0	0.0	-1.0
2219	28.0	2.0	1.0
2220	-1.0	0.0	0.0
2221	0.0	2.0	1.0
2222	-1.0	0.0	-1.0
2223	21.0	2.0	1.0
2224	-1.0	0.0	-1.0
2225	-1.0	0.0	-1.0
2226	0.0	2.0	1.0
2227	-1.0	0.0	-1.0
2228	-1.0	0.0	0.0
2229	-1.0	0.0	-1.0
2230	0.0	2.0	1.0
2231	-1.0	0.0	-1.0
2232	-1.0	0.0	-1.0
2233	-1.0	0.0	-1.0
2234	-1.0	0.0	0.0
2235	-1.0	0.0	0.0
2236	-1.0	0.0	-1.0
2237	-1.0	0.0	0.0
2238	-1.0	0.0	0.0
2239	-1.0	0.0	-1.0
2240	13.0	2.0	1.0
2241	0.0	2.0	1.0
2242	-1.0	0.0	0.0
2243	-1.0	0.0	-1.0
2244	-1.0	0.0	-1.0
2245	-1.0	0.0	-1.0
2246	-1.0	0.0	-1.0
2247	-1.0	0.0	0.0
2248	-1.0	0.0	-1.0
2249	-1.0	0.0	0.0
2250	-1.0	0.0	0.0
2251	-1.0	0.0	-1.0
2252	-1.0	0.0	-1.0
2253	-1.0	0.0	0.0
2254	26.0	3.0	1.0
2255	-1.0	0.0	0.0
2256	9.0	2.0	1.0
2257	0.0	2.0	1.0
2258	-1.0	0.0	0.0
2259	-1.0	0.0	0.0
2260	19.0	2.0	1.0
2261	25.0	2.0	1.0
2262	-1.0	0.0	-1.0
2263	-1.0	0.0	0.0
2264	-1.0	0.0	0.0
2265	-1.0	0.0	-1.0
2266	-1.0	0.0	0.0
2267	-1.0	0.0	-1.0
2268	0.0	2.0	1.0
2269	-1.0	0.0	0.0
2270	-1.0	0.0	0.0
2271	-1.0	0.0	0.0
2272	-1.0	0.0	0.0
2273	-1.0	0.0	-1.0
2274	14.0	2.0	1.0
2275	-1.0	0.0	-1.0
2276	-1.0	0.0	-1.0
2277	-1.0	0.0	0.0
2278	-1.0	0.0	-1.0
2279	-1.0	0.0	0.0
2280	-1.0	0.0	-1.0
2281	-1.0	0.0	-1.0
2282	-1.0	0.0	0.0
2283	-1.0	0.0	0.0
2284	-1.0	0.0	-1.0
2285	0.0	2.0	1.0
2286	-1.0	0.0	-1.0
2287	-1.0	0.0	0.0
2288	11.0	2.0	1.0
2289	-1.0	0.0	-1.0
2290	-1.0	0.0	-1.0
2291	-1.0	0.0	-1.0
2292	-1.0	0.0	-1.0
2293	-1.0	0.0	0.0
2294	10.0	2.0	1.0
2295	-1.0	0.0	0.0
2296	-1.0	0.0	-1.0
2297	-1.0	0.0	-1.0
2298	-1.0	0.0	0.0
2299	0.0	2.0	1.0
2300	-1.0	0.0	-1.0
2301	-1.0	0.0	0.0
2302	-1.0	0.0	0.0
2303	-1.0	0.0	-1.0
2304	0.0	2.0	1.0
2305	-1.0	0.0	-1.0
2306	-1.0	0.0	-1.0
2307	-1.0	0.0	-1.0
2308	0.0	2.0	1.0
2309	-1.0	0.0	-1.0
2310	-1.0	0.0	0.0
2311	-1.0	0.0	-1.0
2312	-1.0	0.0	-1.0
2313	-1.0	0.0	0.0
2314	-1.0	0.0	0.0
2315	-1.0	0.0	0.0
2316	0.0	2.0	1.0
2317	-1.0	0.0	-1.0
2318	0.0	2.0	1.0
2319	-1.0	0.0	0.0
2320	-1.0	0.0	-1.0
2321	17.0	2.0	1.0
2322	0.0	2.0	1.0
2323	-1.0	0.0	-1.0
2324	0.0	2.0	1.0
2325	9.0	2.0	1.0
2326	-1.0	0.0	-1.0
2327	-1.0	0.0	-1.0
2328	-1.0	0.0	-1.0
2329	-1.0	0.0	-1.0
2330	-1.0	0.0	-1.0
2331	-1.0	0.0	0.0
2332	-1.0	0.0	-1.0
2333	-1.0	0.0	-1.0
2334	0.0	2.0	1.0
2335	-1.0	0.0	0.0
2336	-1.0	0.0	-1.0
2337	-1.0	0.0	0.0
2338	-1.0	0.0	0.0
2339	-1.0	0.0	-1.0
2340	-1.0	0.0	-1.0
2341	-1.0	0.0	-1.0
2342	15.0	2.0	1.0
2343	15.0	2.0	1.0
2344	-1.0	0.0	0.0
2345	-1.0	0.0	0.0
2346	-1.0	0.0	-1.0
2347	-1.0	0.0	-1.0
2348	8.0	3.0	1.0
2349	-1.0	0.0	0.0
2350	-1.0	0.0	0.0
2351	-1.0	0.0	-1.0
2352	-1.0	0.0	-1.0
2353	-1.0	0.0	-1.0
2354	-1.0	0.0	-1.0
2355	-1.0	0.0	0.0
2356	-1.0	0.0	0.0
2357	-1.0	0.0	-1.0
2358	-1.0	0.0	-1.0
2359	-1.0	0.0	0.0
2360	-1.0	0.0	0.0
2361	-1.0	0.0	0.0
2362	-1.0	0.0	-1.0
2363	-1.0	0.0	-1.0
2364	0.0	2.0	1.0
2365	-1.0	0.0	-1.0
2366	-1.0	0.0	-1.0
2367	18.0	2.0	1.0
2368	0.0	2.0	1.0
2369	-1.0	0.0	-1.0
2370	-1.0	0.0	-1.0
2371	24.0	2.0	1.0
2372	-1.0	0.0	-1.0
2373	-1.0	0.0	-1.0
2374	-1.0	0.0	0.0
2375	-1.0	0.0	-1.0
2376	-1.0	0.0	-1.0
2377	0.0	2.0	1.0
2378	-1.0	0.0	-1.0
2379	-1.0	0.0	-1.0
2380	-1.0	0.0	-1.0
2381	0.0	2.0	1.0
2382	-1.0	0.0	-1.0
2383	-1.0	0.0	-1.0
2384	-1.0	0.0	-1.0
2385	-1.0	0.0	0.0
2386	-1.0	0.0	0.0
2387	-1.0	0.0	0.0
2388	-1.0	0.0	0.0
2389	-1.0	0.0	0.0
2390	-1.0	0.0	-1.0
2391	0.0	2.0	1.0
2392	-1.0	0.0	0.0
2393	-1.0	0.0	-1.0
2394	-1.0	0.0	-1.0
2395	-1.0	0.0	0.0
2396	-1.0	0.0	-1.0
2397	-1.0	0.0	0.0
2398	-1.0	0.0	-1.0
2399	-1.0	0.0	0.0
2400	9.0	3.0	1.0
2401	-1.0	0.0	-1.0
2402	-1.0	0.0	-1.0
2403	-1.0	0.0	-1.0
2404	0.0	2.0	1.0
2405	-1.0	0.0	-1.0
2406	-1.0	0.0	-1.0
2407	-1.0	0.0	-1.0
2408	-1.0	0.0	-1.0
2409	-1.0	0.0	0.0
2410	-1.0	0.0	0.0
2411	-1.0	0.0	-1.0
2412	-1.0	0.0	-1.0
2413	-1.0	0.0	0.0
2414	-1.0	0.0	-1.0
2415	0.0	2.0	1.0
2416	27.0	3.0	1.0
2417	-1.0	0.0	-1.0
2418	0.0	2.0	1.0
2419	-1.0	0.0	0.0
2420	-1.0	0.0	0.0
2421	-1.0	0.0	0.0
2422	-1.0	0.0	0.0
2423	-1.0	0.0	-1.0
2424	-1.0	0.0	-1.0
2425	-1.0	0.0	0.0
2426	-1.0	0.0	0.0
2427	-1.0	0.0	0.0
2428	-1.0	0.0	-1.0
2429	-1.0	0.0	0.0
2430	-1.0	0.0	-1.0
2431	-1.0	0.0	0.0
2432	-1.0	0.0	0.0
2433	-1.0	0.0	-1.0
2434	-1.0	0.0	-1.0
2435	-1.0	0.0	0.0
2436	-1.0	0.0	-1.0
2437	-1.0	0.0	0.0
2438	-1.0	0.0	0.0
2439	0.0	2.0	1.0
2440	-1.0	0.0	-1.0
2441	-1.0	0.0	-1.0
2442	0.0	2.0	1.0
2443	-1.0	0.0	0.0
2444	17.0	2.0	1.0
2445	-1.0	0.0	-1.0
2446	27.0	2.0	1.0
2447	-1.0	0.0	-1.0
2448	0.0	2.0	1.0
2449	-1.0	0.0	-1.0
2450	0.0	0.0	0.0
