5	2515
6	157
8	1516
28	9892
32	598
36	12498
39	8874
54	4004
65	2952
73	3308
91	375
101	3772
109	1082
125	5258
127	13344
133	412
145	811
163	3998
179	1657
181	1277
187	518
205	2099
219	679
223	6078
224	1767
232	2436
235	3618
238	4017
247	1393
250	5135
254	7775
260	6688
265	2901
266	432
271	2338
274	6880
275	18248
293	1117
319	3330
328	5965
360	7002
376	9034
390	8664
416	2178
423	5975
425	5908
448	2226
455	16520
471	15336
477	847
493	2586
498	25867
535	4840
536	5671
546	11390
577	2203
578	1703
594	6465
595	5788
604	3165
614	7200
621	24717
625	14373
633	9738
686	1644
692	7836
702	4046
704	3762
708	6544
716	4097
717	4355
744	6191
746	4242
773	14859
786	5528
793	4861
811	3935
816	7981
830	3453
834	2002
850	4908
863	16017
869	6679
921	8278
935	3590
950	9595
976	10168
995	1169
1001	1077
1009	3775
1022	2097
1049	26114
1053	1557
1079	2834
1081	2111
1090	1170
1100	10424
1109	3217
1119	4965
1127	16041
1145	11020
1154	2159
1158	7302
1159	10065
1163	5031
1164	3136
1180	7234
1183	8794
1186	3643
1190	9583
1202	1607
1208	11644
1218	6196
1219	7865
1224	2862
1231	3091
1233	10066
1237	6315
1243	7931
1245	4669
1247	8846
1253	3526
1255	10864
1265	8711
1284	1829
1288	1667
1301	7306
1302	2803
1307	1999
1313	21620
1319	4443
1340	4357
1346	1572
1349	3933
1354	8004
1363	2686
1404	6590
1415	4383
1461	9123
1472	7169
1476	4368
1486	7604
1491	6708
1505	2479
1510	1917
1519	4740
1542	2726
1543	5113
1547	2678
1549	1729
1556	9575
1557	1715
1558	3306
1574	5080
1588	9354
1606	13845
1615	14421
1624	3694
1633	5320
1640	1964
1660	2690
1665	2294
1676	9167
1708	8722
1717	2793
1719	5002
1721	2783
1730	2993
1739	5020
1749	10978
1772	12491
1775	3993
1779	9055
1780	4400
1789	8297
1816	15162
1854	17721
1857	2179
1864	12163
1875	6361
1880	8610
1889	2355
1892	19543
1917	5906
1957	5597
1972	4296
1983	11359
1985	3136
1997	9539
2002	2111
2004	4492
2029	18169
2049	3160
2062	10931
2070	9595
2078	3701
2081	7249
2105	2147
2116	7023
2123	5290
2126	5784
2127	6034
2128	14114
2147	2668
2167	7375
2187	10072
2193	9568
2200	5635
2209	3074
2217	9107
2223	9695
2258	8793
2280	3360
2286	4549
2287	7772
2293	3435
2296	7652
2301	7490
2303	3901
2327	3623
2335	11271
2355	3778
2380	4120
2391	6627
2416	5523
2431	8479
2434	2682
2436	7053
2443	13485
2466	3992
2475	3994
2476	5883
2477	3478
2478	7243
2504	3936
2506	3032
2513	5257
2527	2556
2528	6086
2554	2728
2590	3074
2594	4547
2612	5820
2613	2730
2627	8847
2635	7318
2639	5663
2641	6956
2653	3346
2659	7146
2677	3433
2686	5120
2690	3771
2694	14172
2698	10991
2706	5824
2728	4892
2729	22777
2730	15424
2739	17662
2743	3484
2753	3507
2781	10556
2799	22530
2800	12914
2814	10819
2819	7967
2839	3755
2855	9770
2858	4167
2877	3405
2890	17836
2894	5192
2899	12055
2935	11564
2943	4144
2965	4548
2977	3955
2990	4896
3034	7803
3039	10926
3058	9040
3071	20221
3075	7337
3082	21271
3096	3768
3111	6040
3112	10316
3121	6881
3134	10244
3146	4555
3174	6753
3195	4961
3197	3655
3199	21174
3215	8577
3219	3295
3233	24119
3234	6514
3251	5893
3252	4264
3270	6426
3284	12452
3300	15075
3301	5664
3306	5316
3316	12793
3324	7949
3326	6096
3333	7213
3335	7041
3342	5410
3351	6025
3352	5360
3360	3839
3370	5067
3372	18892
3382	9181
3391	4969
3392	18658
3405	4640
3421	3756
3426	21154
3430	6244
3436	8727
3438	5637
3443	3858
3451	7262
3459	8737
3472	7762
3488	5862
3491	28505
3493	5197
3501	8345
3514	5027
3519	5980
3520	14032
3524	8749
3526	6475
3541	15709
3543	6992
3583	10981
3587	4710
3594	16321
3596	44646
3599	8007
3601	5790
3626	5918
3649	7019
3667	8505
3671	6487
3672	11580
3675	12920
3678	5566
3695	4269
3702	7874
3708	4745
3722	6416
3725	4892
3729	7039
3731	7554
3732	13033
3734	16438
3737	10703
3738	6414
3739	11761
3747	5172
3802	10870
3818	19359
3845	6467
3855	35558
3861	17278
3862	10705
3867	10373
3873	6921
3887	8164
3914	10331
3938	5725
3956	13734
3957	14815
3963	10005
3966	5150
3968	9416
3979	4042
3985	7163
3988	8262
3989	7129
3996	5069
3997	10915
4015	8128
4017	4018
4035	7491
4069	5514
4080	6503
4095	8932
4099	8257
4101	9082
4116	7037
4130	10026
4134	16866
4140	10868
4159	9881
4162	6833
4165	5488
4167	7434
4173	8145
4177	13371
4181	4387
4183	4654
4188	6453
4197	6052
4200	7030
4205	10697
4217	5763
4232	4246
4235	7874
4273	11114
4274	10933
4275	9337
4284	7392
4288	5094
4324	7242
4327	6673
4332	6353
4344	7313
4352	21918
4356	10593
4360	11419
4363	6103
4364	6550
4368	14657
4369	5155
4373	4713
4375	5769
4383	12273
4390	4629
4409	6626
4429	8552
4437	6034
4453	6682
4457	7548
4468	12943
4470	6101
4473	8832
4498	8109
4504	7670
4512	16029
4513	5691
4534	9373
4544	22489
4550	18207
4569	4738
4574	13415
4579	7023
4584	8965
4590	11747
4607	5479
4621	9963
4624	7680
4629	8651
4646	5000
4648	4650
4671	6197
4677	7093
4679	8930
4698	14914
4699	4708
4719	20603
4738	7265
4741	33036
4750	14960
4751	5027
4752	8397
4770	7070
4782	4982
4789	13542
4806	11393
4813	24715
4839	16566
4856	8944
4864	8009
4870	8892
4876	10811
4892	10788
4908	7608
4926	15810
4955	12308
4962	13324
5002	19171
5025	5153
5030	5844
5033	6378
5034	5980
5036	26108
5052	5969
5059	10839
5071	15071
5108	9243
5110	15249
5114	8259
5115	11425
5117	5570
5129	11121
5136	8434
5140	6187
5143	7934
5146	6995
5149	6251
5150	12133
5153	6804
5156	10856
5157	10613
5194	5408
5196	7937
5204	11638
5213	5741
5251	9287
5268	7191
5324	6870
5326	12084
5335	6344
5336	6298
5337	5991
5342	7021
5358	6463
5390	7978
5391	7923
5398	10895
5399	5634
5402	9238
5405	6071
5406	13731
5411	21157
5413	11225
5418	5922
5444	16951
5445	11416
5446	7526
5455	13661
5458	8614
5466	5890
5468	6699
5473	9842
5476	9473
5480	13618
5484	10047
5486	10407
5492	5655
5494	8831
5500	7061
5506	10827
5507	9553
5510	10635
5525	6371
5546	21858
5560	13608
5565	9066
5570	7425
5572	6437
5590	6789
5595	17023
5613	15834
5630	6378
5635	9503
5648	10537
5658	11239
5663	13147
5665	5985
5666	6797
5674	7314
5678	13978
5683	10226
5700	13183
5726	9303
5755	16890
5758	9369
5761	7766
5763	6303
5765	19545
5773	6213
5776	6408
5784	7449
5794	13007
5795	6814
5804	5895
5814	22197
5820	6856
5826	8097
5832	9672
5845	10809
5847	14482
5850	6594
5852	9366
5857	6680
5860	8952
5880	6248
5881	7520
5887	13947
5888	6673
5908	9727
5910	10301
5920	13610
5923	9052
5962	11685
5969	8222
5991	13925
6052	10006
6060	10554
6061	15993
6063	14850
6105	7726
6106	7827
6111	9205
6114	7103
6120	17916
6128	8419
6129	7382
6163	6689
6180	10351
6182	8862
6189	17528
6194	9204
6220	13605
6228	23758
6234	11656
6240	12090
6249	19897
6254	12248
6262	7861
6270	9004
6275	9398
6281	13469
6287	6622
6298	7874
6302	17261
6305	15550
6310	14922
6315	9893
6319	9292
6328	7823
6329	11248
6340	6343
6360	11241
6367	25224
6375	7041
6376	10515
6379	21815
6401	7230
6404	7095
6423	9866
6440	9878
6451	6513
6469	6869
6470	8142
6495	14274
6513	7697
6524	20914
6532	13071
6562	7120
6566	14922
6567	6711
6593	7601
6600	12285
6611	10710
6614	15475
6629	9003
6633	8195
6654	11118
6657	9466
6664	9090
6669	7669
6679	6833
6696	6817
6699	13152
6705	21129
6711	8699
6712	23194
6753	9772
6762	8743
6794	9459
6799	8770
6809	36234
6811	6958
6816	21063
6817	9365
6820	9311
6829	11467
6833	11898
6835	14427
6865	13555
6910	10192
6938	11893
6946	9532
6951	7080
6967	27183
6991	11374
7005	7537
7007	11050
7011	12393
7019	24441
7025	18790
7030	7123
7043	10275
7050	12995
7059	11347
7070	8346
7082	14179
7087	11362
7094	29206
7138	8104
7139	14011
7147	7348
7150	13587
7156	15900
7163	8185
7172	9078
7197	17538
7199	10235
7201	10555
7206	14067
7217	23166
7221	7280
7227	11462
7238	7828
7239	9660
7242	7580
7274	8889
7277	11206
7308	7422
7317	10281
7323	9286
7332	12772
7337	14486
7343	9819
7344	9605
7347	16202
7382	9450
7390	9067
7398	7761
7409	10980
7414	8770
7418	8297
7425	16812
7427	9218
7437	11180
7442	8282
7445	11832
7472	10799
7473	15857
7478	8663
7491	8853
7492	23362
7516	19038
7538	10322
7543	9883
7545	22230
7550	7616
7551	11261
7578	20684
7590	21245
7594	11517
7607	10398
7654	11765
7660	9810
7667	12538
7673	13759
7706	14965
7708	13363
7723	8187
7742	10307
7747	12492
7782	10379
7797	14549
7816	10825
7845	10826
7850	11956
7862	12136
7867	19380
7876	12417
7879	21721
7904	10142
7905	8283
7906	10898
7908	12513
7914	9023
7924	29478
7930	13316
7935	10065
7943	8553
7951	11050
7952	12888
7957	14772
7961	11848
7986	12404
7988	35988
8001	10501
8022	13568
8030	12482
8037	8617
8063	12929
8074	12818
8075	14323
8107	13707
8116	8307
8119	16593
8128	20089
8168	8679
8205	15738
8222	9509
8237	9121
8241	14443
8243	12703
8246	13322
8251	9081
8262	8373
8267	10703
8270	21405
8304	9413
8308	9319
8311	14078
8353	12034
8369	23697
8380	13153
8416	17801
8444	8839
8482	10950
8483	24069
8493	20619
8501	11294
8515	10545
8537	10568
8542	8594
8543	14502
8551	19144
8557	12601
8578	16644
8586	14200
8602	14210
8640	11040
8641	9223
8650	9208
8656	16231
8676	13296
8700	14324
8701	9712
8727	9198
8740	12700
8748	16419
8754	15427
8755	9227
8770	9902
8782	11540
8802	20446
8806	11115
8819	20122
8827	9472
8832	11140
8855	12656
8865	8941
8870	16239
8885	11793
8913	16470
8914	11429
8918	11815
8967	16008
8973	15425
8999	9349
9006	13716
9012	12872
9014	18656
9018	13898
9021	11412
9063	19746
9073	9224
9074	12028
9077	9874
9080	12571
9087	11409
9105	9305
9108	10420
9117	11730
9121	18726
9128	9952
9133	24219
9135	18057
9147	11495
9157	18116
9165	9859
9195	17385
9233	11140
9240	11104
9254	14896
9257	10762
9286	23258
9305	18402
9316	11417
9320	9371
9337	10775
9347	9476
9353	10301
9359	21539
9371	28585
9375	37064
9402	12649
9417	13082
9424	11998
9488	24475
9494	10482
9565	9610
9567	12697
9578	31121
9579	13714
9581	10860
9589	11420
9598	13842
9601	15529
9614	13005
9625	10414
9647	11761
9656	16580
9660	23368
9662	10922
9663	10632
9680	11607
9693	23432
9704	12117
9711	14807
9723	15175
9727	11399
9733	13912
9738	12113
9761	13649
9775	17524
9786	14741
9809	11393
9826	13365
9871	13099
9877	16126
9923	10500
9940	11047
9967	11887
9968	13492
9976	20937
9982	24259
10007	15518
10026	14738
10043	17411
10058	10134
10062	18737
10071	20905
10073	10271
10091	14071
10107	18086
10118	14193
10119	15508
10120	18341
10123	13156
10131	15847
10162	18873
10163	17283
10166	16858
10198	14330
10203	11102
10222	16692
10224	14293
10237	17709
10254	15825
10262	14658
10271	15532
10274	11107
10278	18590
10281	11327
10284	19025
10290	12632
10305	11686
10330	21390
10332	16874
10346	26708
10355	19351
10356	18910
10366	16332
10373	11855
10382	22450
10385	22919
10390	11411
10403	20061
10409	13119
10426	17129
10427	48399
10440	10524
10464	36195
10481	15949
10486	18762
10493	11220
10498	14752
10508	11271
10527	10542
10545	14517
10547	11981
10549	23621
10553	21337
10559	10750
10567	12923
10574	11288
10585	14930
10588	10962
10598	11813
10636	11846
10649	16361
10653	16599
10659	10700
10662	11298
10676	17592
10698	20806
10743	14246
10752	14203
10762	12892
10763	24017
10782	11251
10805	10993
10811	12314
10818	13509
10832	18367
10872	15879
10882	12728
10897	13976
10910	16059
10924	11223
10933	19166
10936	12463
10941	16442
10950	10955
10954	16755
10961	16619
10968	11450
10971	11420
10973	15393
10974	13482
10998	20523
11005	16934
11010	15423
11012	17459
11019	13778
11029	22629
11033	13775
11040	11641
11045	12444
11066	21063
11076	11101
11086	15335
11111	20456
11120	14236
11121	16769
11138	11802
11174	16659
11184	16596
11190	16182
11195	18111
11204	25617
11219	11280
11262	14215
11285	13767
11287	11791
11292	21531
11303	17612
11316	12629
11320	19007
11337	13735
11352	14119
11353	13328
11361	13085
11362	13355
11383	14791
11395	20418
11418	12559
11464	14601
11499	22815
11508	27283
11524	16776
11537	12545
11538	26404
11544	26122
11563	15182
11564	19976
11570	15339
11587	11715
11590	13274
11594	20122
11601	14332
11622	17165
11643	27636
11674	18310
11680	19046
11682	14694
11687	22351
11699	12282
11703	25073
11705	26292
11708	26957
11709	23236
11715	22433
11720	15004
11739	19405
11763	19720
11767	12201
11772	19305
11773	12070
11774	16165
11777	18677
11783	15423
11790	32930
11798	12871
11802	18286
11825	24431
11839	16583
11842	36539
11849	14330
11857	12739
11860	15950
11864	16927
11867	13703
11868	15595
11886	15573
11909	16284
11924	16808
11926	30889
11932	12237
11945	12772
11954	16105
11962	13920
11967	19879
11972	25024
12000	12564
12023	16990
12031	14354
12047	16841
12066	12770
12067	24458
12080	13085
12086	21544
12090	16163
12091	14635
12093	15671
12108	13588
12128	19730
12140	16782
12141	16738
12144	13298
12154	16773
12159	15644
12176	33488
12178	12234
12179	29042
12187	14053
12190	13113
12233	14835
12239	13394
12243	16228
12245	19978
12256	14665
12262	17725
12269	15242
12274	14659
12280	23169
12291	15294
12298	20148
12303	24803
12320	12601
12321	14014
12322	22503
12323	18520
12329	13439
12369	13237
12393	24121
12397	13987
12401	13681
12407	13035
12421	16122
12430	25310
12447	13729
12449	18346
12460	12608
12477	20878
12480	33950
12485	15368
12495	18137
12497	17640
12517	13458
12549	21026
12552	13367
12553	13048
12554	12739
12558	13737
12575	32894
12590	22961
12592	28639
12605	13097
12616	17056
12654	15462
12655	21477
12665	18460
12678	12736
12679	16411
12681	18933
12695	14617
12702	35608
12720	14513
12726	17445
12730	18420
12735	17261
12736	14456
12738	18186
12765	18267
12775	13290
12776	23462
12786	16572
12788	18475
12798	13529
12800	15217
12820	12937
12824	15044
12825	17867
12830	14551
12840	15997
12850	31856
12869	19594
12871	31255
12905	17235
12920	17654
12926	14223
12930	22339
12932	18657
12943	25899
12959	26083
12960	24573
12968	13324
12984	18558
13021	15353
13039	16004
13046	17004
13058	20783
13060	19471
13089	19624
13090	18308
13115	13295
13132	13383
13133	16675
13141	13845
13146	16596
13157	17131
13161	14459
13163	15513
13170	29854
13173	14793
13185	14468
13188	22464
13206	13960
13223	13796
13226	13626
13248	15350
13259	15325
13260	16163
13261	19698
13278	19011
13283	28176
13305	16144
13306	13407
13314	19748
13322	15273
13331	14212
13332	14124
13333	13507
13334	17728
13365	16723
13374	20256
13383	16780
13397	27496
13412	19733
13421	16488
13422	15540
13434	13735
13446	16057
13449	15494
13452	16818
13459	24233
13462	17528
13471	14394
13473	19857
13516	18052
13546	15358
13568	15330
13594	14188
13596	15180
13628	17491
13644	19525
13645	19209
13646	16201
13650	15851
13654	16936
13677	13793
13681	19622
13694	19967
13696	16788
13697	18562
13713	19759
13727	18350
13729	21552
13739	25955
13757	19307
13773	14699
13774	16220
13775	14433
13807	14184
13809	20059
13828	14777
13837	17084
13859	15516
13881	24634
13894	15389
13921	15111
13929	17996
13942	17171
13948	19056
13956	21314
13957	25135
13959	16350
13960	16076
13972	15807
13979	27263
13993	19712
14013	19271
14038	16748
14052	19810
14055	19413
14075	34114
14080	16090
14086	17413
14088	15676
14103	15473
14114	17570
14119	15534
14127	14650
14134	14167
14151	20789
14158	22389
14175	15193
14210	21492
14222	31767
14224	29180
14230	17917
14234	19325
14247	18768
14257	18820
14270	24312
14277	16719
14280	18152
14281	22840
14290	16994
14292	18643
14302	20090
14310	18053
14311	17472
14324	14749
14339	14390
14341	22336
14359	15716
14363	15823
14365	20927
14370	15154
14377	22282
14411	14957
14412	37813
14440	17026
14447	18941
14460	14633
14464	16313
14479	18850
14483	14948
14492	15224
14493	15221
14497	24891
14517	15115
14520	24056
14522	23061
14526	15396
14568	17151
14577	15175
14584	15827
14599	23037
14604	15673
14617	18107
14620	16411
14624	17865
14625	18170
14627	39757
14630	20051
14638	31842
14645	15496
14651	20220
14663	16924
14666	35515
14673	18231
14679	20336
14685	17198
14689	15923
14699	15678
14715	20200
14722	19325
14726	15727
14729	21817
14732	17241
14733	31643
14749	38701
14758	18158
14769	15646
14776	20997
14779	17893
14793	18094
14806	16583
14814	26641
14825	16537
14840	24031
14857	31977
14868	18233
14875	17029
14879	29738
14884	15040
14910	17316
14911	16490
14915	26365
14924	16200
14939	20428
14948	20407
14950	15125
14967	16557
14990	15602
15004	18025
15029	18769
15040	17010
15057	16261
15095	18275
15100	19486
15110	22832
15121	22729
15123	25209
15149	22657
15159	17888
15175	20810
15180	23400
15183	20775
15188	27591
15189	23047
15191	19225
15198	18097
15201	21029
15203	16850
15207	22372
15251	19622
15260	26003
15262	19187
15267	22117
15292	16555
15310	17598
15387	24783
15389	17491
15391	17740
15392	16991
15406	20163
15409	22036
15410	27452
15412	24138
15414	17365
15438	37750
15439	15451
15442	18994
15502	15561
15508	25329
15521	31454
15523	16393
15531	22189
15536	23315
15540	22651
15559	16619
15565	19381
15595	19293
15605	17703
15617	26696
15621	19924
15624	15954
15630	19059
15633	17832
15634	26137
15677	16188
15682	16583
15704	19083
15707	28169
15710	27465
15712	15983
15723	17472
15758	30076
15787	26638
15805	19057
15819	19816
15833	28756
15849	18612
15890	22335
15891	17256
15907	18117
15908	18654
15915	16973
15932	27775
15938	24620
15941	18783
15951	30587
15956	18860
15960	20705
15967	37057
15973	17967
15979	24777
15984	16058
15989	18112
15990	27934
16010	34080
16021	20605
16032	33574
16041	17511
16043	23904
16054	22693
16057	16444
16083	17291
16102	16433
16111	24554
16118	20729
16163	18283
16173	21922
16174	19549
16198	19903
16205	33669
16240	20241
16244	16672
16269	16403
16274	17494
16277	16321
16305	26166
16318	18728
16319	16483
16325	17766
16348	16775
16351	19105
16352	34041
16365	17932
16378	30979
16383	38407
16389	22294
16393	18400
16396	19440
16414	18763
16431	34866
16432	25974
16435	20914
16437	18167
16438	17448
16445	17095
16454	19949
16457	23550
16470	26715
16483	16780
16497	30359
16531	21376
16561	43847
16571	25512
16572	18096
16608	23116
16638	18418
16645	27556
16657	21098
16672	17494
16681	18430
16687	24093
16695	36809
16699	17150
16714	28714
16731	31309
16750	21580
16775	16989
16786	42672
16835	26428
16839	20634
16851	22437
16856	24609
16859	17007
16888	19368
16898	18783
16903	17421
16913	20137
16930	29484
16942	31166
16962	20676
16964	25772
16965	17065
16967	21432
16982	18489
16999	21461
17016	17550
17024	20283
17041	17661
17057	24638
17059	18911
17068	17146
17101	21079
17108	21064
17109	18861
17112	20976
17120	18490
17140	23977
17151	26928
17152	19784
17161	22785
17178	17413
17199	19509
17204	22540
17210	18597
17272	28550
17284	22409
17286	18556
17310	20358
17312	19800
17322	24965
17331	25604
17334	18164
17345	17539
17350	25105
17352	27074
17354	27190
17358	22857
17366	20322
17385	28873
17397	18996
17408	22592
17411	18271
17417	18847
17420	18776
17421	21735
17437	27381
17456	20334
17471	19817
17487	18328
17501	17701
17530	18924
17542	21674
17580	21185
17597	25841
17599	26556
17601	26477
17603	20933
17625	36557
17630	20389
17646	26055
17654	21148
17668	18799
17672	21157
17675	43915
17688	24101
17692	26997
17721	17821
17724	20305
17734	27806
17750	21512
17753	19074
17764	19226
17773	17906
17779	24680
17783	24750
17790	20876
17793	26376
17805	17823
17812	20263
17817	24743
17838	18843
17843	27857
17858	39492
17860	18720
17864	18504
17876	19948
17880	18543
17887	22770
17907	22031
17909	27584
17910	19691
17925	26556
17942	19936
17960	33906
17968	21180
17970	18104
17971	24959
17994	38889
18000	18105
18014	21714
18017	21755
18022	34505
18030	21668
18047	18444
18049	24139
18063	20406
18076	28545
18085	18733
18087	20886
18118	19066
18125	33256
18133	20749
18141	18234
18151	27181
18156	18778
18158	21541
18171	20449
18179	26251
18198	22438
18212	21243
18214	25565
18239	19731
18282	24247
18308	18317
18313	21270
18316	23375
18317	21788
18325	19233
18333	19362
18338	24195
18369	24957
18376	26467
18382	23116
18387	18412
18398	19601
18414	21015
18418	19030
18429	23192
18444	19745
18446	20846
18461	21864
18466	24578
18468	20384
18498	21929
18513	26313
18519	19047
18543	27456
18549	32038
18575	21075
18576	22046
18580	18611
18594	22395
18609	24632
18656	28214
18681	24445
18686	23391
18692	18962
18694	41090
18717	21686
18728	27541
18729	32480
18734	34598
18749	19778
18762	28884
18773	23651
18775	24476
18782	32200
18787	20596
18804	21336
18827	19235
18840	20616
18853	26651
18857	21554
18867	19018
18869	26809
18876	23425
18891	19176
18913	31431
18926	20513
18962	20270
18967	19505
18983	20139
18997	26060
19004	20042
19019	21100
19031	24783
19032	26090
19046	24317
19049	23180
19058	28840
19061	28341
19067	24665
19071	30616
19080	25331
19082	24719
19084	20860
19093	23572
19102	30613
19111	21527
19120	20476
19129	25547
19134	20064
19180	27168
19235	24538
19238	24694
19243	24268
19257	23921
19261	19329
19267	21191
19276	32600
19279	23232
19310	31221
19312	22433
19326	22368
19329	20415
19340	21164
19360	19760
19372	25175
19387	19507
19390	23048
19421	22456
19423	22837
19428	30653
19445	20211
19456	20179
19463	19772
19471	22231
19477	24697
19481	19871
19527	22217
19537	38041
19540	20907
19543	23675
19550	24955
19551	28609
19557	33368
19567	29909
19572	24326
19587	26742
19606	25704
19622	21074
19627	22600
19631	22301
19648	21147
19670	25501
19682	20048
19704	21613
19708	23268
19719	28816
19727	19972
19731	19994
19755	23453
19776	22587
19813	24354
19821	20072
19822	24360
19831	21373
19848	29771
19854	22384
19858	27218
19884	32169
19890	23994
19911	28166
19923	23996
19940	20994
19941	24464
19953	23387
19966	25227
19981	25797
20004	27764
20047	31428
20095	20286
20097	27193
20117	20428
20123	21940
20127	20455
20140	24419
20141	20648
20144	20659
20153	32454
20159	22266
20171	24451
20179	24454
20182	31509
20188	27937
20208	51443
20221	21136
20222	30772
20239	35277
20245	29691
20254	24605
20267	20645
20276	28484
20283	41500
20295	30674
20296	21050
20297	29455
20309	25566
20313	28362
20317	30109
20326	21027
20329	35531
20330	23402
20338	29904
20380	27150
20396	22598
20400	21423
20432	24186
20435	27720
20451	25492
20461	20845
20464	22295
20482	20663
20502	25725
20520	31967
20525	26272
20542	24716
20543	37656
20555	23535
20559	21257
20564	24338
20608	20631
20617	25246
20642	22785
20648	21056
20649	22621
20667	21236
20672	25751
20681	21098
20692	27089
20711	25131
20766	21481
20771	29831
20773	21676
20784	23264
20788	22057
20791	22530
20805	25365
20821	25390
20824	21601
20833	21243
20835	29396
20846	46733
20858	24550
20863	28869
20865	30755
20872	33848
20881	28799
20897	20953
20919	36147
20932	21871
20943	31646
20944	29161
20962	25573
20966	50870
20977	32092
20978	21150
20982	21007
21003	44633
21011	21847
21032	28342
21057	21252
21069	24336
21080	22522
21090	26306
21104	38495
21106	21454
21108	30892
21109	23351
21130	23945
21146	22147
21160	28212
21161	37110
21164	33156
21181	24550
21189	22399
21193	25588
21200	27428
21208	29876
21213	22612
21231	27592
21232	23207
21237	21713
21246	24146
21247	22968
21254	30726
21259	25712
21260	32372
21273	27355
21276	23740
21282	21325
21322	23797
21331	21498
21355	23106
21362	31348
21384	24298
21393	24626
21394	27085
21401	31932
21405	27287
21418	22081
21421	24971
21437	33274
21441	26227
21450	35338
21451	23522
21457	38202
21461	28081
21474	23748
21481	27482
21483	23511
21507	26309
21521	22137
21535	22087
21540	35817
21541	27796
21545	28435
21565	24382
21621	39910
21644	22974
21651	24460
21653	31787
21663	23308
21681	25141
21694	30059
21699	26359
21717	25654
21720	25576
21734	22270
21749	31733
21761	35385
21764	24030
21766	24695
21768	24238
21770	28724
21772	29580
21773	24889
21783	25415
21784	24303
21790	24428
21795	22001
21810	23340
21814	26499
21817	23247
21836	30428
21843	22579
21845	24611
21863	34806
21865	24294
21874	25917
21876	35007
21897	23965
21914	27005
21926	29484
21928	27729
21943	25415
21959	45576
21966	22060
21971	25302
21976	38077
22003	22743
22009	25211
22018	22027
22027	23630
22028	24237
22033	28840
22048	27284
22070	22446
22082	25686
22086	35054
22090	45973
22106	24317
22109	25863
22143	39466
22154	22423
22156	24672
22167	22567
22170	24314
22187	22491
22200	23824
22222	31754
22232	27182
22237	34962
22251	27300
22268	45040
22281	31709
22283	31977
22289	32679
22295	23840
22303	26214
22306	23836
22346	27525
22351	27065
22365	28616
22375	27921
22394	25116
22405	26907
22414	23110
22424	32294
22439	32779
22440	52797
22443	25927
22450	29741
22459	23258
22463	23585
22471	23820
22474	23855
22477	38403
22479	28051
22489	24029
22506	31490
22514	25140
22518	27734
22520	22526
22525	24835
22532	29126
22539	23750
22542	40080
22576	36073
22585	25835
22591	30917
22620	24437
22623	27479
22626	27221
22649	35803
22686	24535
22689	25935
22692	23995
22709	34945
22719	28676
22730	23807
22740	23406
22743	29034
22770	31599
22777	26816
22782	32681
22793	30061
22794	33877
22803	40677
22834	27231
22853	24759
22896	24333
22904	26277
22913	36130
22920	25234
22930	27240
22931	38005
22937	26046
22960	27004
22963	30068
22997	28913
23000	25075
23006	24556
23014	27593
23030	23259
23032	25630
23037	27824
23056	24677
23061	41712
23112	23597
23119	23583
23121	29710
23123	26312
23131	26786
23147	28413
23166	24119
23172	27108
23178	30441
23201	24677
23216	24028
23218	29339
23242	23782
23245	29464
23254	28702
23274	24839
23275	29446
23277	26892
23279	27385
23286	24768
23300	26020
23304	27362
23306	24309
23307	27295
23313	23647
23316	28884
23324	25392
23328	33571
23335	28903
23339	25470
23350	24173
23359	23606
23363	38236
23378	29949
23396	23582
23399	28549
23414	27020
23425	24015
23432	28522
23437	30510
23439	30179
23452	29773
23465	23981
23482	28350
23494	23547
23512	29825
23519	36255
23531	27726
23540	30352
23549	44260
23556	33436
23568	27297
23570	23616
23602	28268
23607	27837
23618	28957
23626	27313
23631	33102
23638	25770
23651	31318
23656	24909
23662	25626
23708	27784
23710	27125
23717	35090
23740	26621
23745	25656
23756	25436
23767	27691
23785	27025
23813	27398
23828	42686
23843	29838
23860	38673
23886	25645
23953	24713
23954	30376
23961	31286
23962	24784
23985	24436
23989	24122
23990	25310
23993	29089
24009	34487
24011	24922
24019	24786
24025	27327
24049	24308
24052	25651
24053	26014
24084	26803
24112	50092
24129	24611
24150	25724
24151	27080
24152	29676
24153	28054
24155	29892
24156	31019
24162	26725
24183	26649
24192	70693
24196	28948
24215	34094
24218	29053
24220	26028
24230	24394
24239	28623
24240	28150
24272	24544
24276	26093
24279	30992
24298	28878
24320	26066
24322	30742
24331	26080
24333	26887
24335	25728
24341	25600
24348	30019
24352	26529
24366	35134
24374	26207
24382	31704
24395	28363
24409	24690
24410	25189
24428	32264
24440	26616
24443	32274
24446	25335
24456	25973
24458	25288
24465	43413
24490	25476
24509	27900
24513	29570
24518	34211
24530	42517
24544	25967
24551	26009
24562	24909
24579	26693
24583	28937
24584	33603
24608	28366
24609	25013
24612	29142
24614	36010
24619	26112
24629	42385
24636	29990
24646	40361
24654	58802
24655	25405
24658	30491
24660	35770
24661	28242
24668	25935
24690	25255
24698	28786
24707	32150
24721	27202
24753	42834
24757	26150
24768	24778
24771	28682
24775	28863
24778	38549
24798	27366
24800	30724
24811	27590
24816	36318
24825	39628
24839	27331
24842	32066
24877	32351
24888	29413
24891	28505
24893	24949
24937	27238
24961	27109
24963	27819
24975	38448
24976	25417
24995	36587
25005	27573
25008	26059
25009	25793
25035	27913
25068	29978
25069	44988
25074	37382
25088	37836
25102	28017
25103	29116
25108	28169
25125	32362
25139	26488
25140	27508
25151	30774
25158	26510
25159	27954
25160	25417
25168	34914
25169	29930
25173	29077
25178	28889
25180	26141
25191	30877
25217	36377
25219	29559
25223	26445
25236	26316
25242	29533
25243	26046
25253	37879
25258	39962
25266	30303
25267	26479
25339	27713
25347	41568
25348	37037
25356	33807
25358	29230
25370	29151
25376	42395
25385	31249
25391	35229
25394	29728
25407	27709
25409	27932
25410	30743
25414	26038
25425	25813
25430	34595
25433	28448
25451	38352
25466	33230
25478	25794
25481	26648
25482	36697
25486	30899
25511	32127
25513	33525
25517	38591
25520	39733
25536	25920
25548	33555
25568	44216
25571	26653
25572	26500
25579	33915
25583	29414
25597	29136
25612	28106
25614	33303
25615	32236
25635	30309
25644	40106
25659	40810
25667	30318
25668	25875
25684	27436
25697	35675
25718	43113
25720	30273
25732	30973
25763	27292
25764	25854
25781	25953
25783	32045
25795	25903
25802	38080
25828	31573
25837	32196
25838	26603
25845	28347
25855	30806
25858	27625
25861	29296
25863	26194
25906	37139
25913	29171
25919	27136
25931	27031
25958	35233
25959	26087
25962	27259
25967	26386
25974	32612
25978	30639
25979	26224
25981	37301
25988	42493
26023	34791
26037	35237
26040	32230
26046	26174
26049	36137
26052	27232
26058	27620
26065	32153
26088	31254
26110	33065
26125	38695
26126	37979
26134	26608
26143	27576
26145	30119
26168	32052
26179	34405
26197	29584
26211	31878
26224	27146
26234	30215
26258	32411
26280	30096
26285	35328
26290	30039
26326	26910
26327	27291
26352	26727
26361	29282
26365	35762
26373	28747
26375	33404
26377	27175
26387	44682
26397	36165
26411	26725
26416	39308
26440	30534
26445	26723
26449	34355
26482	31353
26485	30017
26487	26691
26500	30971
26519	28313
26535	38332
26537	33299
26556	34204
26564	38346
26570	27513
26575	29147
26604	31733
26605	29898
26621	29015
26626	27463
26651	29115
26655	26985
26657	28468
26667	30017
26669	26681
26687	49549
26690	31082
26701	28856
26754	30308
26762	31865
26764	31742
26773	30956
26777	31847
26784	29051
26786	28904
26797	32957
26799	27645
26804	29158
26806	31604
26807	35749
26810	29688
26821	35565
26824	30674
26837	26933
26843	31434
26858	43566
26886	28301
26897	36054
26910	31589
26935	36219
26967	27009
26970	30503
26973	28980
26983	27134
26988	35799
27003	28104
27032	46089
27033	28175
27039	46072
27048	28290
27053	37603
27058	29436
27060	31338
27065	36180
27093	40444
27094	29032
27095	28961
27105	34467
27115	28149
27136	30749
27168	42697
27180	27633
27193	36359
27198	29166
27203	28513
27205	27454
27220	34622
27229	39367
27239	28192
27245	28151
27251	28795
27266	29528
27283	27471
27324	31226
27355	29136
27373	36300
27377	33198
27383	43571
27402	27788
27413	27697
27417	29347
27434	44875
27445	41368
27473	38869
27483	31549
27505	32227
27517	30392
27520	32706
27528	29382
27532	33897
27541	30260
27545	27567
27551	33294
27552	28486
27588	30607
27596	31566
27600	43468
27605	30439
27607	28241
27617	34093
27623	29910
27626	31158
27639	32476
27640	29122
27643	28789
27657	31052
27673	28215
27688	29830
27711	37434
27722	33571
27727	31015
27736	47300
27747	37176
27753	28040
27786	33971
27792	34187
27798	39245
27800	33600
27801	36560
27808	28467
27814	28933
27832	31354
27836	35524
27850	38285
27851	28299
27857	45305
27863	33510
27879	28157
27899	45789
27925	31426
27933	32425
27942	41216
27950	30957
27953	36383
27956	28449
27964	38463
27968	36617
27976	29815
27986	29204
28008	29592
28034	31809
28036	33093
28052	38558
28066	33112
28075	34935
28076	33999
28086	31116
28109	31684
28122	29386
28124	44948
28127	31816
28139	34920
28150	34021
28161	32960
28174	29322
28175	44159
28178	32135
28200	30282
28223	30169
28226	38262
28230	31104
28246	30679
28251	32749
28253	29052
28259	34842
28282	32359
28295	43807
28315	33527
28327	32342
28332	31225
28362	48402
28375	34394
28390	36575
28395	44461
28417	28918
28422	32318
28430	28753
28432	32065
28451	41305
28470	28767
28476	31473
28501	34077
28507	31457
28508	42553
28517	28997
28518	36338
28524	31109
28528	36171
28530	30176
28538	33931
28571	29599
28594	40082
28604	35527
28614	29469
28623	40417
28661	37951
28672	37805
28677	30541
28680	34028
28692	33785
28701	29681
28717	28735
28725	30253
28726	40263
28728	29423
28734	31276
28745	35083
28752	30664
28754	33323
28765	30817
28770	31347
28794	30579
28805	32253
28858	33804
28875	37813
28904	32835
28916	33220
28920	31407
28926	29197
28935	30487
28943	34291
28954	33648
28974	29593
28978	32286
28981	42933
28986	30187
29011	29617
29012	31068
29017	47826
29036	35088
29053	40680
29057	34734
29060	30382
29072	31526
29089	29838
29113	30379
29115	35523
29119	48004
29142	29651
29151	35146
29160	31876
29163	32189
29167	31330
29183	38527
29187	32563
29191	30210
29207	31923
29216	36003
29224	44548
29225	31602
29230	34305
29264	31821
29276	31316
29283	30311
29310	36886
29349	40633
29360	29529
29362	35342
29365	34432
29388	35274
29391	30136
29414	33898
29439	30033
29440	32896
29446	35090
29460	31950
29465	34971
29467	31372
29471	35503
29472	33917
29481	30769
29484	30937
29490	37442
29504	35747
29514	29828
29525	30956
29535	37849
29539	31285
29557	31437
29574	35315
29594	30411
29603	36554
29606	32958
29612	31979
29638	39617
29645	50320
29655	33199
29666	32233
29672	30115
29693	30117
29697	31304
29706	32148
29707	30798
29709	33549
29710	48150
29720	32729
29731	38793
29747	30755
29748	38324
29791	32960
29812	39258
29814	33258
29816	31254
29828	34342
29840	29895
29858	30921
29859	42570
29866	35143
29868	37392
29870	34667
29892	41455
29894	35631
29900	33451
29922	34192
29940	35994
29959	44668
29968	35522
29979	46920
29983	30616
29994	33996
30022	33662
30028	32344
30040	30868
30062	32689
30070	43677
30077	31833
30078	37769
30079	31535
30083	36593
30105	32964
30110	30418
30112	37837
30117	33076
30122	43596
30132	31212
30139	30306
30142	30567
30144	34127
30150	35083
30156	40235
30167	43980
30170	38672
30171	48236
30185	30943
30190	33455
30204	30974
30209	38718
30216	37354
30220	33783
30232	30969
30240	31299
30241	30334
30247	30358
30256	32891
30267	32200
30268	34345
30274	42893
30276	31291
30277	36425
30278	34507
30309	50940
30319	33699
30324	46590
30325	39442
30342	42061
30347	30651
30355	30780
30359	36338
30361	35229
30367	31657
30368	35690
30387	40814
30395	31471
30406	36313
30410	30985
30426	35901
30433	38979
30438	37023
30442	49416
30461	37883
30464	30578
30466	30619
30495	31344
30515	31962
30519	43404
30521	30772
30528	30957
30541	33002
30549	31377
30551	36423
30553	32735
30568	31150
30570	34321
30588	36877
30594	31696
30642	33151
30649	35381
30653	32223
30673	35656
30675	36294
30680	33237
30684	37003
30709	33559
30731	35306
30735	32012
30741	40282
30745	31447
30759	33330
30779	52485
30791	35956
30797	37625
30828	34164
30839	39085
30844	32395
30846	44563
30855	30911
30864	44741
30884	39355
30890	32914
30898	44775
30906	31733
30909	31356
30955	33168
30964	59001
30975	33821
30976	35932
30978	31882
30995	33539
30997	34165
31014	33356
31023	39527
31037	47644
31038	32811
31042	36748
31056	45549
31059	31220
31063	31263
31089	32063
31090	34183
31096	31259
31133	31913
31161	32332
31162	35763
31163	33713
31182	35511
31220	31373
31232	32351
31236	36416
31251	42135
31252	33603
31257	34937
31264	31317
31310	34340
31311	31941
31317	33589
31328	35915
31329	34092
31335	33619
31337	33695
31349	36213
31362	38424
31369	38529
31374	32725
31383	31613
31389	38145
31393	32112
31395	38435
31407	31502
31414	35961
31418	33872
31432	41552
31438	45260
31449	38884
31451	33870
31461	33243
31473	33348
31475	34731
31504	32109
31505	34708
31511	34237
31520	41214
31526	38669
31528	34532
31531	36754
31534	36097
31539	31643
31564	35217
31570	31627
31581	31932
31588	34527
31602	32661
31609	33792
31613	36469
31632	47719
31637	34590
31650	45104
31654	43310
31660	38029
31683	34717
31713	36862
31734	35771
31758	38082
31771	34321
31776	34118
31781	35074
31789	32999
31793	32329
31819	34662
31826	42477
31853	51894
31854	53060
31860	32338
31865	39134
31884	34808
31892	40219
31902	34388
31914	32706
31927	32048
31938	32017
31963	43234
31964	37938
31973	32290
31989	40885
31995	41944
31998	57399
32001	34117
32011	46982
32023	34676
32025	42308
32032	32494
32040	36365
32042	32321
32057	34496
32095	42240
32097	36485
32100	34944
32101	34808
32112	42481
32134	43219
32138	32909
32149	37204
32153	35583
32154	37089
32178	34025
32187	39419
32214	32737
32241	36706
32248	32625
32267	37316
32287	47899
32288	36794
32292	33853
32315	37727
32318	48007
32321	37116
32325	33159
32335	36354
32348	33770
32361	34893
32363	37433
32365	34541
32369	37435
32396	38665
32397	35414
32398	35847
32400	40360
32412	34056
32417	34324
32420	32434
32425	35043
32428	38167
32432	33908
32435	34247
32437	32992
32457	40876
32474	42333
32478	34644
32480	32631
32483	38144
32501	35360
32505	33720
32520	34662
32522	38246
32527	58844
32539	36893
32541	35150
32547	37654
32549	39012
32577	34355
32589	35510
32595	35454
32604	34302
32606	37169
32613	36897
32627	33110
32637	33955
32645	36812
32646	37770
32648	36033
32657	53278
32667	37487
32669	42549
32682	46969
32685	33080
32688	33135
32709	35853
32717	33920
32718	36811
32747	34145
32755	33995
32758	32920
32770	39172
32771	33123
32792	33433
32793	38214
32806	38247
32809	35359
32819	37826
32820	47880
32826	37978
32842	47286
32853	42321
32867	32957
32868	45927
32877	39928
32884	37842
32896	36685
32922	37188
32927	34551
32930	38181
32932	33547
32958	51163
32960	34301
32989	35653
33018	37330
33026	36412
33053	47564
33055	35434
33067	39704
33084	34187
33095	46862
33115	37165
33129	39971
33164	33900
33177	37775
33192	37748
33228	38169
33231	44226
33249	42338
33254	43928
33255	34525
33268	35212
33269	39415
33284	60224
33291	37029
33313	34526
33318	56301
33319	35258
33323	39737
33334	37208
33341	39952
33352	44127
33368	34535
33378	36040
33399	36036
33403	37942
33407	40460
33423	35845
33436	37496
33441	38130
33446	39457
33458	41168
33465	39539
33481	55079
33491	51440
33502	48095
33503	33952
33505	37783
33513	39180
33516	38467
33549	43925
33550	44386
33557	44165
33591	35582
33608	37407
33628	34683
33639	36312
33641	35602
33649	36367
33653	40460
33654	35213
33685	35056
33690	51751
33696	45381
33698	43918
33711	44992
33716	36492
33718	39827
33731	37185
33736	45341
33756	34729
33759	43128
33760	36173
33765	36186
33777	34215
33778	35007
33790	34880
33797	46203
33806	45053
33825	38936
33830	45373
33850	37044
33860	39884
33861	39195
33880	36208
33884	40576
33923	37548
33936	45320
33940	38419
33942	38265
33944	34622
33947	44087
33954	36570
33960	34816
33962	37879
33974	34404
33981	34803
33993	34812
34003	35460
34016	37569
34020	38018
34021	35950
34025	34045
34027	35508
34065	37537
34069	36834
34080	35183
34087	34314
34101	35777
34102	40742
34113	41256
34114	34693
34123	34920
34154	36900
34162	51292
34165	37664
34187	41861
34192	39604
34198	35490
34199	34856
34204	37062
34223	42036
34226	36211
34235	35209
34236	49504
34257	38384
34269	34818
34315	39368
34316	36172
34322	43404
34326	50551
34328	40832
34338	49350
34342	40888
34352	37628
34367	34593
34372	37704
34375	37326
34390	36892
34403	37448
34427	37585
34440	38177
34443	44294
34448	41039
34479	36342
34485	35454
34488	38771
34509	43657
34510	40517
34513	36046
34514	34531
34515	47744
34526	43276
34527	38177
34533	38251
34534	44194
34537	41059
34538	34604
34542	36798
34545	41760
34546	41195
34555	38132
34565	40683
34578	36718
34579	35287
34585	38313
34594	38139
34614	36781
34653	38912
34660	38819
34670	35120
34672	34986
34682	47823
34685	38149
34686	38297
34704	46228
34706	37016
34751	36381
34771	38632
34778	49921
34790	44877
34799	48127
34807	35509
34844	39894
34845	50646
34847	37427
34879	53112
34892	40632
34902	36229
34911	36093
34916	36367
34964	39498
34965	48426
34968	41670
34971	35224
34986	36035
34992	39403
35016	41990
35019	46711
35021	47365
35027	35288
35032	41445
35035	35996
35048	37921
35057	44347
35084	35570
35101	38222
35116	39551
35121	42328
35124	36350
35136	35426
35147	35170
35155	39024
35190	42134
35199	39724
35225	42009
35226	37952
35253	35337
35261	42438
35264	44342
35279	35932
35280	35387
35307	40091
35317	42726
35321	44366
35326	49567
35342	37408
35350	41213
35351	36327
35356	35953
35362	40047
35384	53026
35388	41743
35418	37312
35427	55817
35437	39620
35445	37243
35448	47392
35455	43921
35456	37539
35500	42945
35501	40551
35509	50848
35516	39691
35543	39462
35546	54165
35547	37102
35555	41571
35557	43574
35564	38371
35570	43239
35574	38051
35582	42294
35600	38124
35611	37324
35614	41957
35630	37320
35643	35795
35645	40888
35656	47966
35677	35775
35681	41460
35695	39534
35698	35773
35710	35902
35714	38427
35724	52233
35730	36425
35734	38080
35739	37102
35740	37363
35746	37280
35751	40340
35768	39860
35782	40039
35784	38027
35786	37992
35803	38028
35834	36311
35835	44960
35845	39500
35848	37370
35850	36664
35860	43808
35861	40185
35877	36060
35891	44175
35901	44807
35903	45650
35921	43351
35924	40009
35925	38673
35926	35966
35933	43380
35949	36526
35952	40516
35959	39271
35964	38726
35965	36572
35970	43379
35980	50948
35994	38040
35997	66789
36006	36565
36007	42837
36010	51413
36038	36654
36045	37562
36068	42819
36074	36441
36090	37162
36093	40677
36100	38195
36114	39991
36117	36723
36121	39930
36124	42449
36130	41446
36169	41364
36175	40424
36197	41181
36200	36422
36202	36962
36211	46169
36220	55465
36234	36379
36246	41606
36266	52420
36268	37699
36270	39815
36287	42967
36306	38284
36311	37383
36325	37269
36337	38178
36340	38274
36342	38757
36352	38965
36359	44289
36395	40108
36406	41647
36410	44816
36420	40490
36436	39258
36442	48466
36461	46596
36466	38595
36469	36890
36476	36714
36479	39888
36491	46135
36493	40457
36522	46143
36552	55989
36560	39049
36563	52337
36565	37270
36578	43756
36583	36790
36585	37767
36586	50474
36591	37766
36620	36816
36624	41555
36626	37468
36629	39113
36661	44222
36669	52081
36680	37719
36710	39940
36712	46586
36716	47632
36726	36759
36729	42298
36735	36920
36737	41204
36747	43603
36775	39629
36788	40180
36798	40581
36840	37440
36862	41463
36873	38471
36875	38016
36889	39254
36900	39343
36903	40174
36913	37686
36919	40781
36923	37981
36938	56059
36942	40344
36965	43677
36968	39473
36972	38756
36982	38138
36991	46421
36993	41103
37024	42331
37025	38063
37040	39933
37053	42768
37058	39175
37078	37560
37079	43982
37082	37114
37085	37507
37104	49084
37111	53746
37121	44527
37142	39542
37145	47398
37162	38436
37169	38615
37191	37494
37195	45382
37207	42107
37213	38338
37217	39343
37219	39420
37221	40340
37225	55115
37235	38387
37244	40182
37245	43332
37272	37378
37288	39277
37302	47300
37311	54428
37312	52676
37334	41530
37345	39076
37371	39252
37393	52701
37400	46389
37401	37786
37426	39157
37428	49010
37460	39921
37468	39170
37473	40866
37476	42019
37477	39420
37487	43579
37496	43754
37513	46448
37516	37626
37601	41082
37617	48260
37618	37620
37630	37713
37636	49520
37639	38192
37660	51220
37688	41349
37695	44940
37703	38006
37713	43355
37729	40302
37741	39130
37758	38354
37777	39401
37782	44096
37802	39392
37825	39669
37827	39073
37829	55355
37840	38278
37844	46645
37854	38998
37865	52393
37866	42723
37872	38757
37873	40172
37879	39563
37881	45572
37890	43791
37899	47988
37907	47855
37908	42211
37911	53257
37927	44974
37956	40862
37960	37984
37964	41090
37973	40094
37978	39875
38005	38035
38030	47467
38035	38106
38046	43091
38048	38099
38050	48792
38056	42810
38058	43170
38066	41915
38069	50141
38079	41815
38095	41408
38100	40480
38102	44050
38111	39044
38113	40752
38127	42357
38138	39910
38147	45506
38149	40301
38150	43612
38153	39553
38175	54559
38176	52272
38181	52026
38192	40356
38197	44223
38207	44896
38214	40881
38248	52146
38252	42303
38268	49311
38273	41023
38281	39723
38285	38917
38297	43565
38320	39241
38324	39340
38352	39846
38358	39509
38363	43371
38364	40610
38368	39962
38376	50383
38382	40404
38404	41325
38409	39280
38419	40641
38446	38812
38447	42872
38453	38645
38456	41182
38474	46625
38485	40110
38497	40940
38500	41283
38506	46035
38520	48770
38521	40132
38583	41482
38624	46792
38630	48949
38640	43375
38648	39407
38660	39383
38664	40369
38668	41598
38671	46211
38674	39081
38694	43086
38699	41482
38700	58849
38709	38814
38730	39644
38739	39423
38743	49422
38746	51656
38752	54247
38754	44073
38760	38928
38782	57803
38789	58416
38831	40737
38833	39203
38850	40550
38858	39049
38874	43175
38879	47512
38882	56068
38889	40378
38898	69703
38902	41514
38910	41586
38912	54252
38920	41435
38924	39233
38930	42283
38944	50392
38959	40141
38971	41419
38980	39721
38988	45907
38994	58944
39012	44126
39024	40843
39050	61845
39054	39749
39057	42555
39060	43082
39064	44116
39068	48088
39070	42704
39090	48862
39101	41535
39111	39465
39117	39526
39129	43783
39144	45458
39151	40928
39179	41153
39218	42430
39222	41514
39247	39320
39268	39502
39304	42067
39307	59375
39321	49036
39325	40598
39336	46673
39339	41386
39346	41635
39351	56106
39360	53500
39362	40921
39366	61093
39392	40726
39398	41684
39399	51973
39448	42698
39450	45835
39461	42093
39475	40026
39479	55507
39497	60308
39507	43223
39519	45373
39556	40807
39583	40597
39587	46524
39588	48391
39607	46275
39618	52366
39620	42293
39621	39929
39633	41576
39640	41491
39643	40838
39644	42572
39664	40406
39665	40677
39679	44428
39687	47046
39694	44446
39696	40487
39700	41731
39704	42167
39728	40361
39771	39925
39787	42886
39790	41008
39798	40726
39803	40084
39809	49038
39815	40587
39828	40687
39843	44918
39871	42162
39873	46136
39885	41716
39900	45404
39917	45822
39918	48787
39927	43570
39928	40363
39930	40876
39933	42955
39941	40384
39944	42593
39973	40958
39987	49026
39992	55406
39996	41597
40010	46608
40015	43943
40053	43823
40055	46208
40059	46373
40067	41872
40077	44760
40085	46922
40089	47904
40104	41243
40114	40817
40118	63792
40121	59661
40127	56441
40130	46764
40135	42071
40140	57545
40161	41541
40200	52591
40214	44591
40220	46678
40223	49295
40231	40770
40234	57195
40238	42727
40240	42113
40241	44829
40244	49955
40262	43185
40282	65179
40286	69618
40294	43210
40317	41128
40360	43357
40368	44468
40394	53626
40409	40593
40427	46178
40436	42176
40440	47646
40442	44917
40446	58745
40449	72612
40458	42854
40465	42567
40469	51626
40477	53038
40490	46820
40494	42181
40500	40581
40506	48449
40529	45006
40543	50756
40576	42342
40608	42979
40613	41923
40618	43646
40622	57281
40629	45363
40647	46672
40650	52754
40671	45856
40686	46197
40691	46455
40698	41601
40708	41357
40732	51788
40761	51246
40766	46935
40768	53735
40769	44921
40773	41837
40777	40779
40812	43530
40838	45944
40857	45417
40868	53656
40885	43096
40888	41676
40895	46404
40897	44564
40907	42747
40915	51003
40930	44420
40950	49036
40965	51537
40974	46611
40975	47260
40976	43573
40983	48386
40984	52181
40987	42500
40999	44720
41018	45062
41034	44313
41059	41584
41064	45483
41103	43611
41111	41258
41115	42365
41120	48693
41121	42322
41127	50896
41132	46356
41137	43932
41140	41486
41143	42125
41149	43294
41157	46270
41163	41706
41184	53318
41187	41318
41192	42216
41223	46719
41224	42979
41233	47046
41263	42094
41284	43891
41293	50982
41299	44339
41311	57541
41313	42793
41319	47682
41320	43746
41327	49243
41331	44615
41340	42305
41364	42074
41391	47139
41397	48742
41434	57983
41437	47748
41439	49772
41454	51073
41458	53028
41465	43314
41470	42239
41476	55640
41477	43184
41517	41553
41554	45424
41559	52296
41561	50927
41562	44345
41565	60912
41579	49547
41618	43926
41624	42844
41635	42802
41636	44623
41640	45283
41680	45001
41689	49518
41705	42059
41718	44079
41721	43997
41728	45676
41730	44584
41737	49418
41761	49928
41774	49233
41779	44493
41814	48232
41822	53741
41828	45500
41830	45932
41845	50107
41888	43037
41891	51799
41899	42600
41900	42795
41903	46249
41930	51152
41933	51959
41936	42424
41941	49233
41974	43545
41982	50707
41991	45231
41996	66968
42008	45436
42039	47848
42065	49153
42076	42470
42086	50077
42088	43226
42094	48618
42103	45476
42118	44270
42136	44872
42152	45982
42162	55720
42189	44108
42195	65760
42216	44207
42223	42493
42242	44152
42251	43924
42254	48074
42267	42730
42280	44934
42306	46678
42310	53811
42346	42551
42362	45885
42366	44421
42384	47953
42386	54238
42395	48100
42400	46622
42414	43699
42417	45293
42420	47838
42448	45251
42455	47759
42456	46582
42460	56551
42461	43189
42468	49493
42469	44833
42472	45632
42478	51833
42486	43668
42496	48465
42497	45431
42500	47977
42503	47810
42508	57328
42540	43403
42542	45236
42547	45026
42561	44692
42564	56420
42565	44163
42569	43891
42584	48111
42590	45964
42613	51125
42623	53635
42626	43280
42627	44802
42641	44364
42652	43395
42653	44725
42663	44941
42665	44637
42666	42900
42674	51336
42676	46112
42680	45466
42690	43420
42713	49749
42717	46424
42727	44053
42729	50467
42748	47446
42761	44045
42766	72931
42779	44101
42780	47948
42784	46494
42792	43948
42815	46637
42816	45638
42824	59062
42834	70915
42857	47268
42876	47481
42896	46104
42906	46104
42923	43500
42930	45849
42946	44332
42970	50351
42979	45389
42980	44384
42990	43130
42995	45891
42997	47419
43007	44688
43018	45055
43024	44540
43029	44616
43032	44533
43061	50407
43068	43522
43070	43860
43075	56556
43078	49407
43112	44176
43124	43524
43148	44242
43150	45238
43151	44212
43177	45566
43186	43798
43222	48858
43230	43807
43249	49809
43252	49212
43254	51305
43273	47989
43279	48176
43290	44544
43294	46733
43312	61009
43318	44045
43331	55651
43333	57299
43375	46618
43385	45717
43390	45676
43396	49236
43418	49852
43423	48426
43441	54794
43442	46643
43443	43868
43446	51358
43453	49238
43457	45316
43461	45265
43476	46959
43481	45018
43489	50566
43491	45866
43509	45005
43516	57106
43518	50009
43529	44537
43531	57843
43547	45938
43568	44298
43574	45353
43582	60192
43605	54424
43610	44147
43632	46133
43634	47075
43638	44589
43650	46517
43663	48490
43665	44670
43668	44718
43672	49532
43687	51728
43706	44395
43709	50761
43710	49350
43717	49006
43719	47585
43721	46957
43730	46798
43743	45696
43746	46562
43757	48636
43759	45729
43762	43763
43766	44298
43775	43890
43789	47746
43790	44622
43805	50213
43831	49088
43842	44617
43850	48764
43852	54171
43862	54448
43867	53838
43884	47374
43904	44145
43906	51706
43907	71926
43924	44240
43939	47064
43942	46876
43945	50477
43950	44912
43955	47017
43970	54378
43972	45228
43973	64479
43985	44295
43991	45233
43992	44926
44000	58722
44003	52547
44031	48309
44046	50396
44050	48819
44068	44805
44074	44482
44113	46216
44115	53127
44116	50623
44125	45598
44126	45425
44142	51872
44159	45350
44163	44204
44166	62474
44170	71168
44182	50580
44197	46517
44199	49427
44208	50498
44219	44759
44235	44777
44247	44317
44249	44711
44269	47347
44270	49739
44279	46427
44302	48653
44306	49838
44320	63497
44323	46622
44355	50479
44372	45534
44382	44997
44398	44669
44399	44597
44406	52524
44434	56201
44442	51949
44453	47400
44467	46682
44479	47145
44499	46657
44503	55518
44506	60316
44508	48272
44511	49088
44516	44895
44517	45852
44523	48630
44535	66274
44548	78046
44563	46796
44565	52896
44572	50586
44574	46345
44592	48962
44599	45941
44601	46676
44632	50158
44646	48307
44656	45987
44662	48419
44669	56806
44686	48255
44751	49187
44755	51915
44777	45306
44786	49899
44787	54717
44790	56086
44811	48705
44814	46052
44815	45716
44821	45619
44831	60613
44845	49788
44848	45738
44853	46365
44859	45729
44872	48807
44886	54452
44910	51323
44914	48696
44933	45092
44945	50532
44958	46091
44959	50708
44964	46255
44976	47999
44980	47046
45014	51529
45025	46957
45036	49614
45045	45797
45049	45926
45051	53691
45055	45215
45062	45453
45067	47610
45071	51245
45075	47039
45077	46635
45087	53523
45089	52549
45120	57889
45130	47669
45134	45950
45137	50314
45149	47950
45150	59388
45155	53706
45157	51869
45172	49869
45183	45845
45195	46410
45214	45688
45227	46108
45233	46104
45234	45944
45242	52735
45260	50168
45269	45851
45270	55997
45278	47816
45284	50151
45289	48495
45294	47387
45295	47879
45303	50760
45305	49382
45309	48798
45311	50860
45313	55458
45322	47890
45330	50477
45331	48553
45338	49452
45346	48219
45355	51173
45365	47280
45376	52995
45379	46313
45382	50248
45386	60656
45389	49514
45393	47915
45406	48041
45419	53968
45430	55356
45440	49172
45451	45590
45457	61860
45458	58644
45459	66158
45475	46050
45509	48448
45516	47980
45520	50937
45549	58842
45564	46083
45570	58038
45572	45998
45575	47750
45588	55513
45597	46621
45619	48874
45628	50128
45630	45964
45631	48177
45637	46423
45648	55781
45652	47891
45653	50050
45661	52406
45663	45672
45667	63746
45697	54960
45707	60456
45712	61300
45731	48687
45744	48791
45760	45837
45779	53755
45790	63296
45806	45895
45862	55022
45873	45895
45880	60637
45889	46845
45912	46536
45914	48087
45917	50274
45920	53301
45925	53703
45928	46928
45935	47044
45972	47142
45973	51798
45975	54816
45983	65185
46016	51079
46024	47307
46037	49213
46038	46895
46043	49160
46052	46233
46086	48219
46093	49356
46095	49076
46100	58463
46111	47954
46126	52832
46132	48686
46136	50646
46162	51586
46169	50418
46187	50982
46215	52010
46220	46355
46226	48622
46243	52478
46248	58030
46284	50986
46287	47059
46291	65987
46298	51317
46319	47781
46320	50318
46338	50113
46339	47868
46356	53367
46372	51095
46375	57459
46383	51178
46386	50749
46392	48147
46402	49870
46411	47849
46442	51281
46452	48531
46468	49515
46474	58844
46486	48838
46512	47073
46519	48390
46528	48299
46531	49419
46542	49554
46544	52882
46549	51595
46571	46604
46572	48815
46582	53149
46606	55330
46617	46666
46627	56206
46642	47225
46647	46958
46659	49354
46667	49593
46670	50212
46678	49220
46723	52070
46733	49268
46744	47268
46758	47231
46764	47186
46767	55434
46771	49010
46782	54066
46810	48104
46824	48822
46826	72845
46836	64523
46855	50408
46862	55282
46868	47502
46878	47201
46901	56440
46908	55408
46910	49062
46914	48980
46917	55453
46922	49756
46929	53705
46942	48756
46953	49717
46962	48769
46963	47236
46968	51897
47010	62554
47025	50428
47033	47102
47034	49894
47043	48048
47048	47162
47052	50033
47055	48828
47071	50529
47072	54017
47084	48587
47093	63245
47109	47191
47111	55498
47133	56780
47134	48398
47157	48180
47166	49020
47173	56463
47187	60786
47190	49298
47198	47425
47207	48337
47231	49089
47246	54582
47247	50382
47249	53462
47275	51187
47276	49118
47310	48736
47330	49438
47334	87362
47357	47758
47365	50029
47369	55674
47381	48678
47400	52488
47406	48085
47409	51270
47410	50877
47412	47628
47430	47626
47455	54340
47462	47527
47472	55954
47478	51230
47505	52161
47515	50530
47530	52073
47538	47978
47543	50977
47549	49539
47555	50510
47581	51567
47596	49921
47615	53737
47617	47831
47628	49707
47651	53736
47672	49719
47680	49823
47704	50274
47719	49854
47722	50052
47731	48645
47743	56099
47752	50421
47759	56847
47766	50664
47772	48640
47805	51220
47821	49130
47824	54648
47828	52006
47840	53012
47848	54761
47881	50328
47883	49717
47895	49303
47910	67384
47923	53548
47932	55283
47937	48094
47942	56038
47944	57550
47946	54202
47951	57451
47970	48113
47974	55089
47977	57137
47983	49998
47987	55357
47995	48436
47997	48951
47998	57025
48000	59677
48004	50888
48010	50676
48012	50473
48027	52546
48029	64004
48098	48877
48100	54948
48105	50128
48124	59387
48128	55537
48134	48403
48142	51343
48153	50433
48154	50529
48168	52373
48171	51106
48207	52026
48220	63629
48225	48767
48247	51191
48265	50726
48270	53453
48276	63037
48287	52161
48292	50807
48303	52089
48309	61104
48314	50595
48321	58104
48330	50442
48346	52472
48374	48407
48404	51476
48405	60201
48415	52595
48417	55114
48426	55284
48428	50352
48437	50865
48442	49011
48447	51314
48469	49259
48486	57351
48493	54850
48518	49207
48532	49334
48542	53296
48549	50283
48558	52675
48592	64154
48600	53692
48603	59964
48621	51834
48628	55773
48671	52471
48690	56074
48691	57771
48711	52488
48716	54395
48718	51755
48731	65221
48750	63617
48792	52501
48793	52898
48801	55682
48833	64262
48835	53989
48844	61486
48880	49682
48891	64448
48897	50836
48898	54918
48925	53387
48939	52441
48963	53376
48967	59208
48972	49528
48974	51992
48979	49743
48984	50996
48996	50132
49012	50298
49021	60054
49042	52357
49045	50841
49053	54805
49059	49292
49065	49311
49092	49620
49102	60427
49104	50861
49127	50170
49128	56182
49134	51352
49135	51086
49139	50179
49146	54162
49152	55154
49190	55382
49196	49596
49199	49741
49222	50033
49224	54831
49229	53307
49276	54059
49278	52553
49279	50058
49281	56564
49284	59780
49290	50572
49302	49346
49305	50070
49322	56271
49324	66972
49332	51606
49334	60150
49336	55648
49337	56670
49353	52609
49355	50917
49356	50903
49401	50053
49435	51634
49441	53938
49442	58370
49450	52835
49459	54283
49469	50210
49496	49696
49518	51575
49531	52827
49539	50609
49550	58508
49555	51687
49565	70318
49571	58764
49587	51026
49613	52432
49624	50148
49638	55741
49649	65281
49680	56891
49682	56774
49686	56638
49692	54203
49707	57311
49720	53783
49754	49933
49787	58714
49792	54882
49804	50974
49809	51162
49828	51513
49830	55288
49846	62980
49862	60382
49865	55270
49871	52526
49875	51803
49893	51623
49897	51498
49924	52491
49925	54142
49944	50261
49949	51044
49953	54495
49962	58173
49971	51205
49981	62439
49993	63116
49996	52595
50018	56283
50020	53481
50041	61952
50057	54247
50068	55557
50069	51057
50073	61148
50081	53328
50096	51224
50097	51749
50100	87641
50117	50400
50119	51187
50131	50692
50136	59965
50142	61887
50143	56344
50152	55723
50162	73452
50164	50305
50173	54636
50177	61516
50181	58967
50198	51450
50204	52522
50218	50308
50224	54039
50225	53452
50234	58103
50238	53066
50262	56023
50267	51929
50284	51338
50285	60560
50296	57423
50306	51128
50307	50643
50332	51986
50343	68288
50346	64012
50349	57379
50360	52262
50364	54760
50374	51823
50383	55904
50393	55714
50400	55382
50404	52368
50407	64828
50418	60674
50422	52344
50424	50639
50433	51759
50448	57484
50455	54549
50460	55331
50461	56735
50463	66569
50508	68823
50524	66935
50525	59675
50530	53154
50542	57864
50549	58098
50564	60991
50578	61944
50587	64285
50593	59290
50594	50976
50599	52154
50623	53352
50632	51736
50634	52926
50661	60848
50666	54702
50669	53350
50675	54663
50685	57012
50694	56578
50695	51269
50697	59552
50701	50739
50702	70908
50703	54375
50710	55591
50725	50756
50731	52237
50732	54400
50734	56276
50736	64139
50744	51678
50761	52083
50764	51027
50792	58847
50794	51285
50795	52688
50805	54284
50810	51271
50816	56989
50831	56506
50838	67995
50841	50944
50857	60023
50858	53274
50860	53759
50864	56324
50876	57317
50897	53622
50903	54271
50909	56367
50931	60640
50948	59969
50954	56568
50961	65155
50966	55574
50971	53571
50979	53535
50983	54276
50990	57698
50992	56188
50997	52640
51001	51142
51020	58718
51025	56798
51030	56896
51062	65035
51069	55320
51086	58229
51089	59787
51094	58668
51105	53258
51107	51526
51117	52705
51123	51990
51129	55401
51145	53919
51161	53749
51189	51582
51195	52829
51204	62161
51207	52875
51217	54885
51219	62608
51234	52455
51254	52447
51256	61298
51262	58188
51264	51911
51276	53871
51284	52684
51287	53991
51293	52513
51325	53330
51327	55968
51350	51845
51356	52800
51366	54170
51378	56825
51391	53193
51406	62126
51414	55091
51417	58105
51448	53978
51453	58396
51463	53462
51483	52199
51486	61394
51505	52267
51507	55081
51531	58301
51539	60731
51543	62328
51563	54141
51571	56809
51582	51727
51617	58510
51619	53333
51639	52117
51643	51788
51653	52082
51660	58657
51663	52086
51666	54511
51675	52987
51693	58987
51695	68482
51700	53735
51708	51982
51716	57385
51751	54701
51754	53569
51764	55908
51774	53755
51782	63848
51795	58609
51796	56084
51805	63061
51809	54975
51830	59290
51831	58453
51833	78292
51845	52770
51868	54433
51873	62851
51889	65910
51913	56001
51920	52806
51947	59203
51964	54068
51971	53621
51973	63672
51984	52015
51990	53322
52000	65302
52003	53116
52013	52453
52025	52902
52026	52179
52035	59048
52036	53066
52067	53117
52077	56797
52079	75310
52080	54306
52081	59255
52083	54387
52104	55340
52115	60188
52137	53038
52141	53881
52142	52303
52145	62642
52153	52949
52158	54096
52173	63024
52174	52420
52188	72847
52191	52273
52198	66230
52205	59548
52209	62067
52215	61933
52242	54416
52246	52340
52264	56165
52265	53491
52284	54686
52290	62621
52295	56209
52298	55295
52302	54823
52307	66701
52308	52641
52317	53755
52329	63576
52332	56623
52337	56885
52348	61258
52366	54731
52382	75285
52389	56581
52391	56226
52417	54624
52422	52970
52423	54160
52429	53325
52444	54129
52446	56448
52467	62362
52489	53255
52493	56051
52502	58492
52505	52592
52507	54213
52554	56531
52612	73655
52622	54886
52628	56244
52629	54104
52639	54702
52654	53193
52667	55080
52672	60001
52678	65246
52682	54942
52695	54300
52701	54107
52724	54117
52732	56785
52733	58486
52734	53887
52740	60579
52756	58540
52761	53081
52766	63626
52796	60285
52807	63457
52809	56116
52811	56080
52813	60968
52816	57112
52817	58382
52822	56244
52827	57974
52831	54186
52851	55803
52876	53437
52882	55513
52884	68171
52894	60687
52908	80305
52925	60690
52928	67230
52939	53450
52949	59146
52957	56314
52990	55396
52996	54757
53030	57904
53037	64473
53059	61948
53073	56803
53084	54849
53104	53689
53118	56575
53128	63976
53153	59447
53155	57261
53158	53589
53189	60714
53193	59207
53200	54878
53202	60299
53246	54329
53247	55900
53252	59808
53256	53943
53264	53929
53296	56680
53312	59526
53326	62364
53334	55445
53336	58919
53342	57567
53346	57062
53371	59386
53385	64532
53396	54212
53402	55265
53404	65548
53413	57145
53422	54448
53443	59510
53457	71763
53474	53771
53493	54041
53535	55882
53540	53719
53566	65274
53567	57654
53576	54480
53587	54097
53589	53699
53593	57431
53606	59357
53608	56513
53614	54127
53618	54276
53620	64873
53630	67851
53640	56446
53645	58428
53653	57191
53658	57843
53667	54703
53674	54449
53675	56396
53686	57460
53687	56443
53691	56763
53702	60908
53712	56564
53737	55457
53738	55295
53741	54759
53757	62173
53768	55872
53779	55041
53800	58064
53808	68776
53811	54447
53820	53905
53824	58001
53831	56654
53837	64353
53844	61460
53858	55769
53863	56198
53866	65112
53869	61447
53879	56663
53880	56072
53893	54684
53896	67508
53899	64833
53900	76019
53904	53942
53906	66348
53908	54657
53915	55621
53923	54484
53932	61841
53937	56918
53942	57832
53943	62913
53952	58060
53962	75587
53984	58735
53989	54145
54000	68032
54007	54289
54009	71855
54024	61303
54032	54288
54042	57865
54043	55142
54084	72802
54105	60226
54114	56136
54115	56885
54119	60692
54127	55352
54130	55892
54132	59795
54137	60167
54148	55467
54178	55411
54180	58667
54183	54924
54190	55619
54218	54255
54222	56234
54231	58099
54234	56581
54238	56044
54239	56562
54245	56547
54255	56274
54273	56685
54295	59378
54322	62941
54326	57901
54328	60550
54333	55290
54377	59654
54378	61466
54384	57554
54388	64163
54416	59564
54427	56604
54469	62776
54475	55490
54481	55524
54487	55869
54490	60484
54495	61593
54511	56349
54522	71828
54527	55324
54542	63079
54561	58598
54565	59946
54567	57820
54577	59069
54582	61208
54589	56311
54592	56338
54596	56667
54598	59398
54612	58842
54621	56621
54644	66348
54675	56148
54678	58220
54690	58600
54706	57324
54725	55812
54737	56833
54745	56767
54746	56676
54763	55068
54768	57747
54772	57116
54783	59389
54796	61000
54800	54845
54811	64280
54815	60397
54821	57964
54824	54856
54862	70028
54871	59753
54873	61932
54879	56323
54888	56356
54893	56961
54895	57622
54905	67082
54935	56069
54943	56104
54954	56405
54959	57780
54986	58444
54998	65206
55009	55705
55015	56231
55024	56751
55034	56889
55062	59202
55090	64277
55093	57868
55108	57860
55121	58126
55131	56139
55137	57539
55143	56114
55166	62669
55178	56916
55181	55872
55182	66513
55188	67172
55190	79141
55200	61991
55213	56812
55217	55271
55219	63675
55254	76178
55261	63829
55263	56523
55275	56419
55277	57597
55278	57729
55285	65127
55292	63563
55293	56776
55298	61493
55306	56664
55310	59954
55318	56348
55326	64000
55327	56852
55334	58966
55339	60415
55340	62996
55350	55512
55351	55363
55360	58509
55388	58800
55392	57323
55408	65091
55413	55941
55420	55480
55437	63290
55457	73311
55472	57675
55476	57538
55477	74575
55481	57450
55492	55701
55512	65780
55517	61024
55527	61338
55530	56535
55531	57390
55533	62551
55535	67523
55540	57526
55541	58479
55578	56547
55618	57332
55623	59263
55624	56322
55626	55865
55628	56239
55643	56125
55645	56577
55655	72100
55656	57460
55668	68547
55675	56841
55676	57471
55683	57243
55684	63731
55685	62772
55686	60169
55690	67050
55693	65813
55724	61750
55745	65707
55755	64756
55762	57957
55768	56251
55783	61613
55799	62736
55809	60956
55811	65060
55821	60422
55828	63796
55835	57594
55847	57872
55861	69074
55862	57839
55872	58050
55876	57168
55884	56243
55887	58792
55893	62719
55905	67068
55928	57116
55954	56503
55959	61881
55972	64232
55978	56535
56010	58226
56021	57383
56033	57337
56034	59032
56048	59855
56049	56617
56053	62939
56059	57907
56065	58422
56072	77847
56075	57021
56079	64871
56088	56666
56090	56987
56114	57511
56130	63344
56132	56223
56138	58804
56153	60588
56174	62335
56184	60080
56192	57711
56208	67369
56233	58711
56235	83708
56237	68764
56254	58424
56266	56948
56275	56883
56301	58447
56304	62131
56309	60278
56319	57495
56330	58619
56331	66031
56373	74317
56386	57949
56400	62348
56418	58769
56445	61741
56455	60461
56466	70783
56497	59273
56499	61075
56506	64999
56511	79018
56518	59783
56534	59734
56536	57321
56538	60103
56547	57341
56549	58195
56577	57054
56579	58549
56592	56900
56594	64963
56595	58914
56596	63384
56617	56742
56622	65191
56626	58179
56630	58158
56639	58321
56640	59736
56667	56685
56675	56761
56688	57801
56697	75057
56714	61711
56769	68948
56787	72482
56788	59420
56793	58780
56811	57631
56832	61875
56843	62720
56852	63919
56871	57628
56877	58063
56879	58857
56903	58415
56910	61012
56916	60832
56925	57322
56940	60223
56946	75628
56966	59220
56996	62464
56997	63638
57002	60158
57019	61777
57028	60625
57045	70540
57049	62646
57052	60938
57061	57168
57078	68679
57094	58160
57106	59665
57139	76767
57147	57243
57175	62718
57187	60965
57202	58621
57215	68781
57244	60821
57245	57481
57246	57300
57255	67125
57261	60880
57265	61140
57266	59412
57267	62412
57292	62728
57300	65847
57302	63952
57313	60609
57345	65746
57350	66141
57363	66934
57387	59055
57400	67444
57406	59249
57415	62255
57423	79268
57442	59762
57443	57967
57460	64371
57466	70105
57472	57623
57522	63641
57530	58127
57532	63409
57546	59128
57554	59287
57562	63174
57574	60869
57575	83509
57580	61570
57601	64419
57622	63746
57648	58804
57652	61723
57660	59833
57671	73607
57673	64706
57691	64124
57699	60231
57704	58814
57715	63770
57727	60048
57765	66166
57774	57855
57785	57914
57786	58559
57806	60641
57809	58997
57811	63191
57818	91234
57832	62336
57837	83958
57847	58445
57852	60822
57859	84690
57862	66163
57897	66407
57899	66373
57911	58223
57914	59228
57922	58496
57965	61303
57966	59875
57972	85703
57995	66114
57998	58926
58013	67743
58049	60728
58054	61075
58056	59862
58062	58206
58085	67296
58096	65116
58109	59530
58126	66219
58138	58955
58140	58183
58146	60972
58167	66241
58175	67614
58182	58234
58195	65610
58204	60457
58219	59152
58227	66738
58229	58985
58233	59384
58252	62734
58259	63895
58267	67651
58272	60042
58281	62811
58297	59018
58308	65382
58334	62829
58341	59105
58353	59343
58367	65727
58380	65797
58385	59124
58394	67369
58418	60377
58423	58924
58433	64668
58439	66733
58446	61950
58453	63861
58514	75809
58524	68042
58551	64293
58560	68334
58569	62181
58579	68692
58587	68309
58597	64313
58604	60012
58619	69720
58623	58837
58656	62391
58662	64226
58695	66747
58706	60042
58712	70376
58721	60135
58742	69207
58747	63218
58765	60109
58767	61660
58808	58845
58825	62685
58854	68121
58872	58959
58880	60698
58889	62007
58899	66163
58907	59768
58919	59724
58925	62054
58943	62151
58958	63272
58961	62142
58965	66374
58969	59070
58974	63067
59015	59431
59017	63660
59020	62463
59053	65191
59057	59457
59090	68315
59132	61576
59133	68601
59154	72299
59164	63552
59181	64082
59186	63904
59193	75750
59194	63589
59195	61099
59215	61549
59223	67128
59228	59917
59229	62105
59270	61482
59272	67119
59277	64718
59280	68513
59288	63405
59295	59755
59309	59385
59314	63999
59330	69077
59342	62990
59346	60283
59359	65177
59374	60231
59377	62741
59392	67660
59396	60860
59398	60781
59401	64226
59416	61677
59420	91722
59426	60061
59434	60380
59435	64067
59438	67904
59439	64687
59447	60755
59453	62588
59456	63681
59462	62628
59464	72366
59469	62098
59485	62777
59514	64466
59522	61711
59532	62913
59537	72476
59539	64468
59546	60668
59595	73004
59597	63079
59609	61977
59611	59934
59629	72926
59633	62302
59634	79856
59636	63704
59642	61415
59656	63419
59657	61639
59661	62677
59669	64089
59672	60626
59690	61479
59699	73633
59702	63806
59720	64883
59753	74833
59755	71556
59756	61947
59757	61451
59763	63311
59781	62602
59788	60544
59790	60177
59813	72210
59850	67899
59867	62324
59893	61659
59902	64437
59927	66940
59948	62944
59954	71744
59959	63974
59967	68521
59974	65614
59975	64683
59989	66090
59999	61468
60021	60303
60027	63510
60044	71250
60059	64088
60091	63834
60124	63349
60135	73797
60136	65144
60151	69263
60152	63687
60162	61641
60166	60822
60180	60356
60198	94015
60200	61824
60211	61116
60224	80717
60230	66020
60232	60778
60251	61449
60252	60681
60260	64584
60267	74965
60269	69989
60281	61204
60291	61147
60336	61613
60337	62831
60344	60594
60350	62144
60352	69911
60366	72925
60375	60651
60376	64646
60394	63741
60395	75321
60423	67112
60424	64998
60427	64186
60430	61546
60444	62280
60454	69278
60465	66974
60468	70423
60480	71266
60506	71975
60510	64688
60512	60900
60517	64191
60519	67945
60520	62182
60523	64436
60529	67822
60530	63218
60551	61490
60557	85407
60565	61934
60573	61777
60578	66007
60584	61449
60587	72590
60599	61020
60604	61112
60610	61976
60613	82918
60614	70267
60637	61596
60649	61396
60650	61305
60652	65893
60691	65477
60692	64036
60694	66894
60711	61717
60725	63236
60735	60850
60739	65672
60741	79046
60761	64494
60771	64807
60773	67239
60774	79623
60776	62168
60810	60893
60844	61370
60856	64999
60869	63967
60878	61875
60881	64219
60884	71674
60896	64221
60903	62848
60907	61535
60908	63455
60913	88138
60914	65884
60920	69762
60930	64055
60944	61600
60973	62918
60976	66032
60984	67456
60993	64746
61002	61826
61013	63535
61044	61615
61053	64073
61069	61384
61070	63689
61073	68738
61081	67508
61101	69248
61108	62296
61109	62035
61132	61195
61135	61444
61151	63810
61166	62423
61169	61548
61172	61584
61173	74077
61176	67581
61192	67008
61234	62921
61239	62815
61241	62251
61263	61332
61300	61942
61307	66344
61314	79768
61316	65562
61321	63597
61326	62525
61330	68641
61334	66118
61356	69887
61359	65108
61369	65081
61386	65964
61393	61640
61404	64631
61405	74921
61412	66675
61435	65396
61448	62261
61450	63298
61454	61931
61455	64515
61484	65101
61512	62684
61519	67654
61531	66900
61538	63822
61548	70908
61561	61677
61569	64873
61571	61665
61594	66671
61600	63458
61618	69535
61638	74712
61641	95718
61643	70775
61668	77575
61672	71485
61694	65591
61709	63796
61712	66656
61718	65465
61729	68797
61746	67585
61753	62107
61762	63263
61776	63198
61796	66502
61808	63133
61818	62991
61828	64127
61833	68199
61840	69619
61841	72829
61843	68256
61859	74078
61872	78528
61887	67370
61927	69037
61930	64683
61933	71355
61953	63860
62004	66382
62008	73887
62022	69154
62027	63731
62029	68012
62043	62172
62049	66488
62058	68751
62064	68406
62073	62806
62079	62295
62093	66714
62094	63615
62096	62525
62116	78768
62138	63561
62154	71215
62166	68300
62177	70890
62191	63870
62206	66020
62224	65129
62231	68937
62233	70378
62253	70656
62255	63495
62271	69649
62298	64459
62312	62645
62318	65712
62324	63358
62344	67257
62348	66232
62351	63951
62356	64495
62357	68248
62361	69827
62365	62852
62368	77061
62370	62754
62373	63933
62382	62946
62412	63229
62414	83426
62427	67697
62430	67045
62432	74851
62434	64569
62441	66929
62456	69479
62458	71887
62471	70600
62474	86358
62489	71669
62494	64588
62514	68450
62530	64484
62587	62655
62596	67046
62601	65819
62614	65654
62625	63570
62629	65086
62633	62882
62635	63082
62638	64210
62646	63418
62665	66598
62687	65702
62693	63457
62696	68736
62698	64015
62704	66126
62715	62860
62726	68813
62735	63531
62739	68996
62759	64406
62764	76278
62773	71930
62791	63074
62795	62805
62796	63601
62801	81872
62808	63800
62822	63769
62832	63593
62873	64557
